[42083.1826, 3, 3702.459, 6, 987.884]
[42083.1826, 1, 0.0, 1, 158.591]
[42083.1826, 1, 0.0, 1, 160.203]
[41525.5767, 3, 2669.7242, 8, 1317.172]
[42083.1826, 1, 0.0, 1, 160.518]
[41525.5767, 1, 0.0, 1, 160.718]
[41525.5767, 1, 0.0, 1, 160.905]
[41641.9363, 6, 2144.5186, 12, 1985.947]
[42083.1826, 1, 0.0, 4, 641.147]
[41641.9363, 1, 0.0, 1, 162.26]
[41303.8261, 11, 4897.9175, 13, 2181.96]
[42083.1826, 1, 0.0, 1, 160.671]
[41641.9363, 1, 0.0, 1, 163.102]
[40949.1024, 7, 3632.57738, 14, 2364.201]
[41525.5767, 1, 0.0, 1, 160.489]
[41641.9363, 1, 0.0, 1, 163.021]
[41303.8261, 1, 0.0, 1, 166.13]
[42160.7566, 1, 0.0, 1, 162.075]
[41525.5767, 1, 0.0, 1, 161.155]
[41641.9363, 1, 0.0, 1, 162.292]
[41303.8261, 1, 0.0, 1, 167.643]
[42083.1826, 1, 0.0, 1, 159.244]
[41525.5767, 1, 0.0, 1, 160.366]
[41641.9363, 1, 0.0, 1, 162.459]
[41303.8261, 1, 0.0, 1, 166.356]
[42083.1826, 1, 0.0, 1, 159.164]
[41525.5767, 1, 0.0, 1, 161.096]
[41641.9363, 1, 0.0, 1, 162.984]
[41303.8261, 1, 0.0, 1, 166.747]
[42160.7566, 1, 0.0, 1, 161.288]
[41525.5767, 1, 0.0, 1, 160.497]
[41303.8261, 1, 0.0, 1, 166.561]
[42083.1826, 1, 0.0, 1, 157.838]
[41525.5767, 1, 0.0, 1, 161.592]
[41641.9363, 1, 0.0, 2, 324.042]
[40949.1024, 1, 0.0, 6, 994.302]
[42160.7566, 1, 0.0, 1, 161.722]
[41525.5767, 1, 0.0, 1, 160.966]
[41641.9363, 1, 0.0, 1, 161.156]
[40949.1024, 1, 0.0, 1, 165.665]
[42083.1826, 1, 0.0, 1, 159.118]
[41525.5767, 1, 0.0, 1, 160.754]
[41641.9363, 1, 0.0, 1, 161.604]
[41303.8261, 1, 0.0, 1, 165.24]
[40949.1024, 1, 0.0, 1, 165.503]
[42160.7566, 1, 0.0, 1, 162.027]
[41525.5767, 1, 0.0, 1, 160.161]
[41641.9363, 1, 0.0, 1, 161.3]
[41303.8261, 1, 0.0, 1, 167.188]
[42083.1826, 1, 0.0, 1, 160.082]
[41525.5767, 1, 0.0, 1, 160.734]
[41641.9363, 1, 0.0, 1, 161.826]
[42083.1826, 1, 0.0, 1, 160.063]
[41525.5767, 1, 0.0, 1, 160.379]
[41641.9363, 1, 0.0, 1, 161.278]
[40949.1024, 1, 0.0, 1, 164.807]
[41525.5767, 1, 0.0, 1, 161.24]
[41641.9363, 1, 0.0, 1, 161.939]
[40949.1024, 1, 0.0, 1, 164.544]
[41525.5767, 1, 0.0, 1, 160.602]
[41641.9363, 1, 0.0, 1, 162.197]
[42083.1826, 1, 0.0, 1, 159.465]
[41525.5767, 1, 0.0, 1, 160.599]
[41641.9363, 1, 0.0, 1, 162.792]
[42083.1826, 1, 0.0, 1, 160.333]
[41303.8261, 1, 0.0, 1, 165.468]
[41525.5767, 1, 0.0, 1, 160.839]
[41641.9363, 1, 0.0, 1, 162.054]
[42083.1826, 1, 0.0, 1, 159.195]
[40949.1024, 1, 0.0, 1, 164.4]
[41525.5767, 1, 0.0, 1, 160.112]
[41641.9363, 1, 0.0, 1, 162.604]
[42083.1826, 1, 0.0, 1, 160.034]
[42160.7566, 1, 0.0, 1, 161.806]
[41641.9363, 1, 0.0, 1, 162.319]
[42083.1826, 1, 0.0, 1, 159.492]
[41303.8261, 1, 0.0, 1, 165.423]
[41641.9363, 1, 0.0, 1, 162.794]
[42083.1826, 1, 0.0, 1, 159.594]
[41303.8261, 1, 0.0, 1, 165.346]
[41641.9363, 1, 0.0, 1, 162.616]
[42083.1826, 1, 0.0, 1, 158.658]
[41303.8261, 1, 0.0, 1, 166.016]
[41641.9363, 1, 0.0, 1, 163.072]
[42083.1826, 1, 0.0, 1, 158.671]
[41525.5767, 1, 0.0, 1, 160.703]
[41303.8261, 1, 0.0, 1, 166.086]
[41641.9363, 1, 0.0, 1, 163.175]
[42083.1826, 1, 0.0, 1, 158.581]
[41525.5767, 1, 0.0, 1, 160.082]
[41303.8261, 1, 0.0, 1, 165.49]
[41641.9363, 1, 0.0, 1, 163.069]
[42083.1826, 1, 0.0, 1, 161.132]
[42160.7566, 1, 0.0, 1, 162.1]
[41303.8261, 1, 0.0, 1, 165.053]
[41641.9363, 1, 0.0, 1, 162.415]
[42083.1826, 1, 0.0, 1, 158.039]
[42160.7566, 1, 0.0, 1, 161.994]
[41303.8261, 1, 0.0, 1, 165.502]
[41641.9363, 1, 0.0, 1, 163.251]
[42083.1826, 1, 0.0, 1, 158.618]
[41525.5767, 1, 0.0, 3, 482.958]
[42160.7566, 1, 0.0, 1, 160.856]
[41303.8261, 1, 0.0, 1, 166.591]
[41641.9363, 1, 0.0, 1, 163.616]
[42083.1826, 1, 0.0, 1, 159.462]
[42160.7566, 1, 0.0, 1, 161.865]
[41303.8261, 1, 0.0, 1, 164.158]
[41641.9363, 1, 0.0, 1, 163.563]
[42083.1826, 1, 0.0, 1, 158.592]
[41525.5767, 1, 0.0, 1, 163.49]
[42160.7566, 1, 0.0, 1, 161.412]
[41303.8261, 1, 0.0, 1, 164.821]
[41641.9363, 1, 0.0, 1, 166.035]
[42083.1826, 1, 0.0, 1, 158.829]
[41525.5767, 1, 0.0, 1, 160.644]
[42160.7566, 1, 0.0, 1, 165.725]
[40949.1024, 1, 0.0, 1, 164.418]
[41303.8261, 1, 0.0, 1, 168.769]
[41641.9363, 1, 0.0, 1, 163.008]
[42083.1826, 1, 0.0, 1, 159.2]
[41525.5767, 1, 0.0, 1, 160.633]
[42160.7566, 1, 0.0, 1, 163.075]
[40949.1024, 1, 0.0, 1, 163.96]
[41303.8261, 1, 0.0, 1, 166.044]
[41641.9363, 1, 0.0, 1, 163.145]
[42083.1826, 1, 0.0, 1, 159.652]
[41525.5767, 1, 0.0, 1, 160.765]
[42160.7566, 1, 0.0, 1, 163.613]
[40949.1024, 1, 0.0, 1, 164.137]
[41641.9363, 1, 0.0, 1, 164.305]
[42083.1826, 1, 0.0, 1, 158.91]
[41525.5767, 1, 0.0, 1, 160.14]
[40949.1024, 1, 0.0, 1, 163.787]
[41303.8261, 1, 0.0, 1, 165.595]
[42083.1826, 1, 0.0, 1, 158.628]
[41525.5767, 1, 0.0, 1, 159.825]
[42160.7566, 1, 0.0, 1, 163.292]
[40949.1024, 1, 0.0, 1, 164.264]
[41303.8261, 1, 0.0, 1, 165.543]
[42083.1826, 1, 0.0, 1, 158.835]
[41525.5767, 1, 0.0, 1, 159.849]
[42160.7566, 1, 0.0, 1, 162.486]
[40949.1024, 1, 0.0, 1, 163.693]
[41303.8261, 1, 0.0, 1, 164.524]
[42083.1826, 1, 0.0, 1, 160.509]
[41525.5767, 1, 0.0, 1, 160.343]
[42160.7566, 1, 0.0, 1, 162.977]
[40949.1024, 1, 0.0, 1, 167.86]
[42083.1826, 1, 0.0, 1, 159.472]
[41525.5767, 1, 0.0, 1, 159.723]
[42160.7566, 1, 0.0, 1, 162.431]
[40949.1024, 1, 0.0, 1, 163.773]
[42083.1826, 1, 0.0, 1, 158.492]
[41525.5767, 1, 0.0, 1, 160.135]
[42160.7566, 1, 0.0, 1, 163.524]
[41303.8261, 1, 0.0, 1, 166.066]
[41525.5767, 1, 0.0, 1, 160.282]
[42160.7566, 1, 0.0, 1, 162.243]
[40949.1024, 1, 0.0, 1, 164.409]
[41303.8261, 1, 0.0, 1, 166.45]
[41525.5767, 1, 0.0, 1, 160.93]
[42160.7566, 1, 0.0, 1, 162.016]
[40949.1024, 1, 0.0, 1, 164.132]
[41303.8261, 1, 0.0, 1, 164.28]
[42083.1826, 1, 0.0, 1, 157.943]
[41303.8261, 1, 0.0, 1, 165.533]
[42083.1826, 1, 0.0, 1, 159.182]
[41303.8261, 1, 0.0, 1, 165.535]
[40949.1024, 1, 0.0, 1, 165.122]
[41641.9363, 1, 0.0, 1, 162.495]
[41303.8261, 1, 0.0, 1, 164.497]
[42160.7566, 1, 0.0, 4, 647.45]
[41641.9363, 1, 0.0, 1, 161.667]
[41303.8261, 1, 0.0, 1, 166.438]
[42160.7566, 1, 0.0, 1, 161.528]
[42083.1826, 1, 0.0, 1, 157.814]
[40949.1024, 1, 0.0, 1, 163.65]
[41303.8261, 1, 0.0, 1, 166.45]
[41525.5767, 1, 0.0, 6, 963.583]
[42160.7566, 1, 0.0, 1, 162.047]
[42083.1826, 1, 0.0, 1, 157.007]
[41641.9363, 1, 0.0, 1, 162.559]
[41303.8261, 1, 0.0, 1, 165.829]
[41525.5767, 1, 0.0, 1, 160.557]
[42160.7566, 1, 0.0, 1, 162.533]
[42083.1826, 1, 0.0, 1, 158.516]
[41641.9363, 1, 0.0, 1, 163.255]
[41303.8261, 1, 0.0, 1, 165.599]
[41525.5767, 1, 0.0, 1, 160.578]
[42160.7566, 1, 0.0, 1, 161.94]
[42083.1826, 1, 0.0, 1, 159.995]
[41641.9363, 1, 0.0, 1, 162.741]
[41525.5767, 1, 0.0, 1, 160.332]
[42160.7566, 1, 0.0, 1, 162.266]
[42083.1826, 1, 0.0, 1, 158.861]
[41641.9363, 1, 0.0, 1, 162.438]
[41525.5767, 1, 0.0, 1, 160.425]
[42160.7566, 1, 0.0, 1, 162.054]
[42083.1826, 1, 0.0, 1, 158.618]
[41641.9363, 1, 0.0, 1, 162.144]
[41303.8261, 1, 0.0, 1, 165.381]
[42160.7566, 1, 0.0, 1, 161.596]
[42083.1826, 1, 0.0, 1, 159.5]
[40949.1024, 1, 0.0, 3, 496.618]
[41303.8261, 1, 0.0, 1, 165.214]
[42160.7566, 1, 0.0, 1, 161.203]
[42083.1826, 1, 0.0, 1, 158.477]
[40949.1024, 1, 0.0, 1, 164.759]
[41303.8261, 1, 0.0, 1, 165.954]
[42160.7566, 1, 0.0, 1, 161.185]
[42083.1826, 1, 0.0, 1, 157.709]
[40949.1024, 1, 0.0, 1, 164.548]
[41525.5767, 1, 0.0, 1, 160.02]
[41303.8261, 1, 0.0, 1, 166.07]
[42160.7566, 1, 0.0, 1, 162.416]
[42083.1826, 1, 0.0, 1, 157.597]
[40949.1024, 1, 0.0, 1, 163.614]
[41525.5767, 1, 0.0, 1, 160.311]
[41303.8261, 1, 0.0, 1, 165.537]
[42083.1826, 1, 0.0, 1, 158.051]
[40949.1024, 1, 0.0, 1, 163.746]
[41303.8261, 1, 0.0, 1, 165.666]
[42083.1826, 1, 0.0, 1, 159.0]
[41641.9363, 1, 0.0, 1, 162.114]
[40949.1024, 1, 0.0, 1, 164.572]
[41303.8261, 1, 0.0, 1, 165.439]
[42160.7566, 1, 0.0, 1, 162.585]
[41641.9363, 1, 0.0, 1, 162.03]
[40949.1024, 1, 0.0, 1, 164.228]
[41303.8261, 1, 0.0, 1, 165.414]
[42160.7566, 1, 0.0, 1, 162.604]
[41641.9363, 1, 0.0, 1, 162.599]
[40949.1024, 1, 0.0, 1, 163.754]
[41303.8261, 1, 0.0, 1, 165.025]
[42160.7566, 1, 0.0, 1, 161.7]
[41641.9363, 1, 0.0, 1, 162.229]
[41525.5767, 1, 0.0, 5, 802.653]
[42083.1826, 1, 0.0, 1, 159.62]
[42160.7566, 1, 0.0, 1, 161.17]
[41641.9363, 1, 0.0, 1, 162.369]
[40949.1024, 1, 0.0, 1, 164.956]
[42083.1826, 1, 0.0, 1, 158.579]
[42160.7566, 1, 0.0, 1, 162.114]
[41641.9363, 1, 0.0, 1, 162.732]
[40949.1024, 1, 0.0, 1, 164.915]
[41303.8261, 1, 0.0, 1, 164.719]
[42160.7566, 1, 0.0, 1, 161.431]
[41641.9363, 1, 0.0, 1, 162.376]
[40949.1024, 1, 0.0, 1, 164.755]
[41303.8261, 1, 0.0, 1, 164.616]
[42160.7566, 1, 0.0, 1, 161.446]
[41641.9363, 1, 0.0, 1, 162.502]
[41525.5767, 1, 0.0, 1, 160.051]
[40949.1024, 1, 0.0, 1, 164.771]
[42083.1826, 1, 0.0, 1, 159.843]
[42160.7566, 1, 0.0, 1, 161.263]
[41641.9363, 1, 0.0, 1, 162.945]
[41525.5767, 1, 0.0, 1, 160.177]
[40949.1024, 1, 0.0, 1, 164.789]
[42083.1826, 1, 0.0, 1, 158.506]
[42160.7566, 1, 0.0, 1, 160.717]
[41641.9363, 1, 0.0, 1, 162.543]
[41525.5767, 1, 0.0, 1, 160.417]
[40949.1024, 1, 0.0, 1, 163.953]
[42083.1826, 1, 0.0, 1, 161.278]
[41303.8261, 1, 0.0, 1, 164.9]
[41525.5767, 1, 0.0, 1, 160.19]
[40949.1024, 1, 0.0, 1, 164.78]
[42083.1826, 1, 0.0, 1, 161.845]
[41303.8261, 1, 0.0, 1, 165.135]
[41525.5767, 1, 0.0, 1, 159.957]
[40949.1024, 1, 0.0, 1, 164.725]
[42083.1826, 1, 0.0, 1, 160.315]
[41303.8261, 1, 0.0, 1, 165.28]
[41525.5767, 1, 0.0, 1, 160.145]
[40949.1024, 1, 0.0, 1, 164.912]
[42083.1826, 1, 0.0, 1, 160.527]
[41303.8261, 1, 0.0, 1, 167.154]
[41641.9363, 1, 0.0, 1, 163.186]
[40949.1024, 1, 0.0, 1, 164.208]
[42083.1826, 1, 0.0, 1, 160.629]
[42160.7566, 1, 0.0, 1, 162.698]
[41303.8261, 1, 0.0, 1, 166.492]
[41641.9363, 1, 0.0, 1, 161.822]
[40949.1024, 1, 0.0, 1, 164.829]
[42083.1826, 1, 0.0, 1, 160.866]
[41303.8261, 1, 0.0, 1, 166.789]
[41641.9363, 1, 0.0, 1, 162.124]
[42083.1826, 1, 0.0, 1, 160.198]
[42160.7566, 1, 0.0, 1, 161.329]
[41303.8261, 1, 0.0, 1, 166.2]
[41641.9363, 1, 0.0, 1, 161.676]
[42083.1826, 1, 0.0, 1, 161.74]
[42160.7566, 1, 0.0, 1, 161.381]
[41525.5767, 1, 0.0, 1, 160.252]
[41641.9363, 1, 0.0, 1, 162.261]
[40949.1024, 1, 0.0, 1, 164.838]
[42160.7566, 1, 0.0, 1, 160.914]
[41525.5767, 1, 0.0, 1, 160.726]
[41641.9363, 1, 0.0, 1, 161.55]
[42083.1826, 1, 0.0, 1, 159.108]
[40949.1024, 1, 0.0, 1, 164.431]
[42160.7566, 1, 0.0, 1, 161.152]
[41525.5767, 1, 0.0, 1, 161.647]
[41641.9363, 1, 0.0, 1, 162.202]
[42083.1826, 1, 0.0, 1, 158.183]
[40949.1024, 1, 0.0, 1, 166.465]
[42160.7566, 1, 0.0, 1, 160.448]
[41303.8261, 1, 0.0, 4, 664.759]
[41525.5767, 1, 0.0, 1, 160.034]
[41641.9363, 1, 0.0, 1, 161.542]
[42083.1826, 1, 0.0, 1, 158.914]
[42160.7566, 1, 0.0, 1, 161.103]
[41303.8261, 1, 0.0, 1, 165.906]
[41525.5767, 1, 0.0, 1, 160.463]
[41641.9363, 1, 0.0, 1, 162.904]
[42083.1826, 1, 0.0, 1, 158.229]
[42160.7566, 1, 0.0, 1, 160.804]
[41303.8261, 1, 0.0, 1, 166.266]
[41641.9363, 1, 0.0, 1, 161.787]
[42083.1826, 1, 0.0, 1, 158.184]
[42160.7566, 1, 0.0, 1, 161.18]
[41303.8261, 1, 0.0, 1, 166.011]
[41641.9363, 1, 0.0, 1, 162.832]
[42083.1826, 1, 0.0, 1, 157.252]
[42160.7566, 1, 0.0, 1, 160.887]
[41525.5767, 1, 0.0, 1, 159.939]
[41641.9363, 1, 0.0, 1, 162.099]
[42083.1826, 1, 0.0, 1, 158.643]
[40949.1024, 1, 0.0, 1, 164.388]
[41303.8261, 1, 0.0, 1, 165.174]
[42083.1826, 1, 0.0, 1, 158.853]
[40949.1024, 1, 0.0, 1, 164.41]
[41525.5767, 1, 0.0, 1, 159.8]
[41303.8261, 1, 0.0, 1, 166.415]
[42083.1826, 1, 0.0, 1, 157.975]
[42160.7566, 1, 0.0, 1, 162.237]
[40949.1024, 1, 0.0, 1, 165.62]
[41525.5767, 1, 0.0, 1, 160.105]
[41303.8261, 1, 0.0, 1, 166.349]
[42083.1826, 1, 0.0, 1, 157.755]
[40949.1024, 1, 0.0, 1, 165.594]
[41525.5767, 1, 0.0, 1, 159.72]
[42083.1826, 1, 0.0, 1, 159.701]
[42160.7566, 1, 0.0, 1, 161.436]
[40949.1024, 1, 0.0, 1, 164.819]
[41525.5767, 1, 0.0, 1, 161.545]
[41303.8261, 1, 0.0, 1, 166.358]
[42083.1826, 1, 0.0, 1, 157.702]
[42160.7566, 1, 0.0, 1, 161.014]
[40949.1024, 1, 0.0, 1, 164.809]
[41525.5767, 1, 0.0, 1, 160.013]
[41303.8261, 1, 0.0, 1, 165.865]
[42160.7566, 1, 0.0, 1, 161.187]
[40949.1024, 1, 0.0, 1, 166.064]
[41525.5767, 1, 0.0, 1, 160.389]
[41303.8261, 1, 0.0, 1, 166.019]
[42160.7566, 1, 0.0, 1, 161.357]
[40949.1024, 1, 0.0, 1, 164.921]
[41525.5767, 1, 0.0, 1, 159.846]
[41303.8261, 1, 0.0, 1, 166.299]
[42160.7566, 1, 0.0, 1, 160.972]
[40949.1024, 1, 0.0, 1, 164.44]
[41525.5767, 1, 0.0, 1, 159.865]
[42083.1826, 1, 0.0, 1, 158.034]
[41303.8261, 1, 0.0, 1, 167.2]
[42160.7566, 1, 0.0, 1, 160.918]
[40949.1024, 1, 0.0, 1, 165.076]
[41525.5767, 1, 0.0, 1, 159.584]
[42083.1826, 1, 0.0, 1, 158.032]
[41641.9363, 1, 0.0, 1, 162.957]
[41303.8261, 1, 0.0, 1, 165.624]
[42160.7566, 1, 0.0, 1, 160.763]
[40949.1024, 1, 0.0, 1, 164.766]
[41525.5767, 1, 0.0, 1, 159.85]
[42083.1826, 1, 0.0, 1, 158.141]
[41641.9363, 1, 0.0, 1, 162.565]
[41303.8261, 1, 0.0, 1, 166.571]
[42160.7566, 1, 0.0, 1, 160.985]
[41525.5767, 1, 0.0, 1, 159.516]
[42083.1826, 1, 0.0, 1, 159.17]
[41641.9363, 1, 0.0, 1, 165.488]
[41303.8261, 1, 0.0, 1, 165.082]
[42160.7566, 1, 0.0, 1, 160.868]
[41525.5767, 1, 0.0, 1, 159.675]
[42083.1826, 1, 0.0, 1, 158.823]
[41641.9363, 1, 0.0, 1, 162.303]
[41303.8261, 1, 0.0, 1, 166.09]
[42160.7566, 1, 0.0, 1, 161.564]
[41525.5767, 1, 0.0, 1, 159.698]
[42083.1826, 1, 0.0, 1, 158.685]
[41641.9363, 1, 0.0, 1, 162.237]
[41303.8261, 1, 0.0, 1, 167.356]
[42160.7566, 1, 0.0, 1, 161.253]
[41525.5767, 1, 0.0, 1, 159.497]
[42083.1826, 1, 0.0, 1, 158.843]
[41303.8261, 1, 0.0, 1, 166.783]
[42160.7566, 1, 0.0, 1, 163.735]
[41525.5767, 1, 0.0, 1, 159.847]
[42083.1826, 1, 0.0, 1, 158.809]
[42160.7566, 1, 0.0, 1, 161.171]
[41525.5767, 1, 0.0, 1, 159.802]
[42083.1826, 1, 0.0, 1, 158.31]
[41303.8261, 1, 0.0, 1, 169.338]
[42160.7566, 1, 0.0, 1, 160.755]
[41525.5767, 1, 0.0, 1, 160.333]
[40949.1024, 1, 0.0, 1, 165.311]
[42160.7566, 1, 0.0, 1, 161.404]
[41525.5767, 1, 0.0, 1, 159.601]
[40949.1024, 1, 0.0, 1, 164.611]
[41641.9363, 1, 0.0, 5, 813.406]
[41303.8261, 1, 0.0, 1, 168.486]
[41525.5767, 1, 0.0, 1, 162.619]
[42083.1826, 1, 0.0, 1, 159.552]
[40949.1024, 1, 0.0, 1, 164.272]
[41641.9363, 1, 0.0, 1, 162.374]
[42160.7566, 1, 0.0, 1, 161.861]
[41303.8261, 1, 0.0, 1, 169.91]
[41525.5767, 1, 0.0, 1, 159.753]
[42083.1826, 1, 0.0, 1, 159.119]
[40949.1024, 1, 0.0, 1, 164.021]
[41641.9363, 1, 0.0, 1, 163.349]
[42160.7566, 1, 0.0, 1, 161.284]
[41525.5767, 1, 0.0, 1, 159.623]
[40949.1024, 1, 0.0, 1, 168.156]
[41641.9363, 1, 0.0, 1, 162.409]
[42160.7566, 1, 0.0, 1, 161.806]
[41303.8261, 1, 0.0, 1, 165.843]
[42083.1826, 1, 0.0, 1, 159.63]
[40949.1024, 1, 0.0, 1, 164.494]
[41641.9363, 1, 0.0, 1, 163.589]
[42160.7566, 1, 0.0, 1, 160.811]
[41525.5767, 1, 0.0, 1, 159.562]
[42083.1826, 1, 0.0, 1, 159.581]
[40949.1024, 1, 0.0, 1, 164.484]
[41641.9363, 1, 0.0, 1, 162.252]
[42160.7566, 1, 0.0, 1, 161.288]
[41525.5767, 1, 0.0, 1, 159.842]
[42083.1826, 1, 0.0, 1, 158.079]
[40949.1024, 1, 0.0, 1, 164.953]
[41641.9363, 1, 0.0, 1, 163.211]
[42160.7566, 1, 0.0, 1, 161.277]
[42083.1826, 1, 0.0, 1, 158.167]
[40949.1024, 1, 0.0, 1, 164.391]
[41641.9363, 1, 0.0, 1, 162.438]
[42160.7566, 1, 0.0, 1, 161.974]
[41525.5767, 1, 0.0, 1, 160.019]
[41303.8261, 1, 0.0, 1, 166.01]
[41641.9363, 1, 0.0, 1, 164.963]
[42160.7566, 1, 0.0, 1, 161.51]
[41303.8261, 1, 0.0, 1, 164.715]
[41641.9363, 1, 0.0, 1, 164.235]
[42160.7566, 1, 0.0, 1, 161.244]
[41525.5767, 1, 0.0, 1, 159.908]
[41303.8261, 1, 0.0, 1, 166.661]
[40949.1024, 1, 0.0, 3, 494.057]
[41641.9363, 1, 0.0, 1, 165.786]
[42160.7566, 1, 0.0, 1, 161.669]
[41525.5767, 1, 0.0, 1, 159.437]
[42083.1826, 1, 0.0, 1, 158.639]
[41303.8261, 1, 0.0, 1, 166.911]
[40949.1024, 1, 0.0, 1, 164.417]
[41641.9363, 1, 0.0, 1, 163.474]
[42160.7566, 1, 0.0, 1, 161.083]
[42083.1826, 1, 0.0, 1, 158.006]
[41303.8261, 1, 0.0, 1, 165.818]
[40949.1024, 1, 0.0, 1, 165.449]
[41641.9363, 1, 0.0, 1, 164.069]
[42160.7566, 1, 0.0, 1, 162.162]
[42083.1826, 1, 0.0, 1, 157.427]
[41303.8261, 1, 0.0, 1, 166.346]
[41641.9363, 1, 0.0, 1, 162.919]
[42160.7566, 1, 0.0, 1, 161.127]
[42083.1826, 1, 0.0, 1, 159.435]
[41303.8261, 1, 0.0, 1, 165.789]
[40949.1024, 1, 0.0, 1, 165.676]
[41641.9363, 1, 0.0, 1, 164.146]
[42160.7566, 1, 0.0, 1, 161.556]
[42083.1826, 1, 0.0, 1, 158.721]
[41303.8261, 1, 0.0, 1, 165.462]
[40949.1024, 1, 0.0, 1, 164.663]
[41641.9363, 1, 0.0, 1, 163.159]
[42160.7566, 1, 0.0, 1, 160.971]
[42083.1826, 1, 0.0, 1, 158.261]
[41303.8261, 1, 0.0, 1, 164.741]
[40949.1024, 1, 0.0, 1, 166.495]
[41641.9363, 1, 0.0, 1, 163.54]
[42160.7566, 1, 0.0, 1, 161.224]
[42083.1826, 1, 0.0, 1, 159.372]
[41303.8261, 1, 0.0, 1, 165.869]
[40949.1024, 1, 0.0, 1, 164.572]
[41641.9363, 1, 0.0, 1, 162.943]
[42083.1826, 1, 0.0, 1, 159.988]
[41303.8261, 1, 0.0, 1, 165.577]
[40949.1024, 1, 0.0, 1, 164.376]
[41641.9363, 1, 0.0, 1, 163.366]
[42083.1826, 1, 0.0, 1, 159.657]
[41303.8261, 1, 0.0, 1, 165.278]
[40949.1024, 1, 0.0, 1, 164.72]
[41641.9363, 1, 0.0, 1, 163.686]
[42083.1826, 1, 0.0, 1, 160.138]
[41303.8261, 1, 0.0, 1, 165.746]
[40949.1024, 1, 0.0, 1, 164.806]
[42160.7566, 1, 0.0, 1, 162.821]
[42083.1826, 1, 0.0, 1, 159.243]
[41303.8261, 1, 0.0, 1, 165.751]
[40949.1024, 1, 0.0, 1, 164.963]
[42083.1826, 1, 0.0, 1, 160.378]
[41303.8261, 1, 0.0, 1, 165.925]
[40949.1024, 1, 0.0, 1, 164.522]
[42083.1826, 1, 0.0, 1, 160.236]
[41303.8261, 1, 0.0, 1, 165.11]
[40949.1024, 1, 0.0, 1, 166.055]
[42083.1826, 1, 0.0, 1, 158.268]
[41303.8261, 1, 0.0, 1, 165.865]
[42160.7566, 1, 0.0, 1, 161.453]
[41303.8261, 1, 0.0, 1, 165.489]
[42160.7566, 1, 0.0, 1, 161.855]
[41303.8261, 1, 0.0, 1, 164.943]
[41641.9363, 1, 0.0, 1, 163.801]
[41303.8261, 1, 0.0, 1, 165.06]
[40949.1024, 1, 0.0, 1, 165.784]
[41303.8261, 1, 0.0, 1, 165.072]
[40949.1024, 1, 0.0, 1, 165.004]
[41303.8261, 1, 0.0, 1, 165.624]
[42083.1826, 1, 0.0, 1, 158.686]
[40949.1024, 1, 0.0, 1, 164.376]
[41303.8261, 1, 0.0, 1, 165.354]
[41525.5767, 1, 0.0, 1, 159.451]
[40949.1024, 1, 0.0, 1, 165.177]
[42083.1826, 1, 0.0, 1, 157.612]
[42160.7566, 1, 0.0, 1, 162.304]
[40949.1024, 1, 0.0, 1, 165.284]
[42160.7566, 1, 0.0, 1, 161.61]
[40949.1024, 1, 0.0, 1, 164.985]
[42083.1826, 1, 0.0, 1, 158.983]
[41303.8261, 1, 0.0, 1, 167.184]
[40949.1024, 1, 0.0, 1, 164.792]
[42083.1826, 1, 0.0, 1, 158.711]
[42160.7566, 1, 0.0, 1, 162.337]
[40949.1024, 1, 0.0, 1, 165.059]
[42083.1826, 1, 0.0, 1, 158.359]
[42160.7566, 1, 0.0, 1, 160.762]
[40949.1024, 1, 0.0, 1, 164.413]
[42083.1826, 1, 0.0, 1, 160.452]
[41303.8261, 1, 0.0, 1, 165.697]
[40949.1024, 1, 0.0, 1, 164.43]
[42083.1826, 1, 0.0, 1, 159.464]
[41303.8261, 1, 0.0, 1, 166.364]
[40949.1024, 1, 0.0, 1, 164.258]
[42083.1826, 1, 0.0, 1, 158.874]
[42160.7566, 1, 0.0, 1, 161.319]
[41303.8261, 1, 0.0, 1, 165.895]
[40949.1024, 1, 0.0, 1, 165.443]
[42083.1826, 1, 0.0, 1, 159.981]
[42160.7566, 1, 0.0, 1, 161.021]
[41303.8261, 1, 0.0, 1, 166.571]
[40949.1024, 1, 0.0, 1, 165.031]
[41759.0179, 5, 233.4412, 6, 958.574]
[42160.7566, 1, 0.0, 1, 161.858]
[41641.9363, 1, 0.0, 1, 163.068]
[40949.1024, 1, 0.0, 1, 164.706]
[41759.0179, 1, 0.0, 1, 159.611]
[42160.7566, 1, 0.0, 1, 161.308]
[41303.8261, 1, 0.0, 1, 164.789]
[40949.1024, 1, 0.0, 1, 164.544]
[41759.0179, 1, 0.0, 1, 160.409]
[42160.7566, 1, 0.0, 1, 161.964]
[41641.9363, 1, 0.0, 1, 163.162]
[40949.1024, 1, 0.0, 1, 166.026]
[41759.0179, 1, 0.0, 1, 160.774]
[42160.7566, 1, 0.0, 1, 161.407]
[41641.9363, 1, 0.0, 1, 163.996]
[40949.1024, 1, 0.0, 1, 166.185]
[41759.0179, 1, 0.0, 1, 159.572]
[42160.7566, 1, 0.0, 1, 163.266]
[41641.9363, 1, 0.0, 1, 163.04]
[40949.1024, 1, 0.0, 1, 164.821]
[41759.0179, 1, 0.0, 1, 159.7]
[42160.7566, 1, 0.0, 1, 161.974]
[41303.8261, 1, 0.0, 1, 165.33]
[40949.1024, 1, 0.0, 1, 165.068]
[42083.1826, 1, 0.0, 1, 158.218]
[41759.0179, 1, 0.0, 1, 159.738]
[42160.7566, 1, 0.0, 1, 162.968]
[41303.8261, 1, 0.0, 1, 165.319]
[40949.1024, 1, 0.0, 1, 165.174]
[42083.1826, 1, 0.0, 1, 159.372]
[41759.0179, 1, 0.0, 1, 159.683]
[42160.7566, 1, 0.0, 1, 161.481]
[41641.9363, 1, 0.0, 1, 164.622]
[40949.1024, 1, 0.0, 1, 165.176]
[42083.1826, 1, 0.0, 1, 158.325]
[41759.0179, 1, 0.0, 1, 159.214]
[42160.7566, 1, 0.0, 1, 162.454]
[41641.9363, 1, 0.0, 1, 163.624]
[40949.1024, 1, 0.0, 1, 164.51]
[41759.0179, 1, 0.0, 1, 159.545]
[42160.7566, 1, 0.0, 1, 161.749]
[41303.8261, 1, 0.0, 1, 165.011]
[40949.1024, 1, 0.0, 1, 166.524]
[41759.0179, 1, 0.0, 1, 159.241]
[42160.7566, 1, 0.0, 1, 163.952]
[41303.8261, 1, 0.0, 1, 165.633]
[40949.1024, 1, 0.0, 1, 167.713]
[41759.0179, 1, 0.0, 1, 159.523]
[42160.7566, 1, 0.0, 1, 163.811]
[41303.8261, 1, 0.0, 1, 164.734]
[40949.1024, 1, 0.0, 1, 166.56]
[41759.0179, 1, 0.0, 1, 159.482]
[42160.7566, 1, 0.0, 1, 163.795]
[41303.8261, 1, 0.0, 1, 164.67]
[41759.0179, 1, 0.0, 1, 160.16]
[42160.7566, 1, 0.0, 1, 162.424]
[41641.9363, 1, 0.0, 1, 163.733]
[41759.0179, 1, 0.0, 1, 159.296]
[42160.7566, 1, 0.0, 1, 161.494]
[41641.9363, 1, 0.0, 1, 163.004]
[41759.0179, 1, 0.0, 1, 160.028]
[42160.7566, 1, 0.0, 1, 162.148]
[41641.9363, 1, 0.0, 1, 163.405]
[41759.0179, 1, 0.0, 1, 159.677]
[42160.7566, 1, 0.0, 1, 161.625]
[41641.9363, 1, 0.0, 1, 163.163]
[41759.0179, 1, 0.0, 1, 159.249]
[42160.7566, 1, 0.0, 1, 162.465]
[41641.9363, 1, 0.0, 1, 164.145]
[41759.0179, 1, 0.0, 1, 159.794]
[42160.7566, 1, 0.0, 1, 161.946]
[41641.9363, 1, 0.0, 1, 163.152]
[41759.0179, 1, 0.0, 1, 159.174]
[42160.7566, 1, 0.0, 1, 165.529]
[41759.0179, 1, 0.0, 1, 160.093]
[42160.7566, 1, 0.0, 1, 161.61]
[41641.9363, 1, 0.0, 1, 165.886]
[41759.0179, 1, 0.0, 1, 159.185]
[42160.7566, 1, 0.0, 1, 161.588]
[41641.9363, 1, 0.0, 1, 164.611]
[41759.0179, 1, 0.0, 1, 159.566]
[42160.7566, 1, 0.0, 1, 161.694]
[41759.0179, 1, 0.0, 1, 159.36]
[42160.7566, 1, 0.0, 1, 162.447]
[41641.9363, 1, 0.0, 1, 164.051]
[42160.7566, 1, 0.0, 1, 162.01]
[41641.9363, 1, 0.0, 1, 163.255]
[42160.7566, 1, 0.0, 1, 162.502]
[41641.9363, 1, 0.0, 1, 164.718]
[42160.7566, 1, 0.0, 1, 162.129]
[41759.0179, 1, 0.0, 1, 159.457]
[41641.9363, 1, 0.0, 1, 163.658]
[42160.7566, 1, 0.0, 1, 161.938]
[41759.0179, 1, 0.0, 1, 162.9]
[41641.9363, 1, 0.0, 1, 165.39]
[42160.7566, 1, 0.0, 1, 161.867]
[41759.0179, 1, 0.0, 1, 159.389]
[41641.9363, 1, 0.0, 1, 164.226]
[42160.7566, 1, 0.0, 1, 162.973]
[41759.0179, 1, 0.0, 1, 159.614]
[41641.9363, 1, 0.0, 1, 165.346]
[42160.7566, 1, 0.0, 1, 162.768]
[41759.0179, 1, 0.0, 1, 159.393]
[41641.9363, 1, 0.0, 1, 165.067]
[41759.0179, 1, 0.0, 1, 159.74]
[41641.9363, 1, 0.0, 1, 166.46]
[41759.0179, 1, 0.0, 1, 159.546]
[41641.9363, 1, 0.0, 1, 167.316]
[41759.0179, 1, 0.0, 1, 159.114]
[41641.9363, 1, 0.0, 1, 164.725]
[42160.7566, 1, 0.0, 4, 649.803]
[41759.0179, 1, 0.0, 1, 159.649]
[41641.9363, 1, 0.0, 1, 164.275]
[42160.7566, 1, 0.0, 1, 161.547]
[41759.0179, 1, 0.0, 1, 159.427]
[41641.9363, 1, 0.0, 1, 165.236]
[42160.7566, 1, 0.0, 1, 161.558]
[41759.0179, 1, 0.0, 1, 159.592]
[41641.9363, 1, 0.0, 1, 163.804]
[42160.7566, 1, 0.0, 1, 161.176]
[41759.0179, 1, 0.0, 1, 159.615]
[41641.9363, 1, 0.0, 1, 164.499]
[42160.7566, 1, 0.0, 1, 161.434]
[41759.0179, 1, 0.0, 1, 161.579]
[41641.9363, 1, 0.0, 1, 164.066]
[42160.7566, 1, 0.0, 1, 161.522]
[41759.0179, 1, 0.0, 1, 159.158]
[41641.9363, 1, 0.0, 1, 164.744]
[42160.7566, 1, 0.0, 1, 161.629]
[41759.0179, 1, 0.0, 1, 160.158]
[41641.9363, 1, 0.0, 1, 165.653]
[42160.7566, 1, 0.0, 1, 161.121]
[41759.0179, 1, 0.0, 1, 159.711]
[41641.9363, 1, 0.0, 1, 167.916]
[42160.7566, 1, 0.0, 1, 161.931]
[41759.0179, 1, 0.0, 1, 159.881]
[41641.9363, 1, 0.0, 1, 165.079]
[42160.7566, 1, 0.0, 1, 161.235]
[41759.0179, 1, 0.0, 1, 159.584]
[41641.9363, 1, 0.0, 1, 165.472]
[42160.7566, 1, 0.0, 1, 161.981]
[41759.0179, 1, 0.0, 1, 159.529]
[41641.9363, 1, 0.0, 1, 165.214]
[42160.7566, 1, 0.0, 1, 161.78]
[41759.0179, 1, 0.0, 1, 159.62]
[41641.9363, 1, 0.0, 1, 167.057]
[41759.0179, 1, 0.0, 1, 159.691]
[41641.9363, 1, 0.0, 1, 164.17]
[41759.0179, 1, 0.0, 1, 159.61]
[41641.9363, 1, 0.0, 1, 165.569]
[42160.7566, 1, 0.0, 1, 161.973]
[41759.0179, 1, 0.0, 1, 159.484]
[41641.9363, 1, 0.0, 1, 163.865]
[41759.0179, 1, 0.0, 1, 159.933]
[41641.9363, 1, 0.0, 1, 166.425]
[41759.0179, 1, 0.0, 1, 159.805]
[41759.0179, 1, 0.0, 1, 160.576]
[41641.9363, 1, 0.0, 1, 165.845]
[41759.0179, 1, 0.0, 1, 160.781]
[41759.0179, 1, 0.0, 1, 159.648]
[42160.7566, 1, 0.0, 1, 162.071]
[42160.7566, 1, 0.0, 4, 648.905]
[41641.9363, 1, 0.0, 1, 166.793]
[41759.0179, 1, 0.0, 1, 159.423]
[42160.7566, 1, 0.0, 1, 161.709]
[41641.9363, 1, 0.0, 1, 167.878]
[41759.0179, 1, 0.0, 1, 159.853]
[42160.7566, 1, 0.0, 1, 162.405]
[41641.9363, 1, 0.0, 1, 165.317]
