%% File generated by CATS v.2.1Tue Apr 13 21:37:29 2021

%% The CATS webpage is http://robotics.stanford.edu/CATS

%% PARAMETER SETTINGS:
% Goods: 256; Bids: 1000; Distribution: L3; Runs: 1; Parameters generated from distribution in file "qpstuff/L3-qp.txt".; Problems generated from distribution over features in files: qpstuff/cass-qp.txt, qpstuff/cplex-qp.txt, qpstuff/lehman-qp.txt; Seed: 1618490875
% Legacy distribution parameters:
% Number of goods chosen according to Constant distribution (const_goods = 8).
% Price chosen according to Fixed Random distribution (low_fixed = 0.261196, high_fixed = 1).


goods 256
bids 1000
dummy 0

0	0.671026	36	62	132	180	184	189	223	238	#
1	0.495197	10	19	87	134	144	169	182	240	#
2	0.629083	22	26	58	59	81	127	170	193	#
3	0.743001	8	87	88	135	138	174	213	225	#
4	0.699015	14	26	76	113	146	176	218	244	#
5	0.290715	51	70	105	117	151	177	193	247	#
6	0.989768	26	44	63	74	138	165	187	224	#
7	0.962842	9	10	89	103	157	173	196	242	#
8	0.291341	68	124	125	133	220	221	229	235	#
9	0.288976	47	76	79	87	97	123	148	202	#
10	0.711664	6	8	90	98	125	146	178	235	#
11	0.544338	0	18	25	26	139	208	229	254	#
12	0.376176	33	36	117	167	178	184	219	236	#
13	0.514459	27	45	66	92	145	163	169	236	#
14	0.811512	25	27	88	120	182	203	217	225	#
15	0.80985	25	101	185	199	220	223	224	233	#
16	0.922017	46	69	76	95	117	139	163	168	#
17	0.444628	97	112	142	174	190	201	225	253	#
18	0.702663	42	82	118	162	210	224	229	246	#
19	0.39033	13	44	124	143	161	199	235	241	#
20	0.595885	12	34	46	49	103	123	185	246	#
21	0.443955	32	39	41	220	231	238	241	250	#
22	0.778176	16	72	93	114	123	124	215	241	#
23	0.4941	81	118	135	141	183	207	219	234	#
24	0.265739	43	77	166	183	204	219	228	229	#
25	0.87245	56	71	73	91	105	192	207	254	#
26	0.609517	34	80	87	120	135	177	209	217	#
27	0.437981	10	26	58	109	185	195	252	254	#
28	0.687166	12	15	16	21	77	156	166	174	#
29	0.598252	125	143	147	156	192	200	206	207	#
30	0.990623	22	133	139	159	196	230	253	254	#
31	0.810456	73	89	123	138	157	171	181	215	#
32	0.608998	11	43	46	100	136	170	236	245	#
33	0.600659	23	27	35	38	53	113	159	163	#
34	0.44161	11	34	70	91	107	121	123	155	#
35	0.947682	125	143	145	158	183	193	241	255	#
36	0.932308	34	134	156	164	190	228	238	241	#
37	0.804068	15	63	64	89	91	126	192	216	#
38	0.396534	7	57	64	71	108	211	215	240	#
39	0.849911	27	90	165	168	172	202	204	251	#
40	0.521667	13	24	35	163	168	204	209	220	#
41	0.341838	57	77	106	116	144	151	181	199	#
42	0.607291	18	34	40	131	143	203	234	245	#
43	0.342264	0	6	73	76	169	196	223	242	#
44	0.381334	73	131	201	220	222	227	240	244	#
45	0.549797	63	121	164	171	182	184	213	233	#
46	0.410828	19	59	66	117	123	128	166	236	#
47	0.628875	1	19	48	114	174	196	235	241	#
48	0.722845	52	64	95	102	104	119	126	127	#
49	0.925019	34	64	113	183	206	218	220	230	#
50	0.789096	37	42	51	127	129	170	173	200	#
51	0.476072	26	33	62	116	132	191	200	248	#
52	0.981955	24	53	69	108	125	139	147	243	#
53	0.860387	16	17	42	127	161	166	188	254	#
54	0.746676	31	52	55	69	148	173	215	219	#
55	0.620956	15	65	66	172	175	183	247	250	#
56	0.617166	14	51	91	97	153	192	202	230	#
57	0.851735	32	47	63	87	133	157	225	230	#
58	0.530427	30	38	39	107	183	191	193	221	#
59	0.979521	8	19	61	62	80	214	228	243	#
60	0.726694	2	28	29	39	55	173	186	207	#
61	0.365263	4	6	97	119	157	177	196	241	#
62	0.974412	38	64	80	85	104	150	194	217	#
63	0.339644	7	98	150	165	193	199	205	229	#
64	0.485698	22	31	43	81	94	143	191	247	#
65	0.451462	17	27	81	109	118	119	230	241	#
66	0.519529	12	25	33	59	64	117	140	187	#
67	0.310726	57	84	129	130	155	204	217	244	#
68	0.7049	21	61	87	111	148	149	185	214	#
69	0.465676	36	55	141	148	201	234	249	250	#
70	0.392808	16	61	71	97	123	230	246	253	#
71	0.856407	66	117	121	150	158	230	245	251	#
72	0.980872	53	70	139	177	181	215	223	238	#
73	0.469358	4	12	21	44	71	86	130	217	#
74	0.820667	14	34	46	48	210	220	253	255	#
75	0.712865	105	137	177	182	191	192	212	228	#
76	0.277853	11	21	25	68	80	111	131	190	#
77	0.769976	60	61	68	168	184	185	214	221	#
78	0.364789	6	28	43	101	112	125	189	190	#
79	0.289145	15	51	63	71	112	127	171	219	#
80	0.648959	4	30	33	115	193	194	209	253	#
81	0.26752	2	71	76	95	213	235	253	254	#
82	0.819069	30	41	106	176	181	190	203	255	#
83	0.634981	23	81	92	106	149	155	224	241	#
84	0.406473	47	117	163	199	202	211	228	230	#
85	0.685035	56	61	181	191	207	213	236	252	#
86	0.96707	3	8	41	48	76	110	119	207	#
87	0.480508	67	72	176	186	195	208	242	249	#
88	0.426167	10	63	92	96	113	114	153	219	#
89	0.599265	3	6	28	41	47	158	178	220	#
90	0.860578	3	47	76	157	187	197	205	253	#
91	0.293838	92	165	174	176	203	211	245	248	#
92	0.446788	11	51	74	101	130	186	212	255	#
93	0.348844	58	93	110	116	151	184	190	230	#
94	0.876269	25	50	51	120	163	234	243	245	#
95	0.266758	18	20	28	122	136	216	231	248	#
96	0.970498	26	34	38	56	58	115	178	195	#
97	0.647781	14	71	86	139	188	194	203	211	#
98	0.552565	7	27	61	86	119	126	178	198	#
99	0.734713	24	88	122	158	171	209	215	227	#
100	0.37921	63	92	107	148	155	178	179	234	#
101	0.41383	25	102	126	141	146	170	207	215	#
102	0.304328	10	58	98	100	165	183	186	214	#
103	0.526624	28	79	89	93	140	200	231	251	#
104	0.557321	4	38	49	69	87	141	176	204	#
105	0.480404	67	78	98	171	195	202	241	247	#
106	0.507233	10	33	34	60	94	117	147	204	#
107	0.859705	4	83	133	149	168	193	199	240	#
108	0.708935	64	69	110	173	175	201	204	239	#
109	0.810356	1	31	33	51	69	73	163	167	#
110	0.813025	10	38	83	103	105	112	228	229	#
111	0.604849	1	7	43	59	81	87	109	156	#
112	0.800658	4	11	26	156	159	178	218	225	#
113	0.883506	49	106	119	145	173	178	194	217	#
114	0.434576	85	104	134	145	170	177	208	212	#
115	0.973476	13	22	60	78	113	173	182	241	#
116	0.336876	59	76	94	179	193	220	223	238	#
117	0.509315	153	154	157	175	191	197	221	235	#
118	0.700055	35	134	148	163	169	175	201	208	#
119	0.745614	24	26	40	113	160	170	191	234	#
120	0.411677	6	79	92	94	167	175	241	242	#
121	0.630118	15	66	119	124	144	165	168	199	#
122	0.946857	19	41	53	75	119	217	227	240	#
123	0.966191	14	53	172	194	195	199	224	230	#
124	0.428252	8	71	79	97	175	183	189	248	#
125	0.292397	8	53	65	94	98	136	164	193	#
126	0.93043	18	43	46	106	116	124	138	255	#
127	0.845227	11	18	20	24	33	61	177	186	#
128	0.266338	14	88	107	111	160	234	242	250	#
129	0.265653	49	91	97	148	160	176	241	255	#
130	0.523993	5	49	61	121	158	229	232	245	#
131	0.401601	4	15	56	79	86	136	145	223	#
132	0.844617	4	72	87	118	142	146	165	218	#
133	0.787739	18	19	54	73	101	106	142	174	#
134	0.381702	6	7	33	103	129	214	229	237	#
135	0.270361	4	8	13	121	142	154	168	200	#
136	0.734214	22	64	82	85	127	131	187	208	#
137	0.986028	60	113	153	157	184	194	216	233	#
138	0.486004	39	51	75	104	140	142	143	176	#
139	0.426214	8	14	66	169	185	235	240	255	#
140	0.609391	9	16	33	82	98	133	161	208	#
141	0.922973	4	82	99	126	129	162	199	224	#
142	0.376615	23	31	101	118	130	189	208	222	#
143	0.725718	46	76	86	101	131	166	209	226	#
144	0.538291	79	96	126	150	154	189	209	210	#
145	0.771355	15	46	118	191	203	208	233	235	#
146	0.944798	12	35	74	75	93	150	251	254	#
147	0.545568	67	83	84	95	159	163	183	228	#
148	0.970384	29	37	81	118	119	146	158	208	#
149	0.344314	0	30	85	115	148	165	169	201	#
150	0.482964	2	14	72	86	87	157	181	185	#
151	0.923221	29	33	45	47	138	169	191	220	#
152	0.815666	105	107	124	157	161	197	204	207	#
153	0.536259	19	93	122	147	150	175	193	224	#
154	0.9947	63	71	111	130	199	205	236	241	#
155	0.941186	5	27	46	49	123	132	185	228	#
156	0.622515	13	19	52	74	93	126	155	196	#
157	0.993037	68	70	109	115	123	161	204	245	#
158	0.634307	14	25	31	92	130	154	160	175	#
159	0.932792	50	93	103	117	139	140	179	227	#
160	0.865712	41	96	99	160	201	248	249	255	#
161	0.308785	32	40	75	76	92	96	143	196	#
162	0.985044	30	32	58	83	169	196	215	222	#
163	0.583282	27	33	41	86	105	109	125	208	#
164	0.682044	31	50	52	62	86	147	178	234	#
165	0.361552	10	58	139	178	181	242	246	249	#
166	0.337163	20	34	80	135	176	204	239	248	#
167	0.501711	54	60	82	91	109	157	170	234	#
168	0.431644	13	73	75	77	84	102	188	240	#
169	0.799153	13	80	87	102	124	133	180	220	#
170	0.959804	18	22	36	76	160	165	178	194	#
171	0.974872	15	21	31	72	123	165	176	232	#
172	0.814383	7	15	61	78	109	131	145	208	#
173	0.560819	40	57	103	149	162	202	209	242	#
174	0.432519	21	46	117	130	146	156	159	177	#
175	0.307094	19	43	110	167	206	214	232	234	#
176	0.513678	0	6	84	121	135	167	214	244	#
177	0.43311	20	50	116	133	145	160	173	241	#
178	0.377134	79	83	98	117	150	174	210	234	#
179	0.937043	46	84	121	137	147	159	202	211	#
180	0.908601	10	39	54	61	93	101	127	128	#
181	0.668937	3	12	13	31	54	118	135	158	#
182	0.58545	21	48	131	150	163	171	183	220	#
183	0.516418	39	64	105	108	158	160	198	207	#
184	0.842628	13	47	99	138	142	168	183	205	#
185	0.708436	28	35	71	128	132	165	185	239	#
186	0.4355	29	70	138	159	192	195	199	243	#
187	0.82111	3	18	71	79	97	113	116	195	#
188	0.370098	18	59	88	116	155	158	166	170	#
189	0.659508	48	52	166	180	189	204	236	246	#
190	0.730109	3	55	70	78	87	110	140	230	#
191	0.933149	10	24	57	85	164	214	228	244	#
192	0.737581	8	60	76	87	103	118	142	214	#
193	0.854731	13	46	56	120	160	172	220	251	#
194	0.964838	19	23	36	72	101	128	155	231	#
195	0.34739	22	48	52	55	157	205	226	253	#
196	0.436903	9	35	40	88	94	163	167	250	#
197	0.457829	6	65	138	157	175	178	212	248	#
198	0.756682	5	19	22	102	132	157	167	186	#
199	0.758377	2	59	63	76	138	149	199	215	#
200	0.303704	2	13	66	81	137	193	195	226	#
201	0.715018	28	62	72	199	226	231	238	250	#
202	0.275211	67	90	127	144	161	206	210	211	#
203	0.602927	4	6	65	74	78	123	163	172	#
204	0.386716	25	106	113	130	185	223	244	248	#
205	0.727777	27	28	34	52	86	131	229	233	#
206	0.659088	48	54	65	104	111	147	177	202	#
207	0.965588	9	52	96	107	154	187	233	244	#
208	0.865843	16	136	143	166	176	195	199	204	#
209	0.273252	3	32	45	117	156	172	180	199	#
210	0.566252	46	52	64	82	127	165	226	245	#
211	0.484701	5	19	49	63	87	133	188	240	#
212	0.834568	51	71	94	172	173	231	240	241	#
213	0.64437	2	17	37	95	121	171	175	187	#
214	0.620312	2	33	93	98	129	135	165	208	#
215	0.51095	69	115	146	197	221	228	230	246	#
216	0.650994	39	55	78	87	121	205	226	237	#
217	0.43088	22	37	41	76	122	186	229	253	#
218	0.378899	59	86	103	187	196	226	238	254	#
219	0.601824	17	20	37	48	122	155	203	220	#
220	0.697787	26	42	44	52	89	98	175	190	#
221	0.668288	22	68	76	93	148	188	201	203	#
222	0.856476	7	19	82	115	129	169	205	226	#
223	0.360491	93	104	121	150	171	217	227	252	#
224	0.797765	8	27	29	72	78	166	170	223	#
225	0.835652	107	132	137	145	183	190	223	239	#
226	0.864985	15	38	80	144	147	194	203	215	#
227	0.620356	41	79	104	188	209	223	241	249	#
228	0.553585	17	64	103	122	134	173	209	217	#
229	0.688221	9	15	33	46	62	105	173	205	#
230	0.265513	61	67	126	155	188	207	214	250	#
231	0.839412	9	18	73	92	107	193	199	202	#
232	0.566312	44	83	86	118	149	214	234	246	#
233	0.618206	14	40	42	71	146	190	194	236	#
234	0.275308	53	67	83	121	133	224	232	251	#
235	0.904516	8	16	78	88	99	128	155	205	#
236	0.790867	19	28	51	53	148	155	239	249	#
237	0.537628	67	101	126	182	197	226	243	254	#
238	0.983833	32	44	58	66	130	131	163	222	#
239	0.508292	1	37	59	64	104	147	157	200	#
240	0.844724	38	54	58	83	100	117	144	234	#
241	0.885773	11	96	128	170	189	200	204	252	#
242	0.955269	52	73	96	152	170	200	201	243	#
243	0.858063	5	6	21	87	114	178	221	222	#
244	0.675736	6	32	76	144	172	222	223	253	#
245	0.661248	2	21	73	75	94	106	113	239	#
246	0.380736	8	75	80	126	130	163	207	223	#
247	0.885989	24	35	101	202	203	233	239	249	#
248	0.801092	13	54	68	70	120	175	176	254	#
249	0.824858	7	33	63	175	218	219	229	234	#
250	0.675802	10	12	47	93	191	195	221	240	#
251	0.658228	69	89	90	93	95	102	148	198	#
252	0.586257	54	115	119	148	173	199	200	206	#
253	0.716848	27	34	35	211	214	219	233	245	#
254	0.723319	13	21	41	76	86	128	165	195	#
255	0.962292	6	18	47	80	99	113	166	225	#
256	0.311783	81	116	151	154	189	210	217	237	#
257	0.304648	1	72	109	146	160	205	219	241	#
258	0.693666	80	105	114	124	178	185	203	254	#
259	0.589424	37	91	93	94	157	171	220	233	#
260	0.331322	30	39	42	72	101	122	124	220	#
261	0.267175	17	22	57	71	95	181	196	250	#
262	0.978822	4	66	81	204	220	235	241	245	#
263	0.954805	32	119	125	143	159	206	224	255	#
264	0.519843	21	36	48	72	108	130	199	255	#
265	0.984803	13	19	56	64	92	104	110	167	#
266	0.351276	4	65	130	159	172	197	210	214	#
267	0.859488	51	146	147	153	165	183	227	230	#
268	0.840949	81	83	93	106	107	137	184	222	#
269	0.670413	41	105	107	111	193	197	206	216	#
270	0.611196	46	76	115	149	187	202	233	242	#
271	0.871197	7	8	67	80	88	108	159	234	#
272	0.807034	28	67	172	183	210	211	216	226	#
273	0.315232	19	81	156	206	225	242	245	248	#
274	0.336826	20	46	52	56	121	164	205	251	#
275	0.980483	2	64	71	98	134	195	226	242	#
276	0.842764	8	25	42	119	153	188	217	252	#
277	0.965372	12	17	74	79	108	112	113	251	#
278	0.3788	27	53	59	126	200	211	218	244	#
279	0.664984	10	12	82	88	116	127	154	231	#
280	0.713193	16	87	125	139	159	216	238	239	#
281	0.558602	26	115	127	145	161	177	218	254	#
282	0.608744	37	47	123	131	142	199	212	242	#
283	0.844744	39	47	114	125	175	178	194	204	#
284	0.672259	27	43	112	116	134	177	232	248	#
285	0.865174	19	51	197	208	211	224	236	244	#
286	0.547136	48	113	118	130	174	196	224	233	#
287	0.871337	4	14	35	41	46	87	124	160	#
288	0.533352	0	44	51	150	177	189	239	244	#
289	0.770725	62	64	76	159	168	208	231	240	#
290	0.644838	3	7	8	121	164	186	215	221	#
291	0.62047	46	52	65	81	104	138	150	240	#
292	0.931023	27	45	74	77	150	208	226	247	#
293	0.615951	25	38	69	79	82	156	165	248	#
294	0.778882	43	87	112	149	164	165	207	214	#
295	0.824881	60	79	94	175	184	194	197	248	#
296	0.48323	25	102	121	127	134	176	225	253	#
297	0.784068	116	164	170	204	205	217	252	255	#
298	0.353073	37	73	89	92	134	248	252	253	#
299	0.774216	35	52	73	112	161	195	203	216	#
300	0.84034	76	106	109	125	133	167	172	198	#
301	0.498976	16	62	72	80	191	194	211	248	#
302	0.998938	2	20	31	112	129	147	149	207	#
303	0.441691	5	36	47	149	181	188	195	203	#
304	0.818423	14	51	145	151	173	184	189	213	#
305	0.816256	19	34	74	79	90	99	121	223	#
306	0.424012	16	22	63	65	106	139	176	250	#
307	0.844903	30	32	62	106	122	157	191	217	#
308	0.624261	17	27	32	101	114	141	143	220	#
309	0.513614	7	59	66	105	108	109	116	122	#
310	0.906643	22	31	59	99	127	158	160	233	#
311	0.740771	20	81	108	146	178	206	207	240	#
312	0.738889	33	74	81	103	154	160	227	243	#
313	0.488199	17	38	72	146	166	175	192	245	#
314	0.626213	11	12	27	70	98	100	118	251	#
315	0.901682	56	67	82	124	158	184	217	220	#
316	0.543205	0	8	62	65	175	186	191	221	#
317	0.505023	64	79	140	149	153	173	184	187	#
318	0.276735	68	113	135	143	151	170	173	205	#
319	0.729036	30	44	76	102	125	175	203	245	#
320	0.612886	6	45	61	120	125	141	202	253	#
321	0.392171	17	28	73	85	122	182	195	237	#
322	0.801778	16	39	45	74	126	213	215	227	#
323	0.597634	33	54	55	75	134	154	206	232	#
324	0.656679	3	28	65	81	127	136	205	209	#
325	0.268988	45	63	72	170	172	175	204	215	#
326	0.895651	9	51	53	106	126	137	228	252	#
327	0.300296	7	80	112	124	139	242	244	250	#
328	0.978669	31	51	54	74	78	130	190	236	#
329	0.995923	2	70	132	137	168	191	198	212	#
330	0.721199	48	55	93	144	185	194	221	244	#
331	0.905478	80	93	103	144	166	195	210	226	#
332	0.853711	7	47	71	116	140	209	221	233	#
333	0.4098	19	37	39	42	79	149	243	255	#
334	0.894214	17	52	96	114	135	187	209	251	#
335	0.653779	53	67	95	109	117	149	194	207	#
336	0.528229	72	83	154	170	214	242	249	255	#
337	0.607192	24	43	44	89	123	142	188	225	#
338	0.367931	1	6	11	75	106	114	127	251	#
339	0.782858	1	21	35	63	123	134	141	167	#
340	0.279572	6	7	33	35	78	125	157	202	#
341	0.474099	5	59	65	132	161	220	229	249	#
342	0.699865	78	79	102	108	125	154	178	255	#
343	0.402331	7	28	36	107	154	158	189	255	#
344	0.496246	11	45	56	65	146	171	172	219	#
345	0.547994	6	22	45	74	130	157	213	253	#
346	0.294685	23	25	117	127	155	188	206	252	#
347	0.838627	24	27	40	119	149	187	198	220	#
348	0.963451	25	54	75	77	130	145	228	229	#
349	0.927096	19	69	92	148	176	195	205	252	#
350	0.968793	50	123	146	197	212	233	241	252	#
351	0.355953	15	17	49	62	93	96	236	239	#
352	0.883051	29	30	56	77	85	184	215	242	#
353	0.777835	1	88	132	134	177	233	239	240	#
354	0.281995	31	44	57	78	79	117	122	183	#
355	0.767582	77	83	84	119	136	152	166	168	#
356	0.339005	2	37	51	115	167	214	234	247	#
357	0.879075	23	25	55	70	83	180	190	237	#
358	0.550977	7	31	36	39	40	48	57	91	#
359	0.607772	39	74	77	92	169	236	242	249	#
360	0.469143	9	134	146	170	204	233	238	253	#
361	0.471561	12	60	77	93	94	146	209	214	#
362	0.346201	23	25	31	89	156	171	202	235	#
363	0.519117	14	44	59	74	97	188	191	201	#
364	0.762706	26	43	63	74	94	142	149	241	#
365	0.845464	29	41	86	118	151	200	210	215	#
366	0.963416	9	31	130	143	185	198	211	255	#
367	0.718204	2	6	26	67	130	223	227	251	#
368	0.92191	6	124	170	176	177	206	242	248	#
369	0.329118	3	49	74	84	121	133	162	183	#
370	0.49003	89	109	136	149	200	210	232	236	#
371	0.594998	4	24	44	51	69	79	163	188	#
372	0.756055	14	16	68	73	141	157	158	218	#
373	0.289765	62	110	164	193	223	239	243	252	#
374	0.592074	45	51	54	63	157	202	242	254	#
375	0.997084	10	13	136	144	178	181	198	216	#
376	0.558779	10	20	169	172	181	193	206	223	#
377	0.46185	22	44	50	163	184	212	232	254	#
378	0.660581	4	23	91	167	204	221	244	253	#
379	0.751141	1	41	66	76	93	110	175	225	#
380	0.724193	24	88	147	205	225	228	232	254	#
381	0.916055	46	73	123	137	173	188	210	253	#
382	0.706313	22	60	103	104	106	113	135	245	#
383	0.305683	105	108	114	141	154	162	179	244	#
384	0.894883	24	40	55	66	143	187	221	223	#
385	0.282662	63	65	124	141	165	197	248	249	#
386	0.970092	113	159	173	213	219	231	247	255	#
387	0.291623	9	50	73	84	134	158	159	231	#
388	0.947024	46	89	124	132	140	161	208	250	#
389	0.37077	2	32	44	62	70	118	131	205	#
390	0.291519	36	46	60	100	143	147	212	223	#
391	0.55565	0	6	34	55	78	154	176	229	#
392	0.461276	3	21	41	54	124	125	150	220	#
393	0.772962	19	65	79	125	130	137	183	203	#
394	0.549376	1	60	77	88	89	93	152	239	#
395	0.707215	3	39	40	109	148	175	207	243	#
396	0.496035	30	31	62	104	113	163	177	221	#
397	0.841483	69	72	94	149	190	221	223	240	#
398	0.593673	12	74	75	146	168	180	237	252	#
399	0.319142	44	71	77	82	83	155	199	212	#
400	0.338551	1	45	46	69	82	154	206	247	#
401	0.315921	25	28	44	60	167	176	199	252	#
402	0.84119	25	65	135	158	223	237	239	244	#
403	0.570653	20	36	39	87	146	189	195	229	#
404	0.510118	57	74	149	179	190	217	221	227	#
405	0.607347	24	25	35	42	45	160	218	227	#
406	0.845434	12	43	68	115	172	180	182	209	#
407	0.58975	22	92	106	124	156	196	226	228	#
408	0.559648	20	50	60	75	76	93	175	194	#
409	0.731153	0	29	82	147	148	173	185	242	#
410	0.86506	58	83	111	171	186	204	221	224	#
411	0.278116	3	103	110	207	220	224	237	244	#
412	0.534032	0	74	93	111	116	161	241	246	#
413	0.895612	42	49	58	68	136	144	149	232	#
414	0.349746	38	66	67	84	115	129	145	209	#
415	0.99538	16	93	102	116	143	147	166	212	#
416	0.576307	2	64	72	106	177	187	206	233	#
417	0.444463	38	81	121	123	183	189	204	233	#
418	0.954788	39	42	127	134	155	174	207	227	#
419	0.750895	35	53	69	127	128	215	216	224	#
420	0.943043	17	55	89	109	111	188	228	244	#
421	0.402146	91	94	158	166	185	191	200	253	#
422	0.643624	1	15	125	136	140	184	201	219	#
423	0.577279	2	44	60	113	115	119	164	176	#
424	0.539046	27	83	86	112	175	186	211	226	#
425	0.689678	19	29	78	97	111	201	209	215	#
426	0.587903	36	72	85	91	99	114	187	235	#
427	0.903069	7	19	21	60	99	152	176	237	#
428	0.384288	5	17	27	48	86	170	204	227	#
429	0.965904	12	24	54	150	207	230	235	244	#
430	0.497661	10	11	63	69	90	115	141	192	#
431	0.465513	17	29	48	83	87	106	190	239	#
432	0.282636	8	49	60	97	118	170	207	211	#
433	0.753915	37	41	89	95	116	213	224	248	#
434	0.892451	60	98	108	110	182	186	193	214	#
435	0.894184	53	54	64	65	79	123	161	188	#
436	0.773275	47	72	74	99	121	139	208	255	#
437	0.566838	13	58	73	83	116	226	236	242	#
438	0.60952	31	33	52	66	123	140	156	161	#
439	0.754163	15	86	94	134	138	141	186	252	#
440	0.48275	7	133	143	155	186	190	220	254	#
441	0.820853	10	13	18	21	122	130	151	224	#
442	0.595445	57	65	126	169	189	195	203	218	#
443	0.862947	20	84	95	138	153	157	200	229	#
444	0.894828	19	27	38	42	54	122	212	222	#
445	0.637827	22	38	58	76	150	179	212	223	#
446	0.345162	2	22	98	103	117	140	178	206	#
447	0.520015	6	17	69	94	149	161	175	217	#
448	0.746862	3	31	77	104	117	140	167	229	#
449	0.583018	14	25	108	116	119	141	148	204	#
450	0.288759	38	54	63	91	92	113	189	241	#
451	0.571027	28	38	62	108	121	122	178	232	#
452	0.398484	13	45	53	133	192	194	225	227	#
453	0.85458	11	58	82	105	133	152	195	247	#
454	0.801277	6	83	93	130	134	150	196	197	#
455	0.534984	18	33	75	83	138	206	229	239	#
456	0.340063	4	57	87	109	119	127	136	199	#
457	0.864064	34	49	83	138	159	191	197	240	#
458	0.823757	33	38	49	51	63	126	138	202	#
459	0.383797	68	102	113	143	150	174	183	192	#
460	0.424876	5	17	27	82	90	132	213	214	#
461	0.732709	36	45	89	158	183	200	228	233	#
462	0.74758	19	32	66	83	98	100	135	237	#
463	0.643005	20	30	53	64	105	142	161	247	#
464	0.331295	7	37	60	113	158	165	187	240	#
465	0.485188	33	44	58	95	179	181	187	242	#
466	0.511628	14	48	73	106	115	180	187	255	#
467	0.382618	24	48	76	92	121	207	233	234	#
468	0.264732	48	70	91	162	170	198	228	236	#
469	0.829277	47	50	53	67	85	203	227	236	#
470	0.948119	1	7	80	101	161	185	235	237	#
471	0.734039	35	114	126	152	174	186	202	214	#
472	0.695185	2	11	68	104	110	152	184	228	#
473	0.449528	27	42	68	77	137	159	174	200	#
474	0.317255	15	24	31	96	98	123	142	183	#
475	0.512906	30	86	88	158	169	175	210	220	#
476	0.700584	6	20	25	63	81	84	168	214	#
477	0.708132	2	23	89	94	156	185	212	240	#
478	0.745022	9	104	132	150	177	184	249	250	#
479	0.282463	46	71	127	165	193	204	216	231	#
480	0.322236	11	33	44	57	124	171	218	249	#
481	0.384259	1	13	28	30	87	99	182	188	#
482	0.989056	62	85	119	123	198	200	218	225	#
483	0.872213	33	43	55	82	83	186	202	205	#
484	0.994261	49	53	119	146	195	226	239	254	#
485	0.683483	18	25	70	81	131	191	205	227	#
486	0.410519	8	64	68	102	129	147	216	227	#
487	0.372782	35	51	54	69	113	228	235	250	#
488	0.734343	0	103	140	211	220	222	244	247	#
489	0.328568	20	81	97	168	203	205	221	222	#
490	0.929553	4	21	22	34	47	98	149	215	#
491	0.928398	6	35	59	64	145	201	216	225	#
492	0.934476	13	70	92	101	120	125	203	243	#
493	0.645451	14	21	84	90	113	154	170	218	#
494	0.284935	2	3	19	46	56	122	177	181	#
495	0.553512	9	47	94	145	165	211	220	235	#
496	0.973632	18	23	36	51	66	135	150	164	#
497	0.855496	17	41	67	74	116	188	215	231	#
498	0.508947	47	49	58	61	86	143	190	202	#
499	0.560834	91	139	196	197	209	227	229	232	#
500	0.843427	63	67	82	128	153	216	220	235	#
501	0.296154	24	27	64	102	117	153	168	207	#
502	0.32965	16	21	131	139	143	181	199	253	#
503	0.644311	93	100	116	119	168	185	223	252	#
504	0.981865	28	42	77	80	113	197	231	232	#
505	0.419131	14	27	36	79	88	129	140	249	#
506	0.84214	44	68	136	160	172	176	249	255	#
507	0.3049	7	22	29	37	100	119	166	223	#
508	0.804743	19	34	85	110	146	173	196	208	#
509	0.555867	4	9	44	47	48	60	87	138	#
510	0.683528	3	8	107	125	194	201	216	241	#
511	0.392592	5	14	56	58	118	121	152	192	#
512	0.594878	23	24	61	108	120	158	177	204	#
513	0.887634	41	50	143	157	163	213	217	225	#
514	0.634483	85	96	132	149	162	176	203	232	#
515	0.784845	16	62	63	71	76	103	173	193	#
516	0.877863	12	24	52	130	157	189	210	218	#
517	0.661741	12	16	19	33	74	145	181	220	#
518	0.913184	9	36	54	81	92	214	248	255	#
519	0.675321	36	71	98	123	134	156	188	218	#
520	0.336199	19	62	73	85	111	117	137	235	#
521	0.603578	13	75	104	129	151	190	219	235	#
522	0.991837	29	65	77	142	183	187	188	208	#
523	0.909081	1	49	54	71	95	163	191	208	#
524	0.455444	12	24	73	123	139	187	223	242	#
525	0.848946	7	14	66	70	97	120	228	248	#
526	0.62061	88	96	132	148	162	194	202	216	#
527	0.433828	29	32	45	86	89	151	216	234	#
528	0.996367	13	25	30	94	105	176	183	237	#
529	0.410006	17	51	80	116	132	165	170	214	#
530	0.427044	59	78	146	190	194	204	214	217	#
531	0.6273	81	85	96	133	163	203	210	235	#
532	0.398656	3	68	190	192	201	228	239	251	#
533	0.84334	17	26	162	169	191	198	215	248	#
534	0.883819	34	111	137	147	182	205	242	252	#
535	0.481171	41	76	79	123	149	207	225	241	#
536	0.947358	16	30	41	57	175	214	244	245	#
537	0.71074	4	38	68	171	180	182	234	244	#
538	0.452678	31	35	76	157	161	178	179	245	#
539	0.853152	17	51	109	133	160	191	213	219	#
540	0.830685	2	41	66	72	126	144	152	200	#
541	0.546493	8	35	54	57	62	105	148	247	#
542	0.75547	129	146	170	178	184	185	187	193	#
543	0.797349	5	47	89	92	142	210	218	232	#
544	0.680767	54	56	83	116	162	168	240	247	#
545	0.567588	64	101	152	160	181	191	200	252	#
546	0.933631	4	42	71	87	124	190	205	206	#
547	0.617435	19	35	75	129	132	213	248	255	#
548	0.460723	8	76	121	157	177	191	199	235	#
549	0.737344	14	17	19	39	103	111	114	246	#
550	0.766589	91	92	110	125	154	161	212	223	#
551	0.726155	12	23	70	115	171	176	216	232	#
552	0.961069	105	135	150	160	166	199	202	223	#
553	0.730141	15	79	84	152	187	190	214	219	#
554	0.581469	26	71	84	109	147	148	155	229	#
555	0.998752	22	67	96	99	120	128	197	229	#
556	0.947704	56	74	83	120	153	195	240	253	#
557	0.8142	35	77	121	137	163	205	207	234	#
558	0.579802	12	32	105	124	144	165	175	180	#
559	0.910891	3	20	54	89	91	185	188	214	#
560	0.689311	82	98	104	146	169	174	204	255	#
561	0.384674	11	30	112	115	129	150	192	201	#
562	0.864428	15	61	80	187	199	216	234	237	#
563	0.35991	54	77	138	236	241	247	252	253	#
564	0.662875	81	85	92	107	115	190	228	237	#
565	0.809928	2	36	37	62	90	96	156	254	#
566	0.320101	0	38	86	88	91	168	216	249	#
567	0.812188	15	34	40	76	154	171	198	219	#
568	0.331159	42	50	55	160	171	204	227	251	#
569	0.466537	2	18	67	93	124	206	219	230	#
570	0.972632	32	152	158	174	219	232	239	252	#
571	0.70283	57	88	104	108	109	123	129	134	#
572	0.276677	16	91	118	158	189	195	222	231	#
573	0.317627	31	93	94	126	175	183	201	231	#
574	0.469926	35	73	148	165	171	172	191	222	#
575	0.977702	76	89	127	146	198	205	244	253	#
576	0.681141	19	28	75	122	128	143	225	241	#
577	0.656846	33	51	77	108	147	192	220	246	#
578	0.532434	12	15	109	110	121	177	226	228	#
579	0.467193	11	21	24	51	55	175	213	238	#
580	0.992077	31	70	87	99	136	151	204	237	#
581	0.622268	11	32	33	61	72	170	213	219	#
582	0.276777	17	77	119	144	173	200	214	237	#
583	0.85017	10	22	27	32	82	87	184	242	#
584	0.353921	10	107	118	138	192	215	223	247	#
585	0.341574	3	37	126	159	162	224	227	255	#
586	0.631423	1	4	22	31	39	43	83	120	#
587	0.993346	18	35	38	70	81	182	206	212	#
588	0.326909	8	14	18	47	122	178	210	228	#
589	0.329453	28	31	59	90	115	146	159	203	#
590	0.278872	8	47	58	108	147	148	163	171	#
591	0.657851	15	32	92	104	112	192	226	230	#
592	0.94177	139	154	208	217	227	243	252	254	#
593	0.637014	3	28	57	90	127	160	179	251	#
594	0.979848	3	20	112	114	127	148	169	181	#
595	0.902467	15	18	131	152	178	195	197	218	#
596	0.269201	16	64	67	86	88	109	181	185	#
597	0.574353	1	40	63	66	73	93	103	227	#
598	0.682251	3	31	39	116	128	132	223	232	#
599	0.558836	5	67	146	147	175	197	220	234	#
600	0.919929	37	65	95	115	178	181	213	232	#
601	0.551307	11	12	16	21	75	121	191	220	#
602	0.481772	22	50	59	106	206	210	244	246	#
603	0.835249	67	73	110	150	203	231	236	239	#
604	0.273296	10	87	96	129	158	173	184	225	#
605	0.380904	12	29	40	47	82	183	229	240	#
606	0.657339	75	131	132	139	152	159	207	250	#
607	0.711728	13	100	141	162	173	186	224	234	#
608	0.977841	11	19	40	57	105	126	178	221	#
609	0.556519	44	69	80	100	158	166	225	226	#
610	0.521501	16	46	115	142	169	173	179	190	#
611	0.47027	46	68	83	159	165	196	224	227	#
612	0.661789	75	81	87	100	103	196	208	248	#
613	0.631854	35	40	86	102	110	132	241	254	#
614	0.619981	11	71	90	97	203	208	222	224	#
615	0.390262	23	25	42	43	166	174	237	247	#
616	0.997989	18	81	126	136	172	226	245	249	#
617	0.890152	4	60	94	163	187	197	210	237	#
618	0.316072	21	36	38	41	57	104	105	133	#
619	0.925366	17	32	93	110	153	154	223	252	#
620	0.784673	11	30	57	81	176	193	196	254	#
621	0.650197	18	64	90	107	190	208	216	236	#
622	0.620316	20	88	90	113	143	148	185	195	#
623	0.606712	18	35	36	101	110	186	187	251	#
624	0.298254	7	40	46	64	70	79	143	227	#
625	0.857819	8	51	126	137	146	174	228	230	#
626	0.711983	40	62	64	120	135	166	198	226	#
627	0.337408	14	29	68	97	102	108	175	248	#
628	0.384539	10	22	31	48	58	123	125	139	#
629	0.301367	64	69	102	145	161	176	235	252	#
630	0.895758	1	33	46	62	208	246	249	254	#
631	0.55218	6	86	106	107	191	228	241	248	#
632	0.407621	44	57	67	105	107	131	200	222	#
633	0.892154	1	24	30	32	73	156	173	213	#
634	0.388225	35	38	82	96	158	164	178	208	#
635	0.26326	1	58	84	86	93	105	165	183	#
636	0.823009	20	21	62	121	156	165	195	223	#
637	0.702311	19	38	105	129	164	195	200	246	#
638	0.37389	6	28	30	56	156	161	245	254	#
639	0.952071	4	30	55	83	89	105	126	244	#
640	0.814745	10	16	39	82	92	176	223	232	#
641	0.547183	42	56	63	99	237	246	248	255	#
642	0.595057	3	61	87	88	150	161	165	214	#
643	0.974307	6	39	59	149	201	209	244	250	#
644	0.30258	105	143	155	159	190	196	198	226	#
645	0.501469	40	56	69	77	121	157	212	225	#
646	0.399153	42	70	84	101	174	184	197	244	#
647	0.991955	19	49	61	74	122	159	178	253	#
648	0.570786	25	59	68	73	83	94	129	140	#
649	0.782875	15	20	21	25	33	54	108	231	#
650	0.335495	24	39	46	58	157	204	240	248	#
651	0.37697	9	27	76	111	115	137	174	253	#
652	0.382436	4	38	44	67	91	135	159	231	#
653	0.510944	1	4	52	77	110	142	144	204	#
654	0.866936	14	54	55	71	110	119	194	210	#
655	0.621284	43	122	157	162	186	190	222	232	#
656	0.715562	21	31	56	101	118	120	160	250	#
657	0.507853	8	61	82	152	163	169	195	252	#
658	0.673255	39	93	94	109	139	148	167	181	#
659	0.787896	40	47	62	93	128	134	149	223	#
660	0.957026	9	57	63	98	111	148	208	240	#
661	0.506062	22	24	26	37	48	49	64	197	#
662	0.359729	5	51	55	78	110	138	220	240	#
663	0.262766	36	47	84	98	140	200	243	246	#
664	0.651331	5	48	79	84	158	179	191	216	#
665	0.410379	33	54	101	165	170	208	226	246	#
666	0.687356	0	78	82	106	136	173	174	208	#
667	0.522719	36	94	96	163	176	181	212	229	#
668	0.724478	87	107	110	143	156	162	233	236	#
669	0.699367	49	60	107	125	145	246	253	254	#
670	0.404799	19	48	89	96	97	145	170	179	#
671	0.419923	2	4	31	42	89	145	157	202	#
672	0.954117	1	10	107	123	146	155	192	231	#
673	0.542598	13	24	43	53	62	64	78	162	#
674	0.371137	19	100	146	186	200	222	228	244	#
675	0.624955	3	8	10	72	142	153	166	206	#
676	0.26939	30	88	110	132	160	167	209	219	#
677	0.89524	12	44	74	127	166	188	208	222	#
678	0.613253	8	15	21	58	91	151	181	226	#
679	0.586678	12	13	42	182	183	201	202	234	#
680	0.540201	28	45	50	79	121	166	202	248	#
681	0.348181	2	30	40	44	167	201	206	236	#
682	0.418927	53	110	124	176	180	206	230	240	#
683	0.557496	56	82	103	128	141	183	194	219	#
684	0.556943	37	52	71	140	176	191	222	237	#
685	0.880325	1	10	24	43	64	84	106	176	#
686	0.370744	24	51	95	114	149	198	215	236	#
687	0.393676	6	15	36	40	186	200	214	251	#
688	0.656987	0	36	37	45	127	165	166	203	#
689	0.51066	37	40	110	117	129	166	238	255	#
690	0.53566	5	33	44	91	101	149	183	219	#
691	0.720669	23	30	45	133	158	192	201	205	#
692	0.642269	68	90	116	152	156	203	211	237	#
693	0.81847	1	5	19	90	139	148	217	254	#
694	0.934265	12	20	46	87	93	122	129	254	#
695	0.791325	13	54	65	72	116	147	151	199	#
696	0.984558	0	4	39	99	106	170	171	252	#
697	0.730855	44	55	77	123	164	172	182	222	#
698	0.689085	58	118	119	120	142	222	228	243	#
699	0.966846	5	16	38	47	83	130	142	203	#
700	0.617707	17	97	144	174	212	222	227	236	#
701	0.405792	63	70	94	101	126	177	224	228	#
702	0.86535	61	63	133	178	181	190	207	230	#
703	0.297602	38	64	99	124	153	195	207	227	#
704	0.835677	5	30	40	55	91	159	197	207	#
705	0.268746	41	191	193	213	219	226	235	241	#
706	0.481349	9	30	31	61	111	153	227	251	#
707	0.871071	13	58	95	139	174	216	226	240	#
708	0.390722	47	62	118	122	150	171	227	254	#
709	0.741453	43	62	93	110	137	147	162	203	#
710	0.891005	12	52	87	93	99	140	147	239	#
711	0.688092	13	27	51	83	125	159	160	198	#
712	0.907619	39	78	97	106	116	148	183	245	#
713	0.712752	38	44	55	107	160	182	200	228	#
714	0.602741	42	78	105	112	124	165	247	250	#
715	0.659613	25	53	63	92	105	112	165	169	#
716	0.444736	16	29	120	123	138	175	178	195	#
717	0.503016	38	131	136	196	219	223	227	252	#
718	0.733344	56	59	92	106	167	203	220	229	#
719	0.393747	1	46	145	146	185	189	195	250	#
720	0.567591	6	10	52	94	135	194	200	205	#
721	0.308154	20	28	193	203	210	213	214	231	#
722	0.505003	27	36	55	91	167	170	204	221	#
723	0.630446	2	45	106	118	137	176	193	221	#
724	0.332469	2	8	84	116	130	180	191	219	#
725	0.318351	29	38	116	131	153	187	188	192	#
726	0.698395	3	71	80	134	148	158	166	173	#
727	0.801854	26	75	97	107	124	196	215	253	#
728	0.565238	11	28	32	48	50	80	83	205	#
729	0.521426	8	44	64	107	137	195	200	201	#
730	0.794619	67	73	103	125	184	190	208	231	#
731	0.822695	22	61	115	158	169	179	202	241	#
732	0.406908	89	123	134	139	169	190	221	253	#
733	0.979963	9	47	84	112	163	189	191	220	#
734	0.613625	24	58	101	110	129	164	191	245	#
735	0.670805	43	50	95	120	146	153	190	195	#
736	0.91682	73	89	99	109	117	130	226	230	#
737	0.50157	6	20	24	75	98	113	131	241	#
738	0.93091	2	59	94	96	102	131	206	253	#
739	0.737291	15	34	60	94	137	147	167	200	#
740	0.500061	13	25	138	146	160	205	213	237	#
741	0.700675	11	29	141	143	182	204	209	223	#
742	0.373214	70	119	124	135	142	176	188	252	#
743	0.322785	2	22	24	45	64	157	237	249	#
744	0.921159	9	12	161	172	175	187	213	214	#
745	0.661452	2	32	66	105	116	122	138	227	#
746	0.496186	27	94	130	132	145	147	174	184	#
747	0.789314	21	118	125	145	174	178	190	199	#
748	0.554084	11	15	42	75	93	120	162	164	#
749	0.524035	9	26	39	166	169	174	203	246	#
750	0.9889	9	74	75	96	201	220	234	248	#
751	0.700983	23	68	113	146	148	154	164	209	#
752	0.342793	0	2	69	88	103	151	189	234	#
753	0.588592	3	4	9	46	103	125	162	255	#
754	0.814924	63	149	152	192	207	209	239	254	#
755	0.27516	3	23	24	84	117	192	222	241	#
756	0.947954	3	5	6	10	74	77	138	168	#
757	0.627486	44	80	94	109	150	184	231	236	#
758	0.780457	56	79	89	94	136	159	202	236	#
759	0.874176	8	30	52	86	99	122	195	205	#
760	0.80044	61	73	74	93	96	101	128	177	#
761	0.485594	45	56	99	120	142	169	180	214	#
762	0.294177	32	48	58	83	113	120	202	204	#
763	0.638182	20	43	72	153	179	202	226	232	#
764	0.295153	40	42	81	126	149	162	185	221	#
765	0.261708	113	126	148	153	179	190	217	241	#
766	0.653404	18	24	45	87	89	111	207	249	#
767	0.458274	60	65	70	84	91	109	162	202	#
768	0.288471	8	60	142	184	190	209	219	240	#
769	0.833623	32	34	53	92	120	176	242	249	#
770	0.480947	59	93	106	147	188	191	208	213	#
771	0.667491	7	12	125	142	155	161	178	196	#
772	0.831859	31	72	91	121	158	242	244	247	#
773	0.98686	1	15	53	60	87	130	183	250	#
774	0.823859	40	75	142	145	184	227	238	252	#
775	0.998988	9	43	49	51	75	214	221	235	#
776	0.389963	29	86	109	129	152	164	167	190	#
777	0.69373	41	85	92	118	126	197	203	224	#
778	0.432218	44	54	101	104	166	209	240	244	#
779	0.872315	25	45	118	119	125	132	135	236	#
780	0.872658	18	79	116	126	163	173	190	214	#
781	0.952152	33	69	131	152	156	211	254	255	#
782	0.909249	21	104	162	191	206	221	244	253	#
783	0.713447	33	35	40	49	156	203	214	229	#
784	0.715209	73	83	126	157	168	196	217	219	#
785	0.413753	10	24	31	40	68	78	142	170	#
786	0.884634	78	83	97	161	165	198	212	234	#
787	0.33372	12	44	78	114	120	198	201	239	#
788	0.765601	70	74	85	100	171	187	219	248	#
789	0.581982	28	69	99	118	128	156	171	246	#
790	0.471693	39	55	90	116	138	150	176	179	#
791	0.314477	9	28	88	100	166	206	220	225	#
792	0.763344	25	56	64	129	157	173	213	230	#
793	0.436917	45	54	66	67	74	158	161	204	#
794	0.88842	97	115	121	132	136	158	181	189	#
795	0.835815	4	36	54	115	166	217	224	232	#
796	0.704481	85	93	104	117	147	186	221	230	#
797	0.892841	82	106	120	133	164	215	237	241	#
798	0.441585	7	16	22	39	43	174	202	205	#
799	0.732207	13	18	19	83	125	156	186	212	#
800	0.523159	31	34	71	108	121	142	217	234	#
801	0.424941	36	39	52	139	151	170	224	252	#
802	0.93386	51	66	79	109	150	178	216	227	#
803	0.277361	12	31	43	58	120	146	161	251	#
804	0.354005	1	6	38	56	73	106	112	180	#
805	0.572319	2	82	85	173	210	211	218	251	#
806	0.476505	0	1	14	28	78	120	168	182	#
807	0.529368	15	32	53	201	206	217	232	233	#
808	0.944324	3	13	53	83	119	140	217	235	#
809	0.673992	45	56	99	113	149	211	214	237	#
810	0.310381	20	34	35	81	147	174	193	197	#
811	0.451573	21	33	60	104	139	174	219	245	#
812	0.958412	79	92	179	186	212	220	230	239	#
813	0.344595	60	66	79	130	138	161	235	246	#
814	0.373843	68	75	96	128	182	202	222	230	#
815	0.523879	45	98	108	110	155	167	169	180	#
816	0.803997	35	44	62	69	82	83	106	204	#
817	0.441524	22	66	71	72	149	188	228	250	#
818	0.43478	2	32	35	72	115	150	207	216	#
819	0.717468	33	67	88	97	132	154	203	243	#
820	0.880557	116	132	159	185	210	227	230	253	#
821	0.89098	1	17	49	50	111	135	187	253	#
822	0.916126	0	1	26	81	138	143	196	198	#
823	0.762995	29	46	55	92	193	206	236	241	#
824	0.664107	10	14	57	67	77	137	213	245	#
825	0.356638	39	59	114	120	131	147	163	236	#
826	0.303778	40	47	57	79	127	129	136	206	#
827	0.618822	3	14	29	55	126	169	185	227	#
828	0.480336	54	63	64	187	192	199	212	244	#
829	0.50497	12	61	130	146	203	209	241	252	#
830	0.747338	117	123	126	140	141	179	218	250	#
831	0.696358	25	91	114	116	133	139	166	248	#
832	0.778722	53	80	162	192	196	202	209	245	#
833	0.281666	8	30	42	46	53	164	213	226	#
834	0.498013	12	38	45	103	167	168	197	226	#
835	0.564131	18	20	55	107	150	161	214	244	#
836	0.537616	38	49	57	81	130	193	218	253	#
837	0.711628	8	35	50	53	73	192	213	231	#
838	0.641868	16	29	88	101	146	204	238	246	#
839	0.549583	31	44	73	100	142	155	168	245	#
840	0.323721	31	62	140	148	165	187	226	234	#
841	0.372333	11	70	72	144	156	166	224	244	#
842	0.901554	1	4	44	74	109	139	182	192	#
843	0.276927	3	27	88	103	111	179	188	225	#
844	0.707794	68	114	146	148	163	174	218	248	#
845	0.914358	123	144	152	175	184	194	222	244	#
846	0.763997	17	19	44	118	137	174	199	220	#
847	0.548259	8	18	23	34	150	187	236	255	#
848	0.40289	41	44	65	128	162	195	203	205	#
849	0.284621	29	41	72	86	100	136	155	162	#
850	0.727341	29	57	67	84	102	146	160	223	#
851	0.456737	49	96	120	122	131	157	161	236	#
852	0.678135	0	35	36	127	165	168	184	206	#
853	0.431629	27	117	123	137	153	157	159	243	#
854	0.467626	34	35	61	162	181	187	218	254	#
855	0.711258	48	88	113	116	118	142	146	212	#
856	0.951419	5	12	14	108	111	162	171	240	#
857	0.972895	119	124	125	150	169	214	230	233	#
858	0.616031	28	51	81	118	125	130	159	170	#
859	0.825348	14	62	95	110	168	201	215	244	#
860	0.978521	28	42	60	73	84	94	144	189	#
861	0.785697	6	9	16	17	163	178	220	232	#
862	0.396237	23	47	67	68	82	114	125	185	#
863	0.403328	10	39	69	81	106	149	154	170	#
864	0.718935	67	81	94	158	168	188	195	197	#
865	0.495829	5	32	37	106	182	196	236	239	#
866	0.867356	52	63	69	92	122	148	198	251	#
867	0.307789	13	23	85	118	165	168	213	237	#
868	0.503584	26	41	104	118	143	148	196	210	#
869	0.584392	13	52	67	80	98	192	218	241	#
870	0.810056	20	112	164	178	188	218	233	253	#
871	0.399195	0	9	21	92	96	159	172	179	#
872	0.510874	2	23	87	121	129	131	162	220	#
873	0.573622	16	46	55	124	169	177	208	211	#
874	0.28567	69	96	100	166	193	225	237	244	#
875	0.533742	5	6	23	40	72	115	192	232	#
876	0.693766	3	10	15	102	105	119	243	255	#
877	0.604176	1	57	77	139	181	205	209	240	#
878	0.868473	56	67	87	169	184	216	220	237	#
879	0.880848	86	92	127	142	160	196	198	236	#
880	0.973934	23	30	65	100	107	162	182	215	#
881	0.665912	71	93	103	104	136	182	193	212	#
882	0.65634	36	40	54	85	105	112	191	253	#
883	0.633736	86	92	133	163	200	207	219	243	#
884	0.805679	9	85	96	111	118	157	164	243	#
885	0.973442	11	29	30	53	79	115	202	230	#
886	0.481082	10	50	98	127	139	142	162	164	#
887	0.861431	78	82	83	128	142	190	199	210	#
888	0.684909	16	63	85	173	184	187	207	253	#
889	0.534626	17	22	54	72	76	197	229	234	#
890	0.737661	1	34	38	63	155	194	210	234	#
891	0.425802	5	47	54	73	115	136	166	216	#
892	0.496947	13	16	27	63	119	217	237	245	#
893	0.463492	13	40	90	101	109	131	182	220	#
894	0.945709	23	100	103	107	119	134	170	209	#
895	0.542337	12	108	113	149	191	213	239	240	#
896	0.528903	43	108	115	146	173	195	236	238	#
897	0.665913	47	59	123	137	144	148	215	246	#
898	0.290139	14	88	144	150	152	220	225	250	#
899	0.436514	7	30	36	43	47	88	154	186	#
900	0.748961	17	72	82	93	96	100	190	213	#
901	0.827482	30	150	171	177	186	194	208	250	#
902	0.723578	19	75	89	131	144	172	178	238	#
903	0.916779	9	20	86	143	178	210	213	222	#
904	0.303284	22	31	102	137	171	198	206	235	#
905	0.479929	11	35	56	67	81	141	216	255	#
906	0.840745	105	148	161	174	178	239	246	251	#
907	0.71233	21	30	41	82	120	145	154	230	#
908	0.544269	9	14	22	28	39	75	131	205	#
909	0.689725	5	40	57	65	109	113	154	227	#
910	0.592918	54	71	74	142	170	219	225	237	#
911	0.497221	99	107	125	164	167	182	191	200	#
912	0.494392	40	45	67	95	107	180	212	238	#
913	0.512359	41	61	65	72	100	110	143	243	#
914	0.847402	29	36	58	131	132	143	152	205	#
915	0.376349	31	39	88	93	198	202	216	227	#
916	0.695726	24	70	75	76	114	127	216	249	#
917	0.587288	8	59	73	82	89	143	173	189	#
918	0.957872	66	83	150	153	194	205	221	238	#
919	0.554521	120	121	157	158	169	170	174	178	#
920	0.303924	13	21	51	86	90	103	134	204	#
921	0.833701	14	25	31	84	94	111	141	188	#
922	0.506153	2	4	5	16	49	81	134	183	#
923	0.335	63	83	125	193	197	203	228	236	#
924	0.761465	0	15	38	97	164	206	230	232	#
925	0.973001	44	49	84	106	142	154	166	244	#
926	0.488899	66	102	154	162	186	230	246	251	#
927	0.294727	36	44	69	148	155	169	207	212	#
928	0.859706	13	21	101	140	161	209	214	253	#
929	0.590547	38	61	64	106	131	192	195	227	#
930	0.517313	7	66	108	133	163	202	205	254	#
931	0.38366	37	80	87	95	117	135	146	218	#
932	0.788197	42	47	74	91	102	109	114	136	#
933	0.418552	46	51	122	163	167	168	180	207	#
934	0.843536	1	21	61	68	121	199	232	249	#
935	0.85202	0	72	90	101	167	182	183	200	#
936	0.306751	3	32	51	68	80	135	220	250	#
937	0.774752	16	55	79	144	205	236	239	246	#
938	0.68126	29	75	76	80	151	154	169	182	#
939	0.562413	7	14	49	97	137	144	181	245	#
940	0.976202	55	101	120	124	163	167	207	224	#
941	0.865647	46	64	80	122	156	165	189	254	#
942	0.947981	19	41	56	128	155	177	218	225	#
943	0.627872	16	60	115	163	205	222	231	242	#
944	0.681877	7	40	62	95	96	172	226	247	#
945	0.368461	18	94	117	127	139	160	187	192	#
946	0.88383	6	7	13	18	20	79	165	195	#
947	0.784999	17	35	158	172	175	197	223	232	#
948	0.312517	13	69	104	112	158	177	192	200	#
949	0.269186	14	24	45	67	75	94	103	203	#
950	0.696624	7	9	11	37	140	157	165	228	#
951	0.555414	24	52	120	187	217	237	238	242	#
952	0.262921	3	65	70	75	120	132	147	195	#
953	0.952872	6	14	24	28	139	144	167	246	#
954	0.842311	34	40	51	163	183	186	192	212	#
955	0.509275	46	59	90	98	104	193	195	238	#
956	0.819766	50	59	121	126	141	152	166	244	#
957	0.667135	7	77	81	86	121	134	192	232	#
958	0.502544	58	85	114	143	157	175	219	248	#
959	0.738242	2	28	53	58	109	116	158	255	#
960	0.685324	37	49	55	156	158	187	194	204	#
961	0.78999	18	62	74	77	111	142	153	185	#
962	0.600174	74	79	102	126	129	163	179	233	#
963	0.732543	32	57	72	175	178	183	205	207	#
964	0.458045	66	71	88	91	111	184	197	211	#
965	0.997284	42	56	76	104	133	198	229	230	#
966	0.871556	32	35	36	38	130	180	224	253	#
967	0.961454	36	87	104	136	148	175	219	228	#
968	0.610592	60	78	80	118	125	144	146	223	#
969	0.869559	0	45	83	97	123	163	227	246	#
970	0.756236	19	31	86	94	126	173	188	199	#
971	0.757152	15	70	107	144	145	156	193	199	#
972	0.768745	28	84	105	206	210	222	235	247	#
973	0.726323	37	54	66	77	123	127	207	253	#
974	0.500587	39	100	122	136	138	155	168	219	#
975	0.743545	70	72	85	140	179	203	207	219	#
976	0.373981	2	21	39	43	134	219	220	251	#
977	0.411432	58	64	88	144	169	189	197	225	#
978	0.359446	16	65	112	121	125	215	234	250	#
979	0.841528	76	81	87	115	116	124	234	237	#
980	0.581717	33	102	137	170	200	202	216	237	#
981	0.728628	37	57	63	66	161	233	236	247	#
982	0.655617	40	83	105	134	148	156	227	244	#
983	0.451883	43	79	111	122	144	147	153	224	#
984	0.843626	21	22	101	154	163	167	192	253	#
985	0.319048	35	88	100	102	104	198	200	241	#
986	0.308127	30	38	56	122	152	179	224	237	#
987	0.61642	63	64	95	107	120	194	204	213	#
988	0.43194	11	78	98	146	154	159	165	251	#
989	0.315597	15	41	51	75	77	86	146	226	#
990	0.934761	33	124	126	154	202	221	234	249	#
991	0.53337	32	42	60	127	142	223	227	249	#
992	0.440718	11	43	60	93	98	104	125	129	#
993	0.638389	14	42	49	64	134	147	150	159	#
994	0.859538	56	108	170	197	205	208	229	249	#
995	0.284521	54	61	68	147	181	188	209	223	#
996	0.732306	38	55	70	173	178	194	201	255	#
997	0.882807	23	46	59	64	146	171	197	238	#
998	0.951104	39	46	49	54	80	180	195	255	#
999	0.670219	75	78	80	92	104	118	126	188	#
