%% File generated by CATS v.2.1Thu Apr 15 09:58:59 2021

%% The CATS webpage is http://robotics.stanford.edu/CATS

%% PARAMETER SETTINGS:
% Goods: 100; Bids: 300; Distribution: L6; Runs: 1; Seed: 1618641635
% Legacy distribution parameters:
% Number of goods chosen according to Exponential distribution (q = 5).
% Price chosen according to Linear Random distribution (low_linearly = 1, high_linearly = 1000).


goods 100
bids 300
dummy 0

0	7189.91	9	12	20	58	61	71	85	86	88	#
1	16159.4	1	2	6	14	19	33	39	47	50	51	53	55	58	63	68	70	74	75	76	78	82	89	90	91	92	93	#
2	376.794	8	10	#
3	102.747	22	69	#
4	595.719	60	#
5	5193.77	8	13	19	26	27	34	39	53	60	62	63	69	84	85	93	99	#
6	534.557	56	86	#
7	2433.25	9	16	36	83	97	#
8	432.89	65	#
9	1168.62	3	91	#
10	917.307	76	#
11	1701.03	10	25	43	#
12	7245.97	4	18	30	40	54	56	65	67	84	#
13	504.081	96	#
14	4455.93	25	58	61	78	84	89	#
15	363.714	0	36	57	61	79	94	#
16	627.866	53	#
17	1673.79	6	18	#
18	1503.71	9	36	38	63	85	91	96	99	#
19	2101.38	29	44	51	79	86	#
20	35.4408	88	#
21	1911.94	22	83	#
22	1561.59	5	10	90	#
23	8394.33	1	2	13	23	30	38	56	76	81	91	#
24	5023.43	0	14	32	52	90	99	#
25	2784.03	18	49	72	#
26	1000.58	39	75	#
27	771.289	1	8	52	74	#
28	4342.82	0	1	9	48	66	87	#
29	824.932	27	#
30	1782.66	30	36	81	#
31	4140.73	31	37	47	63	74	78	#
32	3580.4	33	38	64	70	82	#
33	5297.4	30	35	37	44	52	81	96	#
34	3164.84	0	7	11	15	33	70	#
35	4182.33	34	38	40	59	69	86	#
36	985.891	16	37	#
37	11927.2	10	21	37	38	42	43	49	52	55	65	84	96	#
38	51.8998	89	#
39	2911.56	20	50	67	#
40	4113.7	2	7	34	35	56	63	#
41	1115.44	33	53	76	#
42	7874.15	7	19	21	50	52	60	67	82	89	#
43	860.094	39	#
44	752.447	84	#
45	2224.26	14	15	58	98	#
46	9837.5	6	18	25	39	44	68	72	76	78	91	96	97	#
47	3211.6	18	38	73	93	#
48	1288.27	7	29	32	40	#
49	582.319	15	#
50	4649.94	10	16	40	50	55	60	75	89	96	#
51	1020.11	16	29	32	68	79	#
52	13660.5	6	8	10	12	14	23	24	27	39	44	46	52	64	65	69	74	75	77	81	88	92	93	#
53	1287.83	41	55	67	73	75	#
54	791.648	99	#
55	5091.91	23	29	35	36	53	57	76	83	89	92	96	#
56	1460.55	12	22	34	#
57	3209.84	16	51	89	99	#
58	5584.87	7	26	28	30	61	78	#
59	1086.09	15	57	#
60	650.285	72	#
61	3801.79	32	34	37	39	61	63	64	94	#
62	603.182	22	60	62	95	#
63	169.019	46	#
64	1752.76	43	46	#
65	656.159	38	42	#
66	368.245	93	#
67	4540.32	4	37	41	75	88	#
68	284.446	70	#
69	822.368	14	34	63	65	#
70	890.599	9	#
71	546.315	87	#
72	2596.54	0	10	79	84	#
73	1196.86	18	59	#
74	4938.37	19	31	35	36	57	64	71	82	#
75	8771.14	4	11	13	14	17	19	21	22	30	40	50	52	54	61	76	84	87	94	#
76	2656.72	5	7	8	20	38	43	47	55	73	75	84	86	#
77	2860.1	43	73	85	#
78	4420.69	8	21	23	38	43	77	84	#
79	6006.67	1	3	27	28	32	36	38	43	53	68	#
80	17177.5	1	4	5	8	15	23	24	29	33	42	47	56	63	71	78	80	85	91	92	94	98	#
81	588.018	59	#
82	2633.38	1	12	62	83	#
83	2324.48	10	12	67	83	85	88	92	93	#
84	984.972	21	#
85	4967.17	0	7	51	76	99	#
86	524.244	6	#
87	3028.72	3	41	49	71	99	#
88	3445.14	21	26	38	41	45	66	82	86	98	#
89	1610.03	28	95	#
90	1732.27	4	83	#
91	9432.17	2	7	42	46	48	61	64	65	89	93	97	98	99	#
92	6832.65	0	13	26	35	36	47	48	54	60	79	82	90	#
93	4294.15	8	11	22	25	29	33	70	78	94	97	#
94	1972.96	51	56	70	#
95	2400.74	8	35	45	48	69	74	76	#
96	2325.41	57	91	93	#
97	1844.94	8	39	#
98	1628.71	19	42	#
99	12719.7	0	7	9	15	16	32	51	56	58	60	61	67	84	#
100	4410.42	8	36	65	74	94	99	#
101	2826.46	4	53	78	98	#
102	802.966	90	#
103	3666.22	13	15	18	25	30	31	37	76	77	79	86	#
104	6203.01	26	32	42	50	59	68	86	88	93	99	#
105	662.819	85	#
106	2943.22	13	21	28	58	#
107	2782.73	9	20	79	91	#
108	5847.6	7	13	29	36	49	75	79	85	92	#
109	616.384	32	#
110	3446.42	0	6	16	17	34	48	57	65	67	68	73	77	97	#
111	1566.11	10	48	55	84	#
112	3796.41	8	12	23	29	42	55	56	68	70	73	#
113	5617.97	4	15	17	51	58	70	77	91	92	#
114	4714.38	35	50	63	82	91	92	#
115	1004.26	87	95	#
116	2371.99	40	44	75	#
117	35.7536	36	#
118	965.957	50	64	#
119	10096.6	4	17	43	44	45	52	54	65	68	71	72	76	81	84	85	90	93	#
120	2290.48	43	67	93	#
121	3917.4	11	18	24	81	92	#
122	1692.64	64	82	#
123	3971.2	6	21	46	61	#
124	6612.17	17	25	26	35	54	60	70	#
125	35524.4	2	18	20	26	27	28	29	30	31	34	37	38	40	42	44	45	48	52	53	54	55	58	59	63	67	68	70	73	74	77	78	79	80	84	86	89	90	91	96	#
126	1489.97	24	40	48	64	#
127	5574.07	0	2	8	11	16	28	54	58	#
128	2116.39	21	22	37	39	46	73	#
129	8538.07	1	2	6	7	9	14	21	24	26	31	36	47	48	55	57	82	90	91	92	94	#
130	1699.37	51	53	81	89	94	#
131	28618.3	4	13	14	15	17	18	20	23	29	31	33	37	38	40	46	47	48	50	53	58	63	64	66	70	72	77	79	80	83	90	92	99	#
132	2382.18	0	9	16	18	50	57	69	70	78	#
133	2348.97	14	29	35	#
134	1500.03	17	52	#
135	5129.6	1	55	60	64	67	78	99	#
136	5109.88	0	10	15	20	24	32	53	96	#
137	5284.43	2	5	41	50	75	89	93	#
138	1982.13	23	40	58	83	#
139	895.808	25	69	#
140	2279.88	20	28	49	#
141	1852.35	7	12	19	24	55	88	#
142	3595.82	12	19	34	54	#
143	1761.56	6	77	#
144	2530.25	6	25	54	#
145	363.197	68	#
146	2648.06	21	65	95	#
147	6462.96	25	52	53	74	79	81	86	98	#
148	7995.82	4	8	21	30	55	67	78	84	#
149	792.353	77	#
150	3654.79	33	39	60	63	86	91	#
151	2793.26	62	81	83	#
152	3727.48	33	40	42	64	93	#
153	1611.58	28	80	86	#
154	1751.05	16	38	44	85	94	#
155	3526.84	3	47	68	85	99	#
156	1080.87	15	21	41	61	88	94	96	98	#
157	2638.87	10	15	32	35	37	57	67	80	95	#
158	4322.09	19	35	70	72	90	#
159	9437.04	1	2	3	4	35	36	37	39	47	48	49	50	56	80	85	87	93	#
160	426.888	8	62	#
161	1519.84	3	43	60	87	#
162	11149	8	10	11	16	37	41	49	52	57	60	61	66	80	84	91	96	#
163	2429.06	17	35	52	70	87	89	98	#
164	130.517	92	#
165	1176.35	24	29	#
166	16449.1	2	5	6	17	22	34	36	37	45	52	53	63	65	70	76	78	81	83	89	94	#
167	2082.36	33	41	48	75	76	#
168	1995.31	28	60	65	78	#
169	7751.02	19	21	24	29	35	40	51	59	89	#
170	1971.94	2	11	74	#
171	1832.16	36	60	66	#
172	4703.94	14	15	33	60	62	66	72	85	88	#
173	2604.8	3	6	19	34	52	54	58	65	66	79	#
174	1473.34	29	70	#
175	1221.58	69	73	74	99	#
176	14121.1	0	4	7	8	9	11	15	16	19	20	31	34	35	38	41	51	73	82	84	98	#
177	1872.7	30	84	#
178	993.096	18	34	53	56	#
179	2139.07	8	14	69	#
180	955.869	5	6	16	20	25	36	60	76	83	84	93	97	#
181	2061.28	12	61	63	#
182	541.122	1	58	67	88	#
183	1770.37	4	21	35	55	#
184	8178.29	14	30	33	37	45	49	52	56	68	79	82	88	92	97	#
185	433.791	55	86	#
186	2820.72	37	41	47	55	62	#
187	940.143	10	28	41	55	84	#
188	1099.83	30	51	#
189	1870.21	7	25	37	88	#
190	1393.37	18	30	72	81	#
191	921.027	75	#
192	1054.92	63	66	80	#
193	1373.34	0	6	65	66	67	68	70	89	#
194	13368.1	6	11	12	37	51	53	57	58	62	66	67	69	77	90	#
195	500.116	24	#
196	3011.74	8	21	22	43	46	47	94	#
197	5652.56	1	9	11	15	21	24	36	49	73	75	77	#
198	8262.15	29	48	49	56	61	70	73	87	95	97	#
199	43.3736	0	#
200	1265.37	3	38	50	#
201	1790.95	44	88	#
202	1361.41	1	20	#
203	5850	7	17	55	86	93	99	#
204	1378.11	15	18	25	36	55	#
205	2743.35	3	7	36	73	#
206	9962.18	4	7	8	16	20	22	29	31	32	37	43	45	46	47	52	62	66	70	73	75	79	80	82	86	94	95	#
207	665.878	80	#
208	1847.99	0	66	72	#
209	905.136	1	3	22	#
210	1187	60	65	88	#
211	4566.64	3	18	27	36	41	54	64	67	85	92	95	#
212	523.275	1	#
213	1239.94	64	95	#
214	1358.11	9	10	15	23	25	44	51	62	67	72	79	90	97	#
215	4834.95	2	14	19	31	34	37	43	52	66	76	83	88	91	#
216	688.092	3	#
217	116.241	62	#
218	605.483	6	30	38	#
219	1747.67	3	13	16	33	40	44	50	51	64	76	80	81	82	84	#
220	2914.59	24	73	94	#
221	4685.55	3	8	20	39	40	74	89	#
222	7228.63	5	13	17	27	29	31	33	44	48	56	59	64	#
223	229.687	10	#
224	3948.8	16	75	88	90	#
225	3158.32	0	20	23	27	40	46	54	93	#
226	255.013	7	14	37	41	46	69	#
227	9895.74	3	11	21	30	39	46	61	72	75	95	#
228	2897.87	4	39	53	57	86	#
229	51.8267	7	#
230	4100.23	5	7	32	50	70	#
231	3973.16	25	42	48	50	53	59	75	82	86	97	98	#
232	2906.96	0	26	81	86	#
233	1319.13	25	32	66	#
234	10382.2	0	1	2	7	11	12	17	19	23	26	27	31	35	38	39	40	41	42	44	46	47	48	52	53	55	57	59	60	61	62	64	65	66	67	69	73	74	76	77	79	90	91	92	94	95	98	#
235	1069.57	22	37	41	97	#
236	192.279	38	#
237	6272.24	4	23	37	38	42	44	67	79	87	#
238	3053.63	16	25	41	88	#
239	1864.43	44	75	#
240	2099.43	2	3	17	55	71	88	98	#
241	1249.79	5	62	#
242	92.753	73	#
243	1269.94	54	98	#
244	2730.8	29	85	96	#
245	1609.25	10	75	#
246	337.219	54	#
247	15051.4	2	5	14	19	21	36	37	57	58	63	67	69	70	77	78	89	92	#
248	1854.58	43	71	72	#
249	595.165	44	#
250	2094.39	6	34	81	#
251	1194.23	6	12	14	39	#
252	5469.82	16	52	53	56	58	71	72	87	93	#
253	1789.46	8	60	#
254	2519.57	7	37	60	#
255	2506.2	23	53	75	76	78	79	83	95	#
256	1960.04	27	28	60	65	73	97	#
257	2832.26	12	27	30	64	99	#
258	9836.01	8	11	25	30	44	46	57	74	78	99	#
259	1154.1	25	41	#
260	207.877	55	#
261	658.994	15	22	26	#
262	906.183	20	51	56	#
263	2018.94	23	75	84	#
264	5842.96	9	15	27	28	37	45	59	90	#
265	755.617	52	#
266	14093.9	5	12	17	18	25	27	32	33	54	58	62	85	86	92	93	#
267	1625.23	32	69	#
268	102.869	94	#
269	1988.59	8	52	62	70	82	83	84	#
270	3379.64	27	38	43	93	#
271	15726.7	3	4	5	6	11	23	27	39	43	44	45	49	61	65	66	77	83	90	93	#
272	6847.9	13	21	48	53	59	65	76	84	#
273	4371.42	11	47	65	71	76	#
274	3754.56	13	16	18	26	27	30	33	38	49	52	56	59	81	83	85	90	#
275	364.576	28	#
276	836.486	29	#
277	6550.71	17	20	34	37	41	83	91	98	#
278	1428.77	4	13	25	40	47	56	74	92	#
279	4104.99	9	26	35	37	43	58	79	84	89	94	#
280	1970.11	6	98	#
281	3364.56	12	20	37	76	89	#
282	2605.19	1	2	42	71	#
283	777.624	19	#
284	1720.34	1	52	73	74	76	80	89	97	#
285	5809.61	0	13	28	66	85	87	#
286	725.07	11	51	#
287	3825.39	8	11	14	17	21	28	33	34	48	54	82	90	98	#
288	3393.81	12	34	51	66	68	92	95	#
289	1968.1	17	76	#
290	2764.37	21	59	86	89	#
291	4067.83	6	8	9	34	70	73	77	85	#
292	2142.31	6	10	15	21	32	35	42	46	52	53	83	90	#
293	1760.47	19	20	23	37	#
294	1013.67	40	98	#
295	1034.71	55	91	#
296	784.649	81	#
297	10576.2	9	13	26	30	32	33	38	45	47	48	49	65	93	#
298	1664.03	29	32	52	57	64	#
299	3037.65	0	6	13	14	17	36	49	72	96	#
