%% File generated by CATS v.2.1Tue Apr 13 21:33:53 2021

%% The CATS webpage is http://robotics.stanford.edu/CATS

%% PARAMETER SETTINGS:
% Goods: 256; Bids: 1000; Distribution: L6; Runs: 1; Parameters generated from distribution in file "qpstuff/L6-qp.txt".; Problems generated from distribution over features in files: qpstuff/cass-qp.txt, qpstuff/cplex-qp.txt, qpstuff/lehman-qp.txt; Seed: 1618490624
% Legacy distribution parameters:
% Number of goods chosen according to Exponential distribution (q = 0.921828).
% Price chosen according to Linear Random distribution (low_linearly = 0.844254, high_linearly = 1.15575).


goods 256
bids 1000
dummy 0

0	1.8217	142	180	#
1	1.96138	30	155	#
2	1.07373	197	#
3	2.26003	125	167	#
4	1.15386	147	#
5	1.108	42	#
6	1.09768	243	#
7	1.146	232	#
8	3.42796	19	58	187	#
9	1.83847	1	46	#
10	1.03137	31	#
11	2.06504	79	146	#
12	2.97141	0	54	239	#
13	1.80059	86	148	#
14	2.18569	84	161	#
15	1.14183	150	#
16	2.16983	75	139	#
17	2.55623	6	166	193	#
18	2.06252	50	124	#
19	1.14534	103	#
20	1.06368	144	#
21	1.15261	76	#
22	3.07323	82	109	218	#
23	1.10577	19	#
24	1.15155	182	#
25	1.06498	10	#
26	1.15264	13	#
27	1.99668	130	200	#
28	1.12454	15	#
29	2.22746	0	4	#
30	1.1076	81	#
31	1.10183	53	#
32	1.01988	222	#
33	1.13748	22	#
34	1.08459	230	#
35	1.15407	90	#
36	1.03323	45	#
37	2.2029	91	99	#
38	1.98564	34	77	#
39	1.12389	77	#
40	2.99771	112	221	232	#
41	2.02438	77	222	#
42	1.13262	115	#
43	1.03761	251	#
44	2.23355	14	186	#
45	4.56116	22	94	222	252	#
46	2.28657	50	114	#
47	1.14752	34	#
48	1.99635	168	228	#
49	1.02539	198	#
50	1.10469	54	#
51	1.08728	149	#
52	1.11463	104	#
53	1.12049	33	#
54	0.946195	213	#
55	1.1455	145	#
56	1.12436	4	#
57	1.10283	108	#
58	1.12982	80	#
59	1.04934	221	#
60	3.22317	82	220	223	#
61	1.13715	58	#
62	1.14643	248	#
63	3.28646	9	199	230	#
64	1.07779	195	#
65	3.90322	25	133	174	247	#
66	1.15049	155	#
67	0.995014	170	#
68	1.12671	183	#
69	1.12071	180	#
70	2.0123	184	212	#
71	1.1043	14	#
72	1.08795	227	#
73	2.04977	126	127	#
74	1.10992	28	#
75	1.13425	207	#
76	1.1495	234	#
77	1.14934	210	#
78	1.14128	204	#
79	1.96062	18	223	#
80	2.20508	69	84	#
81	1.09941	237	#
82	1.15192	62	#
83	2.30649	94	167	#
84	1.08831	32	#
85	1.91096	3	223	#
86	1.0455	12	#
87	1.08727	125	#
88	2.08302	83	140	#
89	2.78606	44	47	135	#
90	1.136	219	#
91	0.991274	67	#
92	1.14829	175	#
93	1.70335	70	208	#
94	1.04486	218	#
95	2.24466	160	161	#
96	2.6287	45	54	150	#
97	1.73084	1	135	#
98	1.12671	91	#
99	1.10471	159	#
100	1.0821	65	#
101	1.15549	212	#
102	1.13341	114	#
103	1.10195	250	#
104	1.13679	153	#
105	1.11676	161	#
106	1.80383	5	226	#
107	1.08881	61	#
108	1.12428	140	#
109	1.15089	215	#
110	2.09347	61	146	#
111	1.11435	165	#
112	1.13761	119	#
113	1.13599	254	#
114	1.14753	97	#
115	1.14701	130	#
116	1.10613	106	#
117	1.13319	233	#
118	1.0803	2	#
119	1.10298	44	#
120	1.07016	242	#
121	2.72355	140	198	205	#
122	1.82863	39	50	#
123	1.94893	189	203	#
124	1.04398	84	#
125	1.02616	201	#
126	1.71592	39	130	#
127	2.04807	6	255	#
128	1.13275	107	#
129	2.22907	79	136	#
130	0.971031	190	#
131	1.84512	196	199	#
132	2.18666	80	181	#
133	1.96531	133	210	#
134	4.27104	12	129	150	157	#
135	1.13288	206	#
136	2.06173	139	178	#
137	3.50658	56	124	134	181	#
138	1.15492	193	#
139	1.1377	255	#
140	1.09695	156	#
141	2.88612	163	194	215	#
142	1.14735	203	#
143	1.95022	36	104	#
144	2.83103	36	37	186	#
145	3.19691	65	75	147	#
146	1.12735	46	#
147	1.92828	88	247	#
148	0.950017	24	#
149	1.11008	138	#
150	1.07194	105	#
151	1.68889	90	144	#
152	1.13437	217	#
153	3.18431	95	201	247	#
154	1.80523	15	83	#
155	1.1145	143	#
156	1.8938	83	126	#
157	2.21357	109	110	#
158	1.08863	25	#
159	1.15038	50	#
160	1.02196	171	#
161	1.80221	7	16	#
162	7.12708	78	104	123	134	148	170	244	#
163	1.14511	17	#
164	1.13676	178	#
165	1.15091	94	#
166	1.06244	73	#
167	4.53262	24	56	150	199	254	#
168	3.22201	60	208	235	#
169	1.13917	134	#
170	1.15351	18	#
171	1.08858	141	#
172	3.25477	41	60	249	#
173	0.993582	181	#
174	1.15345	36	#
175	1.85849	70	217	#
176	1.13452	163	#
177	1.11111	122	#
178	2.17262	30	162	#
179	2.55331	23	57	194	#
180	1.14865	51	#
181	1.0594	240	#
182	1.08328	70	#
183	0.998318	52	#
184	2.19684	64	81	#
185	1.05767	57	#
186	3.37096	88	95	200	#
187	4.3251	1	148	167	249	#
188	1.9475	34	241	#
189	2.58124	14	142	218	#
190	2.08233	79	181	#
191	1.79037	27	213	#
192	1.94558	72	121	#
193	1.74777	124	173	#
194	2.58473	0	83	194	#
195	1.83523	161	178	#
196	3.40089	28	67	201	214	#
197	1.08247	8	#
198	1.15349	82	#
199	1.15064	43	#
200	2.02357	5	33	#
201	1.99261	64	232	#
202	1.15099	252	#
203	2.00354	13	240	#
204	2.10446	209	227	#
205	1.11457	196	#
206	3.89404	46	134	185	207	#
207	1.12678	148	#
208	1.12025	186	#
209	1.81921	105	158	#
210	1.1521	132	#
211	1.11604	137	#
212	1.03593	1	#
213	2.21606	210	231	#
214	1.76703	6	196	#
215	1.13521	154	#
216	1.12707	102	#
217	1.87247	226	244	#
218	1.13578	120	#
219	2.25996	162	246	#
220	1.95012	84	100	#
221	3.73894	65	168	215	217	#
222	2.79711	14	35	199	#
223	4.28879	22	51	227	228	#
224	2.03311	7	186	#
225	1.73473	123	213	#
226	1.07145	68	#
227	1.99684	6	79	#
228	3.15834	4	129	218	#
229	1.0876	60	#
230	1.15252	224	#
231	1.07582	113	#
232	1.14876	235	#
233	1.83734	38	199	#
234	1.11047	124	#
235	1.94625	65	242	#
236	1.1484	200	#
237	1.92715	128	208	#
238	0.936516	133	#
239	1.11633	83	#
240	3.18727	46	123	153	#
241	2.03456	175	194	#
242	0.957466	5	#
243	1.07241	220	#
244	1.10915	110	#
245	1.11517	56	#
246	4.18197	32	91	137	177	#
247	2.24328	10	40	#
248	2.11052	44	59	#
249	2.01424	19	99	#
250	1.15275	41	#
251	4.35275	18	86	142	176	198	#
252	1.10712	79	#
253	0.991448	88	#
254	1.91768	61	150	#
255	1.99787	34	214	#
256	1.87821	117	254	#
257	1.12746	185	#
258	1.14006	216	#
259	1.82114	129	146	#
260	1.15264	112	#
261	1.06516	166	#
262	0.984168	75	#
263	2.00639	127	232	#
264	1.14592	249	#
265	1.067	85	#
266	1.04367	214	#
267	2.24422	28	61	#
268	6.02983	105	127	141	187	196	215	236	#
269	1.06822	89	#
270	1.77899	72	76	#
271	1.96839	210	218	#
272	1.14001	117	#
273	2.17806	129	157	#
274	1.93306	60	168	#
275	1.8209	7	66	#
276	1.72119	183	204	#
277	4.77885	2	19	75	220	238	#
278	1.11273	92	#
279	1.69514	71	220	#
280	2.66774	30	212	253	#
281	1.7323	89	178	#
282	1.0915	59	#
283	1.15167	174	#
284	3.44242	26	168	209	#
285	1.91399	122	180	#
286	3.04211	57	214	239	#
287	2.13131	244	247	#
288	0.97176	135	#
289	2.04122	94	151	#
290	2.26429	79	153	#
291	1.01087	238	#
292	4.43917	15	88	160	242	#
293	1.1528	27	#
294	1.13767	176	#
295	1.71678	28	253	#
296	1.14837	168	#
297	2.11914	56	132	#
298	1.9141	178	200	#
299	2.83105	8	77	133	#
300	4.3601	16	74	140	254	#
301	1.79834	39	87	#
302	1.79203	188	225	#
303	3.72349	39	54	64	223	#
304	1.14345	205	#
305	1.86555	97	103	#
306	1.73904	144	190	#
307	1.1064	71	#
308	1.1536	244	#
309	3.16833	58	64	249	#
310	5.13731	18	45	107	165	241	#
311	1.13178	157	#
312	3.26151	113	145	205	#
313	2.22219	98	99	#
314	1.13104	162	#
315	2.22404	77	239	#
316	2.13433	149	246	#
317	1.08263	47	#
318	1.13812	146	#
319	4.97348	4	93	129	133	217	#
320	1.83072	35	189	#
321	1.96294	102	197	#
322	1.15429	64	#
323	2.93743	12	27	195	#
324	1.88984	61	170	#
325	2.11248	97	188	#
326	1.14803	87	#
327	2.15145	48	167	#
328	1.12586	246	#
329	2.29622	162	229	#
330	1.79459	25	84	#
331	1.78803	28	79	#
332	1.95151	20	82	#
333	1.11675	69	#
334	1.14494	96	#
335	2.13927	232	248	#
336	2.08816	25	103	#
337	2.09074	29	231	#
338	3.02501	24	139	249	#
339	6.06735	4	88	94	122	144	168	209	#
340	1.02378	72	#
341	3.00825	30	81	215	#
342	3.43779	104	105	141	#
343	1.13885	187	#
344	1.13292	223	#
345	1.98026	136	143	#
346	1.7519	165	183	#
347	3.46433	15	21	166	#
348	2.57016	26	70	194	#
349	2.86648	29	165	170	#
350	2.5702	91	191	210	#
351	1.06197	231	#
352	1.03918	211	#
353	1.10316	167	#
354	5.43153	69	83	87	92	249	#
355	1.71411	146	149	#
356	2.98383	84	208	210	#
357	1.86158	156	236	#
358	1.89619	67	163	#
359	3.45404	92	142	169	237	#
360	1.85108	20	97	#
361	1.09674	127	#
362	2.67714	47	126	206	#
363	1.73339	94	195	#
364	1.98438	6	202	#
365	3.21906	119	189	252	#
366	1.13943	0	#
367	1.82853	133	161	#
368	1.06812	229	#
369	1.82959	149	175	#
370	2.23485	31	162	#
371	1.08125	202	#
372	2.10068	162	163	#
373	1.85408	135	170	#
374	1.98869	84	229	#
375	4.47347	188	209	236	241	#
376	1.96893	124	172	#
377	1.68966	204	225	#
378	2.7952	51	220	221	#
379	1.00096	100	#
380	4.20262	6	30	107	231	#
381	1.10319	95	#
382	1.11016	30	#
383	2.26367	158	167	#
384	1.7495	209	248	#
385	1.09767	199	#
386	2.69121	77	82	182	#
387	2.13875	51	221	#
388	1.74107	62	228	#
389	1.06697	6	#
390	3.34489	83	102	217	#
391	1.14769	66	#
392	1.0358	126	#
393	2.25117	16	43	#
394	3.07314	147	163	187	#
395	2.25259	154	239	#
396	1.10407	39	#
397	2.14015	217	246	#
398	3.877	8	51	66	140	#
399	1.14358	173	#
400	1.06672	29	#
401	1.94446	81	241	#
402	2.16293	69	73	#
403	3.29976	127	182	207	#
404	3.13129	66	156	231	#
405	2.10872	123	165	#
406	1.79158	103	227	#
407	1.72527	192	216	#
408	2.91658	1	117	175	#
409	1.13156	35	#
410	4.34609	8	46	50	184	214	#
411	1.77949	173	239	#
412	4.04005	53	111	127	204	#
413	1.84871	136	173	#
414	1.95154	6	73	#
415	4.1698	1	122	182	232	#
416	2.24187	5	87	#
417	1.08931	152	#
418	2.09423	184	205	#
419	2.16094	12	53	#
420	2.13077	78	217	#
421	1.15051	21	#
422	1.86077	99	238	#
423	2.58141	5	88	210	#
424	1.08965	86	#
425	2.12034	158	199	#
426	1.07607	177	#
427	2.2594	56	134	#
428	1.87694	35	71	#
429	2.12814	64	110	#
430	3.8446	125	172	231	250	#
431	2.59042	0	45	171	#
432	1.80981	17	77	#
433	1.87426	117	245	#
434	3.08866	127	219	253	#
435	2.11615	86	193	#
436	2.19948	35	113	#
437	2.2591	139	247	#
438	1.11086	116	#
439	1.134	16	#
440	2.13091	37	159	#
441	2.17862	2	124	#
442	4.27638	24	69	130	199	#
443	6.89799	20	24	146	202	231	237	#
444	1.73903	72	172	#
445	1.69101	118	154	#
446	1.11424	3	#
447	2.64097	49	61	169	#
448	2.90608	15	180	229	#
449	1.13817	99	#
450	1.72413	49	251	#
451	2.23001	6	93	#
452	1.92596	118	147	#
453	1.89589	67	144	#
454	1.89719	26	119	#
455	1.10599	179	#
456	3.75513	21	203	210	224	#
457	1.88949	23	245	#
458	2.07536	0	104	#
459	1.74067	58	103	#
460	1.86891	82	108	#
461	5.58686	64	65	120	164	173	#
462	2.88955	80	155	220	#
463	7.99839	43	136	168	235	236	242	255	#
464	1.14781	9	#
465	1.94377	47	186	#
466	1.71119	229	239	#
467	1.14119	239	#
468	3.00841	0	126	145	#
469	1.07098	226	#
470	3.10319	21	127	190	#
471	1.076	209	#
472	1.14831	37	#
473	2.03692	91	100	#
474	1.11959	225	#
475	1.14972	241	#
476	2.20682	75	129	#
477	3.3142	140	208	237	#
478	1.13549	128	#
479	1.73286	61	202	#
480	1.94935	37	56	#
481	4.13316	21	42	73	225	#
482	1.78347	142	205	#
483	2.249	21	117	#
484	1.11473	123	#
485	1.11499	63	#
486	2.75834	174	198	232	#
487	2.18807	12	153	#
488	4.7457	12	87	120	140	210	#
489	2.00298	4	228	#
490	1.14413	151	#
491	1.02764	191	#
492	2.03061	11	121	#
493	2.03901	78	136	#
494	1.98805	32	97	#
495	1.04733	169	#
496	1.1116	194	#
497	1.97141	25	124	#
498	1.84356	56	161	#
499	2.82577	154	156	246	#
500	3.51442	14	89	106	219	#
501	2.16183	134	217	#
502	2.17415	11	69	#
503	2.07877	7	37	#
504	1.9965	170	204	#
505	1.72619	10	198	#
506	1.13187	118	#
507	1.09976	236	#
508	2.27096	96	216	#
509	2.01648	78	177	#
510	1.77892	97	164	#
511	1.0926	245	#
512	1.10593	160	#
513	1.01833	184	#
514	1.74968	95	155	#
515	1.13803	49	#
516	1.79537	150	191	#
517	2.09261	140	255	#
518	1.11197	101	#
519	2.63245	32	175	177	#
520	1.8905	94	212	#
521	1.10707	11	#
522	2.11923	68	89	#
523	3.40939	7	41	194	#
524	0.870793	74	#
525	2.14672	93	106	#
526	1.79919	115	216	#
527	5.4418	121	150	180	209	240	#
528	2.30001	17	64	#
529	1.12055	192	#
530	2.26765	61	84	#
531	2.01761	96	247	#
532	1.91474	11	62	#
533	1.75705	210	232	#
534	2.31023	51	119	#
535	1.94312	109	216	#
536	5.05134	58	84	123	160	251	#
537	2.54714	50	169	241	#
538	5.05129	17	41	44	83	176	#
539	2.28526	126	212	#
540	2.15893	202	255	#
541	2.07551	31	102	#
542	2.00545	226	236	#
543	1.11084	78	#
544	1.83215	173	241	#
545	1.86844	58	194	#
546	2.04494	62	136	#
547	6.00099	9	22	69	114	122	193	211	#
548	2.13557	63	78	#
549	3.03962	83	111	252	#
550	2.16454	82	170	#
551	1.11269	109	#
552	1.91724	77	219	#
553	3.26532	16	78	246	#
554	1.73449	181	182	#
555	1.69664	21	143	#
556	2.15713	114	191	#
557	2.03667	139	169	#
558	1.11769	129	#
559	1.69377	149	195	#
560	1.91651	120	152	#
561	1.8613	32	43	#
562	2.63761	79	176	183	#
563	2.13713	104	166	#
564	2.1711	90	201	#
565	0.9779	131	#
566	2.6103	92	175	231	#
567	2.58518	62	98	234	#
568	2.15126	126	165	#
569	2.06233	25	212	#
570	2.11627	58	197	#
571	2.67897	29	224	250	#
572	2.11339	57	189	#
573	2.09349	104	217	#
574	1.73871	21	168	#
575	2.59407	62	78	169	#
576	2.13515	85	211	#
577	1.09242	98	#
578	2.17839	16	172	#
579	1.68887	54	122	#
580	1.81692	64	233	#
581	1.9595	167	208	#
582	2.82114	5	6	19	#
583	2.7792	47	74	224	#
584	1.92989	83	179	#
585	2.65239	82	108	142	#
586	1.82639	38	187	#
587	2.78157	12	52	152	#
588	1.93209	54	189	#
589	2.97661	89	104	235	#
590	4.90642	35	64	101	146	157	#
591	2.76447	180	224	238	#
592	2.13483	46	247	#
593	2.03456	12	199	#
594	2.07506	3	4	#
595	4.7555	55	61	100	138	148	#
596	2.03166	149	234	#
597	2.65403	137	144	185	#
598	1.73435	122	246	#
599	2.00205	99	210	#
600	2.06744	133	230	#
601	1.06501	20	#
602	3.32643	14	76	136	#
603	2.11172	73	240	#
604	2.78628	52	119	149	#
605	1.09814	228	#
606	1.75724	106	178	#
607	3.20835	14	161	205	#
608	2.24376	150	216	#
609	2.07985	178	240	#
610	2.23928	60	169	#
611	1.12094	26	#
612	3.18907	159	230	234	#
613	2.28298	198	216	#
614	1.89174	20	134	#
615	1.81444	122	123	#
616	2.10304	148	156	#
617	2.29099	39	137	#
618	4.23777	78	130	209	216	239	#
619	2.28329	172	207	#
620	1.83571	37	134	#
621	1.72133	95	190	#
622	1.10117	142	#
623	2.14124	190	205	#
624	3.46243	50	60	87	#
625	4.29838	51	102	138	146	251	#
626	5.37766	32	54	79	145	229	#
627	1.7219	72	187	#
628	2.00641	68	95	#
629	1.08285	121	#
630	1.87227	218	226	#
631	1.93113	209	243	#
632	2.00828	106	244	#
633	1.99815	52	218	#
634	5.17925	90	145	177	200	215	#
635	2.24755	56	86	#
636	3.15657	94	180	223	#
637	6.59266	25	31	113	115	116	212	#
638	2.2892	18	161	#
639	1.09489	208	#
640	2.24855	126	196	#
641	1.75753	132	253	#
642	2.13388	153	216	#
643	4.2751	81	88	166	207	#
644	3.34571	49	95	225	#
645	1.8043	92	114	#
646	1.03264	158	#
647	1.90336	32	220	#
648	1.79299	139	207	#
649	1.06862	48	#
650	4.60579	62	125	217	236	#
651	5.3584	60	88	141	165	178	253	#
652	4.60575	42	133	190	227	#
653	2.07481	142	228	#
654	1.74578	200	204	#
655	4.58968	50	113	209	244	#
656	2.04904	58	112	#
657	3.06037	93	123	193	#
658	1.70712	127	181	#
659	2.24121	156	250	#
660	1.04019	188	#
661	1.75591	126	204	#
662	1.77958	78	131	#
663	3.3049	56	88	139	#
664	1.83573	73	149	#
665	2.68273	40	134	215	#
666	2.63985	22	125	203	#
667	3.19209	34	145	255	#
668	2.2853	9	185	#
669	2.60493	61	95	166	#
670	2.77312	18	143	195	#
671	2.13941	54	69	#
672	3.24955	166	223	235	#
673	1.72391	11	231	#
674	2.06113	65	192	#
675	2.04045	106	250	#
676	2.08781	77	114	#
677	2.05006	59	161	#
678	2.60596	30	52	235	#
679	2.09307	40	239	#
680	2.2365	65	219	#
681	2.76882	79	105	112	#
682	4.42235	19	87	140	216	#
683	0.911372	253	#
684	2.20693	57	121	#
685	2.16131	56	194	#
686	1.95769	150	238	#
687	1.74413	38	168	#
688	3.2497	52	135	214	#
689	0.967308	164	#
690	1.91261	39	175	#
691	4.09959	166	183	200	240	#
692	1.80433	106	234	#
693	3.0082	42	121	166	#
694	4.55753	0	204	208	237	#
695	2.16218	42	181	#
696	4.12473	62	158	180	254	#
697	1.80617	139	202	#
698	2.06366	67	165	#
699	1.77553	167	234	#
700	3.25097	62	175	217	#
701	2.75858	41	167	225	#
702	3.30712	98	141	227	#
703	2.28985	160	184	#
704	2.04112	15	141	#
705	1.94388	113	227	#
706	2.60226	34	74	82	#
707	2.22933	8	83	#
708	4.63057	19	41	183	232	241	#
709	2.28278	21	37	#
710	1.72593	10	113	#
711	1.70007	10	133	#
712	1.73481	1	165	#
713	1.70595	125	130	#
714	2.10747	192	250	#
715	2.01928	45	214	#
716	5.38839	41	146	162	163	213	#
717	2.27691	49	98	#
718	1.69646	69	169	#
719	2.19929	106	240	#
720	4.29074	75	147	178	192	#
721	2.11551	73	117	#
722	2.19675	204	216	#
723	1.73975	8	13	#
724	1.81682	158	225	#
725	5.56685	16	38	76	96	97	146	#
726	2.87708	10	51	60	#
727	1.90175	160	167	#
728	2.87957	88	182	206	#
729	1.96889	85	185	#
730	2.16643	134	187	#
731	4.37303	11	112	156	159	#
732	1.73665	42	186	#
733	2.06686	67	77	#
734	2.7999	51	156	203	#
735	0.981084	136	#
736	1.12798	40	#
737	2.09872	51	108	#
738	2.07717	50	97	#
739	3.0102	94	131	176	#
740	1.85042	107	118	#
741	2.94065	42	107	244	#
742	1.78735	83	166	#
743	1.058	93	#
744	2.61414	69	77	181	#
745	4.19826	2	184	209	228	#
746	2.94421	31	88	217	#
747	1.92801	85	188	#
748	5.76381	27	54	61	105	177	#
749	1.7598	143	231	#
750	1.91439	185	246	#
751	1.83969	70	73	#
752	3.48725	105	181	182	192	#
753	4.59509	126	159	190	229	#
754	2.65486	4	203	204	#
755	1.93852	10	170	#
756	2.09062	79	192	#
757	1.88757	38	65	#
758	1.03226	7	#
759	2.29803	182	253	#
760	2.75163	96	109	225	#
761	1.80197	88	166	#
762	3.79858	6	67	111	147	#
763	1.73033	206	231	#
764	3.01316	126	131	177	#
765	1.98423	88	200	#
766	2.6755	34	184	195	#
767	1.11763	23	#
768	1.1265	139	#
769	2.16518	191	246	#
770	1.7946	59	115	#
771	2.30163	222	238	#
772	1.78689	5	104	#
773	1.96071	149	223	#
774	2.05506	36	172	#
775	0.882553	247	#
776	2.25275	126	189	#
777	2.2286	75	136	#
778	1.9408	207	229	#
779	1.93061	20	224	#
780	1.84185	22	208	#
781	2.13908	141	227	#
782	2.22528	45	92	#
783	4.54795	52	66	67	167	168	#
784	2.24131	124	171	#
785	2.61466	113	142	202	#
786	2.04461	112	216	#
787	2.09948	0	205	#
788	1.93654	26	230	#
789	1.98284	150	153	#
790	2.03657	107	192	#
791	1.93167	27	101	#
792	3.03514	11	13	213	#
793	4.29859	85	99	136	152	199	#
794	1.0665	189	#
795	2.17984	31	146	#
796	1.986	8	120	#
797	2.10924	69	70	#
798	2.59548	110	219	224	#
799	1.8698	121	153	#
800	2.11511	37	218	#
801	3.31764	2	121	245	#
802	1.96669	23	216	#
803	1.78978	2	156	#
804	2.6285	2	12	15	#
805	1.78272	11	128	#
806	3.41766	14	32	113	#
807	2.69924	28	186	217	#
808	3.58205	64	212	233	245	#
809	1.8725	2	71	#
810	3.41724	93	215	253	#
811	2.04252	198	232	#
812	2.13088	11	55	#
813	1.98272	136	214	#
814	1.70989	193	209	#
815	4.00327	6	24	112	174	#
816	5.36499	33	38	146	161	195	#
817	2.04169	26	49	#
818	2.17834	62	105	#
819	4.36517	26	73	107	233	#
820	2.16501	119	211	#
821	2.11016	128	200	#
822	0.986362	172	#
823	1.76527	81	116	#
824	2.19281	49	219	#
825	2.6699	126	216	238	#
826	2.15208	19	151	#
827	1.93081	142	152	#
828	1.69453	204	224	#
829	1.73525	67	225	#
830	3.93917	89	167	179	212	#
831	1.75101	107	145	#
832	2.23918	14	239	#
833	2.12746	118	134	#
834	3.35142	171	207	233	#
835	2.19824	22	237	#
836	2.1356	115	138	#
837	2.17518	188	190	#
838	2.01197	41	61	#
839	2.20677	90	146	#
840	2.69993	50	145	255	#
841	4.56472	16	182	223	233	#
842	3.4319	89	107	210	#
843	2.14143	126	254	#
844	3.55971	20	96	121	162	#
845	1.8626	29	155	#
846	2.01825	158	245	#
847	2.94794	66	207	254	#
848	2.29698	13	29	#
849	2.08522	174	175	#
850	1.9783	135	210	#
851	2.24345	153	224	#
852	3.1257	17	77	149	#
853	2.68909	158	191	225	#
854	2.10054	14	94	#
855	2.18102	39	222	#
856	2.05208	125	251	#
857	1.87326	182	234	#
858	1.78156	193	221	#
859	2.01924	153	245	#
860	1.72916	92	188	#
861	2.21672	25	244	#
862	0.989253	111	#
863	1.8423	186	207	#
864	1.95315	64	198	#
865	2.6425	7	13	149	#
866	1.92446	146	153	#
867	2.56301	146	167	187	#
868	2.19048	28	120	#
869	2.21699	70	106	#
870	1.87824	122	252	#
871	1.96939	155	167	#
872	2.66607	131	160	237	#
873	2.09035	22	149	#
874	5.47737	2	11	79	114	255	#
875	3.06464	156	227	235	#
876	3.30573	29	134	150	#
877	1.75948	84	180	#
878	2.22982	9	92	#
879	3.29886	71	173	209	#
880	3.46235	75	190	220	#
881	2.66181	209	212	221	#
882	1.782	135	193	#
883	1.95767	155	227	#
884	4.36344	29	98	133	140	#
885	1.99072	219	244	#
886	1.80713	115	215	#
887	2.03054	9	174	#
888	2.8847	36	75	95	#
889	2.84093	157	175	228	#
890	4.53158	17	81	128	179	213	#
891	2.30068	73	138	#
892	2.76397	91	134	239	#
893	1.87075	0	52	#
894	1.83746	16	69	#
895	1.9513	189	243	#
896	3.27631	6	145	177	#
897	4.49576	18	21	128	188	232	#
898	3.2278	5	75	151	#
899	1.83479	200	250	#
900	1.97537	66	124	#
901	2.03124	21	32	#
902	2.2816	35	58	#
903	2.6481	97	182	215	#
904	3.10293	74	144	204	#
905	2.54051	16	200	218	#
906	2.99456	117	234	241	#
907	3.09662	7	32	135	#
908	2.09741	140	225	#
909	2.799	8	43	106	#
910	1.9224	79	127	#
911	3.31235	37	122	225	#
912	1.91933	169	197	#
913	1.75054	69	185	#
914	1.80512	35	111	#
915	1.85277	53	122	#
916	1.84223	7	160	#
917	3.3944	155	177	214	#
918	1.99208	74	166	#
919	1.95913	5	64	#
920	1.77796	49	58	#
921	2.15907	47	59	#
922	3.4639	15	22	61	#
923	2.19177	73	249	#
924	4.09826	139	184	197	244	#
925	2.17226	207	210	#
926	2.2318	148	207	#
927	2.27619	173	179	#
928	3.7961	1	120	159	185	#
929	4.59913	7	47	66	67	#
930	2.63017	87	104	110	#
931	2.69374	124	183	189	#
932	2.89929	29	45	108	#
933	2.5358	43	122	160	#
934	2.12817	32	255	#
935	2.25697	2	233	#
936	1.9225	90	186	#
937	1.79312	152	156	#
938	3.33773	27	156	234	#
939	2.19844	176	178	#
940	2.93731	25	41	198	#
941	2.12279	39	155	#
942	3.21561	27	73	158	#
943	2.15554	109	236	#
944	1.90308	64	91	#
945	3.18262	128	166	228	#
946	3.29188	123	143	249	#
947	1.82102	27	117	#
948	4.79699	70	98	165	221	235	#
949	2.18289	60	111	#
950	2.14938	122	169	#
951	2.04231	25	114	#
952	3.4379	41	62	83	#
953	2.97868	16	83	193	#
954	2.82386	16	144	241	#
955	3.44673	4	191	238	#
956	2.69855	56	158	200	#
957	2.25696	5	216	#
958	5.45446	39	50	77	145	201	#
959	1.79473	32	203	#
960	2.24731	157	237	#
961	2.02172	146	225	#
962	1.73711	209	249	#
963	2.00185	158	174	#
964	1.89784	14	218	#
965	0.869111	55	#
966	1.99205	32	160	#
967	2.20691	183	227	#
968	3.26825	55	69	187	#
969	2.01328	62	242	#
970	2.11015	39	134	#
971	2.08899	66	87	#
972	2.24639	114	247	#
973	1.89467	233	254	#
974	1.98909	44	98	#
975	2.09013	48	79	#
976	1.89072	73	85	#
977	2.19154	71	158	#
978	2.1601	30	119	#
979	2.10089	247	255	#
980	2.19267	119	174	#
981	4.40489	22	44	104	186	#
982	2.14456	22	57	#
983	1.72101	117	129	#
984	6.65269	39	134	164	183	193	245	#
985	2.2549	61	147	#
986	1.70712	77	81	#
987	4.68334	9	147	156	184	204	#
988	1.83809	52	116	#
989	2.07793	231	240	#
990	3.23273	13	105	143	#
991	1.7069	88	96	#
992	1.84233	135	250	#
993	1.81026	148	173	#
994	2.05887	95	215	#
995	1.75403	83	186	#
996	4.60762	62	89	105	145	#
997	2.22807	91	140	#
998	1.76511	51	78	#
999	1.70044	41	77	#
