%% File generated by CATS v.2.1Thu Apr 15 09:59:14 2021

%% The CATS webpage is http://robotics.stanford.edu/CATS

%% PARAMETER SETTINGS:
% Goods: 100; Bids: 300; Distribution: L7; Runs: 1; Seed: 1618641675
% Legacy distribution parameters:
% Number of goods chosen according to Binomial distribution (binom_cutoff = 0.2).
% Price chosen according to Linear Random distribution (low_linearly = 1, high_linearly = 1000).


goods 100
bids 300
dummy 0

0	14529.2	4	6	12	26	39	48	49	50	54	63	76	80	81	87	90	95	98	#
1	2237.13	3	4	11	13	26	31	45	51	58	59	61	62	65	69	75	79	89	#
2	8396.67	5	6	7	8	17	18	20	22	25	26	32	33	39	44	51	55	60	62	66	86	88	94	#
3	11828.8	2	7	10	13	15	19	24	28	30	31	32	40	42	43	57	59	72	81	83	86	89	93	97	98	#
4	5767.01	10	15	27	37	47	60	61	65	69	72	77	85	87	91	99	#
5	5929.46	1	5	6	10	13	35	46	48	49	56	57	58	62	66	70	81	87	91	95	96	98	#
6	3305.87	2	15	27	29	33	34	40	47	49	55	62	74	78	81	92	95	98	#
7	13130	1	9	14	16	19	24	26	28	29	33	41	47	55	60	65	66	78	79	80	90	#
8	22148.9	1	5	6	11	13	14	16	19	20	23	26	27	28	30	31	32	34	40	47	48	64	69	80	83	89	91	93	94	#
9	11607.6	1	4	9	12	22	24	27	32	46	49	52	55	59	67	68	69	70	71	76	77	85	88	#
10	20226.1	2	3	9	10	12	15	19	28	35	36	37	48	49	58	60	73	83	85	86	88	91	93	95	#
11	1133.02	2	5	7	9	18	25	48	54	56	70	73	91	93	#
12	12459.5	1	10	11	14	22	24	31	34	40	42	45	48	55	59	60	62	82	83	88	91	92	#
13	13365	2	3	11	17	20	24	44	50	53	54	61	66	68	69	72	83	89	93	#
14	7636.8	3	5	6	11	15	24	43	45	51	54	58	61	71	81	84	96	97	#
15	4123.55	4	7	14	15	16	17	30	35	36	39	43	46	47	53	55	57	58	60	62	63	70	75	76	#
16	11273.7	2	3	10	16	17	22	23	28	31	33	34	35	42	45	48	51	52	53	57	59	62	74	77	78	83	#
17	5123.36	16	20	22	27	28	31	34	38	40	41	43	61	66	67	75	80	93	95	97	#
18	12587.4	4	11	15	16	17	18	19	28	29	32	44	48	52	56	58	60	70	77	87	88	89	91	94	99	#
19	6288.64	1	2	4	10	20	25	26	28	41	43	86	89	94	96	#
20	10903.4	2	3	6	10	13	14	21	26	35	37	57	64	67	73	80	87	91	#
21	2831.45	2	16	27	31	35	36	37	40	42	60	61	63	77	78	88	92	99	#
22	18980.1	5	10	11	19	24	25	35	57	61	65	67	69	70	71	81	87	89	97	99	#
23	5959.54	0	7	8	15	17	21	27	30	44	65	72	79	84	89	#
24	8441.94	8	9	11	12	17	18	27	31	37	43	46	47	50	54	58	66	75	77	79	83	97	99	#
25	16887.1	1	6	7	10	13	14	18	21	25	28	51	57	69	78	81	87	89	97	#
26	16804.6	4	7	10	18	20	31	32	39	46	49	52	56	61	69	70	79	97	98	99	#
27	10051.4	3	12	13	16	28	33	34	35	43	44	50	53	56	64	65	66	70	87	88	89	95	99	#
28	10952.8	22	24	25	26	34	43	49	55	59	62	67	75	93	94	#
29	5088.13	4	8	9	13	15	16	17	28	31	33	34	42	44	51	56	63	77	83	93	97	#
30	16201.7	0	1	5	6	11	13	23	37	42	44	49	60	67	68	74	79	84	88	92	99	#
31	3173.67	4	11	13	15	16	18	21	29	53	56	60	63	70	82	84	86	98	#
32	26529.7	0	3	5	7	9	12	18	21	32	34	35	36	37	40	41	42	52	57	59	61	62	68	74	75	79	89	98	#
33	4841.12	2	5	8	11	14	19	24	42	63	66	72	73	91	97	#
34	11289.1	22	23	28	42	46	50	52	54	62	63	66	72	76	81	85	86	#
35	21064.3	2	4	8	11	14	15	22	23	25	26	27	28	32	42	48	55	58	61	63	65	71	94	#
36	21831.7	1	11	17	18	19	20	24	26	33	49	50	51	52	54	58	59	61	69	73	85	88	90	97	#
37	12633.1	2	3	8	9	10	22	23	25	26	33	35	37	39	43	48	49	50	56	68	76	77	87	#
38	12234.8	2	3	10	15	21	26	27	31	43	56	60	62	73	80	85	89	91	93	#
39	12431.1	0	8	10	12	15	20	27	31	32	38	40	41	43	44	45	49	68	75	78	80	82	86	97	#
40	8484.62	0	2	5	11	21	27	29	41	42	43	45	47	55	56	58	59	67	73	77	78	88	89	90	97	#
41	1040.45	2	5	8	11	14	15	25	28	37	40	52	63	64	68	76	79	80	88	89	92	94	97	#
42	18880.6	0	5	7	9	10	11	12	17	22	23	28	30	31	41	43	49	50	60	69	70	71	73	78	81	88	90	91	92	#
43	11453.5	8	11	13	20	24	28	40	42	49	53	57	60	61	70	75	81	82	83	86	#
44	4293.25	3	5	10	27	33	35	52	60	74	79	81	85	87	96	99	#
45	10824.4	4	7	10	11	18	24	28	31	33	35	37	46	48	52	54	56	65	67	76	81	95	97	#
46	12199	1	8	17	30	34	39	40	43	51	66	87	88	89	92	93	98	#
47	5901.57	1	7	8	17	18	22	30	38	40	51	56	62	63	64	73	80	85	87	90	91	93	94	#
48	3928.54	2	5	6	8	9	13	15	19	23	27	31	32	33	40	56	57	58	61	63	65	70	73	76	77	88	90	98	#
49	14492.7	0	1	4	5	6	12	19	22	26	28	32	34	38	46	48	61	68	71	78	82	85	90	98	#
50	495.063	0	10	13	15	23	36	45	68	70	80	82	88	91	#
51	21.194	0	1	5	13	15	24	31	32	34	39	44	49	53	61	66	75	78	82	#
52	10944.7	1	9	10	20	21	27	36	37	38	48	49	65	70	71	73	74	75	76	77	78	88	89	90	94	99	#
53	24381.7	3	12	14	21	32	35	41	43	46	47	52	53	61	62	64	67	75	76	78	89	90	94	95	98	99	#
54	640.272	4	7	10	15	18	23	31	34	35	39	41	50	65	82	84	86	91	97	#
55	17948.8	6	11	17	19	21	23	28	30	34	36	40	49	51	54	70	71	75	80	84	#
56	15563.8	9	10	22	33	34	43	49	53	56	69	74	76	84	85	91	92	96	#
57	740.103	1	5	7	9	11	14	17	18	20	24	29	33	37	43	45	50	60	67	69	70	71	73	79	87	91	99	#
58	20282.4	6	10	11	13	22	25	26	29	37	40	43	44	45	50	63	66	69	73	74	75	82	88	89	90	99	#
59	1563.82	9	12	25	26	27	36	50	53	55	63	67	69	77	82	88	93	#
60	14169.4	0	15	16	40	47	50	55	57	64	67	70	78	80	81	95	#
61	11418	5	6	15	28	31	35	45	49	51	54	69	70	71	73	83	84	89	91	92	#
62	17139.7	0	5	6	13	15	17	19	21	24	25	26	28	42	45	47	48	52	58	67	68	71	73	75	79	91	93	#
63	3606.4	0	1	8	18	19	21	28	32	45	46	47	51	53	55	57	60	67	88	90	96	97	98	#
64	13747.2	0	1	5	7	8	16	17	24	26	29	31	40	42	48	54	59	88	93	#
65	12464.2	3	12	13	20	26	31	35	36	41	43	46	47	51	52	53	67	80	83	94	97	#
66	21980.6	2	9	10	16	19	22	33	34	43	45	49	50	58	59	62	64	65	66	77	79	91	95	97	#
67	25694.4	2	7	9	11	18	20	22	27	30	31	36	40	41	48	52	60	61	63	64	67	75	77	81	90	93	96	#
68	12411.6	2	7	12	22	26	40	44	52	56	77	80	84	87	89	96	#
69	2735.49	1	4	7	12	15	24	27	38	43	47	50	57	60	63	73	75	90	92	99	#
70	10519.7	4	7	14	19	20	29	30	31	35	42	57	58	59	60	61	64	67	68	69	72	76	78	90	95	98	#
71	7729	1	3	7	16	20	21	23	24	27	35	37	43	48	58	60	66	67	70	80	85	96	97	#
72	14187.4	0	2	5	17	22	25	29	41	46	48	50	53	56	63	75	76	80	82	83	#
73	13338.2	5	9	27	30	31	42	50	55	60	70	72	78	88	97	99	#
74	19935.3	3	5	12	13	18	26	27	32	42	55	56	59	62	63	68	69	70	72	76	78	99	#
75	18341.6	3	6	8	9	10	14	17	18	25	32	34	35	38	57	65	66	75	76	78	79	81	85	95	96	#
76	4882.51	7	14	17	22	24	27	31	37	44	57	58	61	69	70	81	83	84	89	91	92	95	98	#
77	13479.9	8	13	17	19	21	24	25	41	51	57	67	77	85	88	97	98	99	#
78	14007.1	2	8	9	13	17	21	26	31	38	41	44	45	52	55	58	60	72	74	84	90	91	97	#
79	2436.61	1	3	4	24	30	31	32	57	58	65	75	82	89	90	91	92	95	#
80	13406.1	2	14	21	25	27	31	35	50	58	61	64	77	85	87	91	93	94	#
81	2837.76	5	7	11	17	24	33	35	39	47	65	71	72	74	87	95	99	#
82	7390.11	2	11	28	33	38	39	47	59	62	63	64	79	84	91	92	93	94	98	#
83	8212.27	0	4	13	15	17	18	24	27	33	35	42	46	48	49	55	56	57	62	70	77	87	94	95	97	#
84	8063.88	0	9	12	13	14	23	24	27	30	31	40	44	49	63	64	66	68	71	72	73	74	99	#
85	455.643	0	4	7	17	19	20	25	29	37	44	47	55	65	68	70	75	78	81	85	87	88	97	99	#
86	372.078	10	14	15	28	52	66	74	84	91	#
87	10842.6	0	2	8	10	13	15	18	31	32	33	36	37	45	48	50	58	59	78	83	85	89	92	93	98	99	#
88	8013.42	8	19	27	29	31	37	38	40	42	44	46	54	57	64	68	81	84	85	90	93	97	98	#
89	1683.82	3	4	7	8	15	24	26	30	31	35	36	47	62	70	90	#
90	13488.3	9	12	15	16	23	28	39	40	47	49	53	62	63	70	78	84	87	93	94	#
91	5793.7	0	5	8	9	19	23	29	33	36	44	45	50	55	58	61	72	75	81	87	92	#
92	3358.38	5	16	22	28	29	36	38	48	52	53	54	58	65	68	75	81	82	88	91	95	96	98	#
93	9665.72	1	3	7	15	22	28	29	30	33	37	44	48	53	54	57	58	61	65	67	72	80	86	90	98	#
94	3806.26	1	12	17	21	24	30	37	41	46	50	55	64	69	74	76	78	80	85	88	89	96	#
95	8660.31	0	8	13	32	39	40	41	42	44	47	48	66	71	73	75	80	85	93	95	#
96	7955	0	10	18	29	30	31	32	43	49	50	52	58	76	77	88	#
97	7855.02	4	6	12	18	20	30	39	56	60	61	77	78	81	85	90	96	98	#
98	17430.2	4	9	14	16	20	24	26	27	33	37	38	48	54	55	58	61	67	68	77	90	91	96	#
99	11332	2	5	24	25	28	32	33	35	50	54	66	84	86	89	91	#
100	14457.1	0	5	9	17	23	28	40	49	57	62	63	64	66	67	68	72	80	82	87	89	90	94	96	#
101	5351.23	6	8	11	18	27	39	44	53	58	61	62	67	68	73	79	80	81	90	94	97	#
102	11138.9	9	10	21	26	29	34	38	40	47	50	51	57	62	65	67	74	76	#
103	5487.96	0	1	2	10	13	17	23	33	42	49	58	62	64	65	73	74	77	80	94	#
104	19651.8	1	7	11	14	17	20	25	30	33	34	35	41	45	48	61	79	82	83	87	96	97	#
105	12123.7	3	5	6	11	15	22	25	26	34	36	38	39	47	51	55	56	63	69	72	77	80	85	87	93	95	97	99	#
106	21599.3	1	8	14	23	24	27	28	31	36	42	46	48	51	53	58	66	71	72	73	75	81	84	90	91	97	98	99	#
107	5609.65	16	27	37	39	51	52	53	56	82	90	98	99	#
108	14227.4	2	26	29	39	41	48	55	56	62	68	79	80	82	84	93	94	#
109	9882	0	21	29	32	49	61	68	69	73	76	79	82	#
110	10192.5	0	3	6	11	28	32	37	59	63	65	67	84	87	95	97	#
111	14100.4	15	27	33	35	36	48	52	57	58	61	62	68	69	72	73	76	79	91	97	98	#
112	2977.47	0	2	9	17	23	27	29	42	57	60	63	72	73	88	#
113	3672.89	3	7	13	56	58	72	78	80	93	#
114	9275.32	8	14	16	21	32	36	47	49	51	57	62	63	65	67	69	72	76	77	79	80	81	83	84	86	90	94	98	#
115	10326.7	5	8	23	24	30	42	45	47	52	57	65	72	76	79	84	94	#
116	8961.54	5	7	13	14	16	21	22	28	30	40	45	54	59	60	65	75	77	78	93	96	97	99	#
117	14229.6	8	12	13	14	35	43	47	55	68	69	78	81	86	93	94	97	#
118	1265.38	0	4	8	20	23	30	31	50	54	59	60	62	67	68	69	85	87	88	99	#
119	7289.38	14	22	43	45	62	68	76	77	#
120	1717.4	7	12	15	16	21	22	24	26	28	33	38	41	42	45	46	53	59	64	71	72	74	79	88	89	91	98	99	#
121	13958.6	0	5	7	9	14	17	19	26	27	31	45	48	53	63	65	70	81	82	83	97	98	99	#
122	789.407	10	15	21	22	31	32	34	36	42	57	62	65	66	72	81	83	88	95	99	#
123	4830.58	21	23	28	37	54	62	66	67	72	74	91	#
124	21461.2	4	11	13	21	24	25	26	32	34	42	47	51	52	59	60	64	67	68	75	89	92	93	96	#
125	5764.8	15	16	20	29	36	41	48	49	51	61	64	66	71	72	83	86	98	#
126	11347.6	0	1	7	13	19	26	27	30	31	35	39	40	42	43	46	62	65	67	71	78	85	89	96	99	#
127	6322.89	2	9	13	18	19	23	26	33	36	41	42	43	44	57	65	68	92	#
128	5460.31	16	17	21	22	29	35	38	39	43	50	51	53	57	58	66	84	90	91	98	#
129	16894	15	16	19	24	25	28	34	45	51	53	73	74	77	79	80	81	84	95	96	98	#
130	13604.7	5	7	14	21	33	36	37	38	44	49	57	58	71	73	78	79	80	94	#
131	11239.7	3	7	10	30	32	36	37	46	48	54	56	65	76	79	80	87	92	99	#
132	19416.8	0	1	4	20	32	38	40	41	42	47	48	50	51	52	60	66	67	68	69	77	78	79	84	85	86	95	97	#
133	3902.71	5	10	11	16	17	19	29	35	36	37	38	41	42	54	60	64	65	75	77	81	88	91	94	99	#
134	3010.26	0	2	4	15	18	20	27	32	34	35	36	38	40	42	51	55	63	66	73	74	75	77	86	87	88	95	#
135	8370.35	2	4	6	7	14	22	30	31	35	36	37	38	40	41	43	47	48	53	65	70	74	82	86	89	90	93	99	#
136	2760.84	5	7	16	18	21	24	30	43	44	47	50	52	53	65	69	70	88	90	93	99	#
137	2030.91	2	6	7	9	13	17	27	34	41	46	53	56	60	61	65	69	70	74	75	97	#
138	1183.99	3	4	9	12	14	32	33	34	37	39	40	41	44	48	52	55	62	69	73	75	77	82	84	90	91	93	97	#
139	5364.68	0	3	21	27	38	40	42	48	49	52	58	67	73	78	82	83	85	86	90	96	#
140	6029.72	11	14	15	26	38	42	49	52	56	66	76	82	84	86	90	#
141	14744.6	3	9	29	47	56	58	60	61	63	68	78	80	81	83	88	94	#
142	10040.2	1	5	8	13	15	16	29	36	37	42	44	45	56	58	62	67	71	75	84	85	91	93	98	99	#
143	23546.6	0	4	15	16	17	21	26	28	32	34	36	41	45	46	55	56	57	62	63	69	71	72	77	78	79	82	84	95	#
144	11719.6	5	11	23	39	44	55	60	62	63	69	70	72	74	82	84	88	89	90	#
145	9518.76	10	13	25	35	47	56	58	63	66	67	76	82	87	99	#
146	9536.02	2	8	11	16	19	24	25	30	34	36	38	41	44	48	54	60	61	62	65	66	74	80	92	97	#
147	1122.79	4	19	40	47	50	51	53	62	73	85	87	91	93	94	#
148	10770.1	3	7	12	21	24	25	29	36	39	40	43	48	61	63	82	83	88	89	94	98	#
149	14757.9	5	6	11	15	22	23	38	48	54	60	61	62	66	69	73	74	78	84	88	94	97	#
150	10227.9	0	5	8	25	27	29	33	51	56	63	66	69	70	88	89	98	99	#
151	2337.8	11	13	23	27	33	35	39	40	42	44	48	49	54	60	79	81	87	89	91	#
152	6276.58	2	3	17	18	21	36	48	50	54	76	77	82	83	86	88	90	93	94	98	#
153	5699.33	3	4	5	7	13	14	27	28	29	31	35	45	50	53	54	57	58	62	63	76	82	83	87	88	89	95	98	99	#
154	14244.4	1	2	8	13	19	21	23	24	28	40	48	49	50	56	59	60	79	81	96	#
155	559.691	0	13	15	22	26	31	34	38	39	41	54	72	79	#
156	10756	0	5	8	9	10	13	18	27	29	56	58	70	72	73	77	78	82	83	86	91	94	99	#
157	28391.7	2	16	19	20	21	25	27	28	33	39	40	52	56	58	59	64	66	75	79	80	82	83	85	89	90	91	92	95	99	#
158	9419.07	3	7	8	10	20	26	30	36	39	40	47	48	59	60	72	78	79	80	87	94	97	#
159	18236.8	2	4	6	7	10	12	15	37	42	45	47	48	52	60	64	74	78	82	84	#
160	13872.7	2	5	7	9	13	15	23	27	36	38	51	58	61	63	64	87	89	91	94	96	99	#
161	12367.6	1	8	12	17	33	36	52	60	68	69	74	76	86	90	#
162	4972.62	3	5	10	11	13	16	20	22	33	43	49	58	65	70	71	72	75	86	95	#
163	10403.7	8	12	13	14	15	20	36	41	46	47	48	51	57	60	68	80	83	85	91	92	93	99	#
164	6406.2	6	17	18	24	30	32	34	41	50	51	59	63	73	85	86	95	#
165	6122.53	0	2	5	13	14	16	19	22	26	28	29	42	50	55	66	69	75	76	77	84	85	86	97	98	#
166	15239.2	2	9	13	15	16	21	22	24	33	34	35	41	42	61	62	64	73	76	86	91	93	96	98	#
167	6122.33	7	9	14	17	21	25	26	27	30	35	44	47	50	58	73	74	76	83	95	96	97	#
168	11195	8	14	19	20	21	26	30	32	37	38	39	40	41	48	49	52	64	74	78	80	81	82	84	96	#
169	11409.5	4	11	15	17	27	31	36	40	41	46	47	51	52	60	62	72	73	79	81	91	93	99	#
170	15114.4	4	12	14	21	28	29	31	33	36	44	46	47	50	57	64	68	73	96	98	#
171	833.564	8	19	20	30	31	34	35	37	42	44	53	56	57	59	64	73	80	84	93	95	96	#
172	2578.25	7	10	11	15	19	21	25	26	32	35	40	42	45	46	50	53	55	61	65	66	69	79	#
173	20163	14	17	22	23	25	27	30	34	36	41	42	43	47	48	56	57	58	62	71	98	99	#
174	6737.95	6	15	17	19	35	37	42	43	53	56	58	60	67	72	74	92	93	97	#
175	11167.8	1	8	9	12	17	19	21	29	35	38	39	44	45	46	51	58	82	88	92	95	98	99	#
176	21764.2	1	4	6	12	17	21	26	36	52	54	56	63	65	69	70	78	79	80	83	93	94	95	#
177	1216.35	6	11	13	16	22	23	26	34	45	52	57	60	61	62	68	71	75	89	90	96	#
178	4875.36	4	6	7	16	19	21	25	26	31	35	36	40	43	46	49	56	60	62	63	70	79	83	89	95	#
179	5183.58	0	2	5	7	9	11	25	31	51	61	67	72	74	76	80	86	92	94	96	#
180	8169.49	3	10	15	19	20	26	33	44	48	51	58	63	64	70	78	82	95	#
181	24945.7	5	6	13	18	21	26	28	30	38	39	42	45	46	50	51	56	58	60	61	69	75	78	85	87	92	#
182	11219.3	7	16	21	22	24	37	40	44	48	51	58	66	78	82	85	86	92	93	#
183	6795.81	0	5	7	10	14	37	41	42	60	62	68	71	76	85	98	#
184	13823.6	12	14	18	29	31	34	36	41	42	44	46	47	49	54	63	65	73	81	84	#
185	7976.26	0	1	2	5	9	13	25	26	32	38	49	51	53	59	64	67	71	72	79	83	87	92	98	#
186	9059.1	6	10	12	14	22	27	32	38	41	45	49	55	80	81	82	95	97	#
187	5354.8	1	29	47	53	56	60	71	84	85	87	98	#
188	5374.32	15	17	20	23	24	26	29	34	35	49	56	64	67	75	79	93	#
189	19535.7	0	2	3	5	10	12	18	21	28	34	36	37	38	48	52	53	57	62	76	81	96	99	#
190	9800.09	2	3	9	10	14	16	17	18	19	20	23	24	31	38	44	51	54	64	71	72	77	94	97	#
191	17073.7	1	3	7	17	27	29	30	34	37	46	47	51	53	55	59	78	79	82	95	#
192	17868.8	3	9	10	12	18	20	28	32	41	45	46	61	64	73	78	83	85	90	94	95	96	99	#
193	12947.7	2	6	9	14	15	17	22	27	32	35	51	56	65	69	79	86	#
194	1274.35	20	23	26	36	39	41	42	43	44	45	54	60	70	71	76	77	78	80	88	89	94	95	#
195	3185.15	6	9	12	14	16	17	20	24	25	28	39	42	43	49	54	56	62	72	77	88	98	#
196	21195.5	0	5	15	16	18	25	28	29	30	31	32	36	38	44	49	56	61	78	82	83	84	86	96	#
197	881.433	2	8	12	14	18	21	22	24	28	29	34	39	46	49	52	54	66	77	81	86	92	#
198	7070.17	2	10	14	20	25	26	27	30	33	34	36	39	40	52	56	57	63	67	79	84	86	97	#
199	17081.2	1	5	9	10	12	17	20	22	30	38	43	45	47	62	65	76	77	80	86	93	94	95	98	#
200	16880.2	0	2	5	16	18	22	31	32	34	37	44	47	48	56	67	86	87	92	96	#
201	9242.48	10	11	16	19	20	22	26	30	40	41	43	47	48	54	55	63	68	78	80	83	89	97	#
202	15608.8	3	4	8	9	13	21	29	32	37	40	45	47	55	58	68	69	73	74	76	99	#
203	343.976	1	14	15	18	27	33	35	39	42	46	48	50	52	54	60	68	73	77	79	80	94	#
204	18524	3	7	9	13	14	17	20	29	30	38	40	49	51	52	54	61	70	72	74	76	85	86	90	98	#
205	14163	3	9	10	32	34	35	48	50	51	60	63	66	68	73	75	77	79	84	91	#
206	17455.9	2	8	15	17	22	25	31	44	55	56	58	60	63	71	72	74	87	89	91	92	94	#
207	16773.2	1	5	11	13	14	16	23	31	37	38	41	45	55	58	60	62	68	69	70	73	83	98	99	#
208	8752.85	4	14	23	25	36	37	49	68	69	78	80	81	85	86	88	89	#
209	9401.66	0	4	15	17	18	21	44	45	49	50	68	75	81	89	92	93	97	#
210	18485.4	0	6	9	12	16	17	18	28	30	31	41	49	51	67	68	76	78	92	96	#
211	5788.05	4	10	13	14	18	22	39	41	42	52	54	55	62	65	69	74	77	80	82	93	94	97	99	#
212	10080.8	3	8	10	15	16	17	28	30	36	48	51	53	56	57	58	59	64	68	76	80	84	91	93	99	#
213	10936.8	1	10	12	14	28	34	42	45	49	51	54	60	65	78	88	97	98	#
214	4948.35	7	16	17	20	25	33	50	52	56	63	73	78	82	89	98	99	#
215	12693.2	1	4	13	21	30	31	33	40	48	53	56	60	67	70	73	79	81	84	93	#
216	23061.1	0	7	12	17	19	20	26	28	33	35	37	40	47	51	54	59	69	76	77	80	83	87	94	97	#
217	872.866	0	2	5	8	15	19	33	44	46	55	64	77	79	85	90	99	#
218	5361.06	1	4	9	16	19	20	29	40	58	73	84	88	99	#
219	6055.65	2	4	6	7	10	16	24	31	34	39	46	52	54	55	57	69	76	77	83	91	94	96	98	#
220	6422.1	6	8	11	16	25	36	45	46	52	53	55	58	64	68	71	75	79	80	86	#
221	19028.7	1	6	13	17	22	24	26	30	33	36	38	41	42	51	63	69	71	72	78	91	95	97	98	#
222	17595.8	0	7	18	22	23	24	25	27	28	29	31	33	38	41	54	55	56	63	66	67	70	73	75	77	79	80	88	92	98	#
223	3727.56	3	10	14	20	22	34	35	38	41	45	48	49	52	57	58	61	75	86	91	99	#
224	6431.01	1	3	6	8	17	19	23	27	34	57	58	61	73	75	76	80	81	84	90	97	#
225	13187.8	0	6	7	11	12	16	18	20	25	28	29	31	40	51	59	62	72	73	84	86	92	98	99	#
226	8172.19	3	12	16	19	24	25	29	44	47	50	62	63	66	72	82	84	96	97	98	#
227	18116	1	2	13	21	24	26	32	36	38	49	52	56	58	59	61	66	67	79	87	92	95	97	#
228	13889.3	3	8	9	11	20	32	33	44	49	54	57	61	63	66	68	69	70	79	85	89	93	99	#
229	10158.5	1	3	5	7	13	18	26	30	44	46	55	72	73	75	84	86	88	#
230	17329.8	2	7	13	15	30	36	42	45	46	50	54	62	68	71	75	79	89	92	#
231	3517.85	13	20	22	24	25	26	36	63	68	69	76	77	78	82	88	93	#
232	10661.3	8	9	10	25	26	30	37	39	47	49	57	59	66	68	69	71	72	75	77	83	#
233	13057.8	0	2	6	11	13	25	41	45	46	52	55	61	62	72	75	79	82	95	98	99	#
234	11464.3	6	14	20	24	38	47	56	57	64	67	70	72	75	76	87	97	#
235	11743.9	1	6	9	27	34	41	47	48	54	56	64	74	81	99	#
236	18209.9	5	6	10	13	21	28	39	47	58	59	66	68	71	72	75	84	90	91	93	97	99	#
237	11195.4	1	12	14	16	24	32	33	44	50	54	56	73	78	94	#
238	17792.3	12	17	21	24	25	26	35	38	41	44	52	58	63	65	80	88	91	93	98	#
239	13617.4	0	4	8	18	26	28	31	36	38	43	48	62	65	66	70	76	81	86	90	93	95	96	#
240	8001.38	0	4	5	6	8	9	18	28	33	42	52	54	55	56	60	65	77	81	92	98	#
241	4420.32	14	15	27	28	37	39	47	51	57	58	59	62	72	77	79	82	96	97	99	#
242	4537.37	1	10	12	14	18	19	25	29	31	40	44	46	53	55	56	61	65	74	77	83	88	95	97	#
243	2884.25	4	5	21	31	38	57	58	60	63	67	73	75	83	87	88	#
244	13334.7	11	16	19	20	23	32	36	45	50	51	54	58	68	70	71	76	#
245	7304.92	1	2	3	11	17	22	28	34	36	38	43	52	59	61	69	75	76	90	92	97	98	#
246	21247.6	0	6	9	17	20	23	24	25	27	28	30	33	38	42	51	53	54	60	61	63	70	72	76	81	85	95	99	#
247	1122.68	6	10	17	35	47	48	52	56	57	58	63	67	70	78	81	83	85	86	93	94	96	#
248	9399.07	1	21	28	29	32	33	34	36	41	44	45	50	63	64	66	71	78	82	94	96	#
249	3444.07	0	1	2	17	19	25	30	34	42	46	59	62	67	73	75	76	80	82	85	90	91	#
250	8260.57	0	3	11	22	23	27	31	36	37	40	46	52	56	58	66	69	70	82	87	89	93	96	#
251	7450.42	5	8	14	15	23	30	46	47	52	65	75	77	82	85	90	92	96	#
252	19139	0	6	8	11	14	20	23	25	28	29	32	39	40	43	45	49	50	52	53	55	56	57	58	62	64	70	72	74	75	81	91	93	#
253	5817.28	0	1	5	14	15	20	37	39	40	41	43	45	51	52	56	68	69	70	74	78	81	87	88	89	90	#
254	19383.9	0	1	5	6	12	15	18	20	24	30	34	38	42	64	71	74	76	78	86	94	95	#
255	8139.73	11	17	23	30	39	51	53	55	63	66	69	81	84	86	#
256	14438.5	3	5	11	14	15	21	22	23	33	39	41	46	49	54	56	57	58	61	72	75	90	#
257	4782.86	2	14	16	18	21	29	35	37	43	49	60	64	65	67	69	70	71	87	89	91	97	98	#
258	4854.13	3	4	7	9	16	21	24	27	28	29	33	40	46	57	58	62	69	73	74	80	86	91	97	#
259	1716.96	11	14	15	18	23	30	31	34	41	45	51	54	59	63	64	65	68	70	71	77	78	81	83	96	97	99	#
260	14258.1	1	7	12	15	19	21	22	23	24	25	28	32	39	43	46	47	48	49	71	72	73	84	85	88	90	#
261	450.685	2	13	16	17	27	29	32	34	39	44	50	51	53	54	59	61	63	68	76	81	86	90	91	96	98	#
262	18534.5	5	9	15	21	24	29	37	40	46	49	53	62	63	67	70	71	72	80	82	85	89	94	99	#
263	11037.6	6	7	8	9	12	17	31	32	49	50	53	54	56	67	73	81	#
264	9440.35	0	7	14	29	36	37	38	42	49	51	54	59	65	69	72	79	81	90	98	#
265	2429.43	2	6	17	18	20	26	34	39	44	61	78	79	91	93	#
266	7316.35	2	15	24	25	26	29	30	34	37	43	44	60	61	63	76	83	88	94	97	98	#
267	4185.51	8	9	18	33	34	44	45	46	47	48	49	52	59	63	71	89	95	98	#
268	14727.9	0	1	2	4	14	15	18	21	25	28	30	39	52	56	66	68	72	79	84	90	#
269	15732.2	0	2	8	17	19	23	26	31	41	43	46	48	54	60	68	69	72	76	80	92	#
270	17917.6	1	4	9	15	16	22	27	29	34	43	51	54	57	75	76	77	87	88	98	#
271	9535.19	3	4	6	12	30	39	44	47	48	49	54	62	66	69	74	76	83	85	89	94	98	#
272	7473.45	5	7	9	18	23	24	32	37	39	40	41	42	46	47	57	59	60	67	75	83	87	88	90	93	94	#
273	504.519	5	28	29	31	33	35	36	41	48	55	57	68	81	86	88	95	97	99	#
274	11861.8	16	18	20	30	32	43	49	53	55	63	74	76	80	81	95	97	#
275	8637.77	7	23	34	36	39	47	48	58	67	74	90	97	#
276	7406.48	2	9	11	17	19	20	23	25	28	30	31	32	33	36	39	43	48	50	71	75	78	80	87	90	92	#
277	3270.83	2	3	9	17	22	29	37	41	54	60	61	64	66	68	82	85	89	93	94	96	97	98	#
278	1172.25	14	26	27	30	31	38	40	42	45	49	60	66	68	76	77	79	81	85	86	92	94	#
279	2852.25	13	15	23	24	25	32	33	36	41	61	76	77	80	89	91	92	95	96	#
280	435.31	2	8	18	21	26	29	42	56	65	66	67	68	70	74	77	79	82	83	84	95	#
281	4398.57	3	4	16	18	21	25	30	34	37	42	47	60	63	66	81	85	91	92	95	98	#
282	4806.06	3	6	19	26	27	30	33	45	47	48	54	65	70	73	74	94	95	#
283	8704.18	4	12	31	32	37	38	43	61	63	77	82	83	86	87	89	93	97	#
284	4523.58	0	2	4	6	15	19	30	32	34	50	55	56	58	72	74	79	82	86	92	95	96	#
285	4532.91	3	6	25	40	42	44	52	54	58	64	71	76	93	#
286	4881.95	1	5	14	18	22	43	53	70	77	78	82	85	89	91	94	#
287	18134.2	0	1	3	7	14	22	26	27	33	37	38	42	47	48	51	53	55	59	63	69	71	72	75	76	79	83	89	96	#
288	4841.06	0	1	13	18	23	45	51	52	55	63	65	77	81	86	87	#
289	15444.7	3	6	8	15	19	25	27	30	38	45	52	55	64	65	66	69	81	82	86	87	#
290	11382.6	3	5	6	8	9	26	43	45	47	55	62	67	70	79	83	89	91	95	97	98	99	#
291	13671	0	6	13	15	36	40	45	52	54	60	64	65	74	82	93	99	#
292	12500.9	1	4	11	15	16	19	20	26	36	39	40	44	46	63	64	73	77	83	84	#
293	279.262	2	20	31	34	37	40	46	51	52	59	62	65	70	75	76	79	93	95	97	#
294	13836.2	4	8	10	12	13	15	16	22	23	34	42	48	52	54	58	61	66	73	77	85	90	91	92	#
295	19421.1	0	7	10	12	14	22	28	29	30	34	36	39	40	42	46	52	56	69	70	86	93	95	98	#
296	1273.72	10	15	23	28	32	36	40	41	43	45	48	80	83	85	87	89	90	91	94	#
297	6076.02	3	7	16	17	21	23	25	26	32	33	34	36	37	40	41	45	46	53	54	56	58	61	65	69	72	75	94	98	#
298	21946.5	2	7	11	17	37	38	39	52	56	57	61	62	69	73	79	81	82	83	84	87	90	93	99	#
299	11619	0	16	20	21	22	23	31	35	46	50	55	64	75	78	92	95	#
