%% File generated by CATS v.2.1Tue Apr 13 22:42:16 2021

%% The CATS webpage is http://robotics.stanford.edu/CATS

%% PARAMETER SETTINGS:
% Goods: 256; Bids: 1000; Distribution: L7; Runs: 1; Parameters generated from distribution in file "qpstuff/L7-qp.txt".; Problems generated from distribution over features in files: qpstuff/cass-qp.txt, qpstuff/cplex-qp.txt, qpstuff/lehman-qp.txt; Seed: 1618495214
% Legacy distribution parameters:
% Number of goods chosen according to Binomial distribution (binom_cutoff = 0.0158629).
% Price chosen according to Linear Random distribution (low_linearly = 0.958847, high_linearly = 1.04115).


goods 256
bids 1000
dummy 0

0	1.92149	11	90	#
1	1.94737	22	226	#
2	1.95742	13	157	#
3	3.84682	89	131	231	242	#
4	1.94032	35	241	#
5	6.04629	58	80	84	118	162	199	#
6	4.82322	42	53	183	210	223	#
7	1.98829	212	248	#
8	4.99916	21	30	52	112	126	#
9	5.18257	107	111	123	136	172	#
10	1.01177	43	#
11	2.01989	99	149	#
12	9.28088	7	31	55	109	132	193	196	207	212	#
13	2.05586	34	170	#
14	7.00792	52	54	98	131	199	212	250	#
15	6.81333	13	45	100	108	111	154	161	#
16	2.01687	149	174	#
17	6.82765	28	77	103	142	146	172	221	#
18	3.85202	48	150	156	186	#
19	2.89235	134	179	206	#
20	2.05036	65	132	#
21	1.01932	30	#
22	1.94403	59	217	#
23	3.92222	55	91	176	187	#
24	3.98043	18	61	134	212	#
25	4.12265	81	123	176	225	#
26	2.02844	6	123	#
27	5.77306	15	86	135	185	198	240	#
28	5.06109	17	48	78	204	205	#
29	0.989178	96	#
30	1.93638	23	185	#
31	3.93751	16	135	188	243	#
32	1.99989	162	222	#
33	5.94296	42	119	182	193	237	255	#
34	2.00263	35	158	#
35	1.96623	26	228	#
36	2.03656	14	113	#
37	5.77687	24	59	75	136	154	208	#
38	4.83282	10	28	146	205	224	#
39	6.78824	18	128	148	157	185	204	212	#
40	5.1605	93	108	145	224	231	#
41	3.95869	96	106	194	199	#
42	7.08189	72	76	108	118	160	189	207	#
43	7.68081	24	30	60	71	73	79	129	202	#
44	4.95847	111	118	154	195	217	#
45	3.96423	44	83	143	174	#
46	2.07952	107	162	#
47	5.17415	158	170	189	224	226	#
48	5.80341	56	100	135	193	203	227	#
49	4.07714	167	188	231	253	#
50	8.14996	29	48	59	66	88	179	187	219	#
51	1.03343	91	#
52	6.05818	25	95	119	150	161	208	#
53	8.13921	17	19	67	75	108	186	227	236	#
54	3.03058	21	217	251	#
55	3.00087	122	194	197	#
56	4.03538	42	94	97	236	#
57	1.01173	23	#
58	3.07633	43	66	168	#
59	3.93164	19	107	147	162	#
60	9.17993	33	44	51	89	172	182	188	231	235	#
61	4.90508	38	91	134	196	209	#
62	4.00465	129	155	158	201	#
63	3.01963	25	41	231	#
64	5.7851	66	130	141	168	232	245	#
65	3.09675	1	33	131	#
66	4.08689	0	127	184	216	#
67	3.97212	37	78	87	88	#
68	4.0806	89	156	212	251	#
69	4.99615	48	112	164	205	220	#
70	1.01151	241	#
71	4.0882	170	238	250	254	#
72	3.00809	47	141	241	#
73	5.1595	70	91	122	142	250	#
74	5.9138	57	67	68	96	106	193	#
75	10.7744	41	52	53	65	88	132	146	161	180	185	187	#
76	4.85974	33	135	204	232	235	#
77	3.04673	128	138	191	#
78	5.05114	57	76	134	146	214	#
79	4.92681	41	46	59	181	231	#
80	1.00873	245	#
81	1.93078	35	130	#
82	2.02509	122	157	#
83	0.995508	254	#
84	2.0022	66	242	#
85	3.84738	56	69	132	207	#
86	6.91492	3	8	41	133	177	187	224	#
87	2.06423	57	204	#
88	4.10169	35	84	85	90	#
89	3.12184	58	191	197	#
90	2.0309	67	172	#
91	5.88645	52	71	87	135	161	193	#
92	3.95572	83	181	220	238	#
93	2.93065	30	93	211	#
94	4.98913	24	38	89	96	128	#
95	2.04653	7	176	#
96	4.01729	1	169	237	242	#
97	4.13542	29	87	178	201	#
98	1.96284	64	152	#
99	1.9549	124	215	#
100	2.97631	12	63	192	#
101	1.01035	136	#
102	5.15071	22	57	105	136	241	#
103	8.22283	22	69	95	103	148	152	171	182	#
104	2.07175	6	108	#
105	6.09722	9	14	67	94	193	201	#
106	2.9739	28	206	213	#
107	7.16767	88	128	206	214	222	242	252	#
108	6.79187	33	61	80	101	128	166	234	#
109	2.0152	61	242	#
110	3.06416	62	74	135	#
111	3.9045	14	76	207	225	#
112	6.22298	6	73	75	175	221	250	#
113	0.989573	176	#
114	5.07324	73	138	142	221	238	#
115	0.96225	64	#
116	3.03033	104	106	158	#
117	1.03226	169	#
118	5.03025	39	108	129	184	233	#
119	1.02146	150	#
120	5.04332	13	158	188	201	235	#
121	5.95467	56	67	131	183	199	204	#
122	3.04797	1	85	224	#
123	5.03013	21	64	78	246	252	#
124	0.96992	59	#
125	2.91576	140	217	251	#
126	2.01455	171	231	#
127	3.00383	42	169	180	#
128	4.12628	41	145	149	194	#
129	3.84863	34	141	196	219	#
130	4.96146	57	91	173	243	254	#
131	1.97941	40	74	#
132	1.94474	115	131	#
133	0.984182	202	#
134	3.0518	96	153	192	#
135	1.00803	190	#
136	4.87119	30	70	160	183	237	#
137	4.05239	42	125	129	131	#
138	4.11117	52	56	61	251	#
139	5.11936	8	17	28	93	187	#
140	6.81534	54	83	111	128	140	142	241	#
141	0.994666	181	#
142	3.98346	149	155	186	194	#
143	6.13651	115	140	155	163	164	173	#
144	2.91641	67	87	219	#
145	2.94691	27	64	209	#
146	7.13405	14	32	33	69	103	178	184	#
147	6.94988	51	75	141	144	162	219	255	#
148	2.01834	1	238	#
149	3.87359	43	114	226	251	#
150	2.0501	21	31	#
151	2.97366	20	92	123	#
152	5.12975	7	52	85	142	228	#
153	4.05984	0	112	129	192	#
154	5.19337	62	63	119	129	130	#
155	2.02084	168	232	#
156	5.17438	1	23	33	57	219	#
157	5.13963	84	151	154	214	243	#
158	3.8478	7	103	184	251	#
159	5.07684	7	52	59	217	249	#
160	0.984669	206	#
161	2.97752	23	73	115	#
162	4.92133	6	154	176	178	181	#
163	3.09443	39	160	199	#
164	7.88149	21	68	113	167	170	172	202	231	#
165	2.05114	10	42	#
166	3.05032	82	192	245	#
167	4.89198	2	19	35	84	252	#
168	6.03563	14	103	130	187	208	238	#
169	5.15985	4	15	147	204	230	#
170	2.0292	20	185	#
171	5.17891	5	39	68	97	170	#
172	5.91908	38	53	105	133	192	255	#
173	0.984639	34	#
174	2.9292	45	54	171	#
175	3.85589	17	100	119	228	#
176	4.14828	18	65	80	108	#
177	5.11987	7	39	122	148	157	#
178	3.90798	63	72	91	147	#
179	5.17718	14	78	80	161	182	#
180	1.98969	192	201	#
181	2.07374	78	162	#
182	3.0611	10	13	242	#
183	1.93026	39	111	#
184	6.15989	2	117	124	128	184	216	#
185	2.03069	34	48	#
186	3.86282	10	39	107	200	#
187	0.977754	129	#
188	2.92384	13	55	196	#
189	2.9811	36	144	171	#
190	4.03373	7	101	188	213	#
191	4.03498	2	136	160	231	#
192	4.80307	148	152	210	252	253	#
193	0.998807	180	#
194	8.27904	43	75	76	131	134	160	230	243	#
195	6.10445	18	21	178	189	225	249	#
196	7.10587	12	20	22	121	167	173	185	#
197	4.87072	116	125	179	227	241	#
198	2.0204	136	233	#
199	4.93067	127	175	186	222	239	#
200	1.92332	97	236	#
201	7.08812	19	24	133	173	177	178	222	#
202	0.994494	242	#
203	1.96822	20	172	#
204	9.00428	30	47	50	54	68	104	155	158	228	#
205	2.91156	64	108	124	#
206	5.87943	14	22	23	82	136	180	#
207	3.9619	35	71	91	158	#
208	4.12041	13	121	135	142	#
209	4.13993	0	32	78	208	#
210	5.86079	1	30	89	138	173	193	#
211	6.23933	42	74	85	119	181	210	#
212	6.23559	40	137	182	209	244	246	#
213	4.84036	9	20	76	198	199	#
214	3.97524	11	18	35	44	#
215	6.84204	0	19	39	80	108	183	216	#
216	1.97881	194	227	#
217	5.12774	33	77	145	203	243	#
218	4.0844	2	129	175	202	#
219	1.93294	12	171	#
220	6.97682	4	112	150	215	216	236	241	#
221	3.92793	42	70	72	215	#
222	1.92403	144	186	#
223	7.6997	10	19	42	43	232	241	247	249	#
224	7.05027	41	72	79	80	194	196	214	#
225	3.92216	28	40	103	139	#
226	4.91381	36	40	64	82	148	#
227	8.14165	27	93	118	190	196	218	235	247	#
228	5.77888	66	149	157	183	191	223	#
229	3.92529	76	104	120	198	#
230	2.98275	45	163	192	#
231	5.1268	31	85	104	225	249	#
232	7.06919	27	37	77	125	130	144	173	#
233	2.90623	134	142	178	#
234	0.981941	102	#
235	2.04223	51	165	#
236	3.87952	37	115	232	234	#
237	4.96871	67	90	161	187	242	#
238	6.19995	19	34	82	125	142	209	#
239	3.121	69	163	200	#
240	3.9189	79	145	158	176	#
241	4.04825	50	72	78	246	#
242	4.08368	8	18	30	158	#
243	5.87651	11	18	122	147	155	191	#
244	3.01819	87	187	190	#
245	3.91429	23	147	201	232	#
246	2.99527	30	202	204	#
247	6.77467	1	47	68	118	141	152	196	#
248	3.92748	2	70	114	185	#
249	4.89382	62	111	133	209	227	#
250	1.97041	65	250	#
251	4.11203	26	106	109	117	#
252	2.93057	12	22	28	#
253	4.04922	27	88	211	236	#
254	5.06507	32	55	84	116	170	#
255	2.93741	17	63	247	#
256	4.12067	97	174	188	240	#
257	7.18283	6	16	97	188	192	215	234	#
258	4.12098	89	112	187	198	#
259	5.19323	19	54	92	199	254	#
260	5.09354	30	33	120	139	247	#
261	3.94652	33	55	71	145	#
262	2.02315	127	154	#
263	5.04961	34	47	69	110	237	#
264	1.94392	132	153	#
265	1.02844	165	#
266	2.05053	12	46	#
267	4.99043	53	76	81	107	112	#
268	1.99032	148	156	#
269	3.02534	43	114	116	#
270	4.81466	6	87	217	229	248	#
271	6.78412	6	18	76	159	186	213	228	#
272	1.94136	150	246	#
273	2.03313	45	127	#
274	3.05148	77	115	199	#
275	3.97327	6	17	45	127	#
276	3.9831	38	189	223	239	#
277	2.892	33	211	220	#
278	3.86718	14	22	85	153	#
279	1.97906	82	222	#
280	4.95167	0	123	187	205	237	#
281	5.8416	18	36	134	224	231	232	#
282	5.13599	1	96	99	114	192	#
283	5.83292	48	106	181	221	236	251	#
284	1.97674	106	251	#
285	3.04603	123	208	247	#
286	5.00785	28	93	144	228	237	#
287	3.88857	3	15	21	205	#
288	5.07974	5	10	96	140	246	#
289	7.88965	7	99	101	115	185	194	234	244	#
290	5.09757	48	119	130	210	219	#
291	3.00404	81	86	242	#
292	5.06226	61	102	215	222	240	#
293	7.73974	21	23	43	54	119	166	240	241	#
294	0.996583	103	#
295	1.02107	246	#
296	3.85481	35	67	69	104	#
297	4.03386	75	155	166	198	#
298	4.84886	45	108	131	138	176	#
299	5.05738	36	66	106	128	167	#
300	6.17423	21	22	135	174	187	247	#
301	2.03264	132	152	#
302	1.98672	59	112	#
303	3.02016	153	233	240	#
304	1.99388	149	191	#
305	4.82566	3	14	126	211	237	#
306	1.92368	44	252	#
307	4.90479	25	64	69	72	197	#
308	3.83687	42	76	166	190	#
309	2.02736	167	225	#
310	5.99185	58	60	74	127	173	241	#
311	2.9391	26	37	255	#
312	2.9296	12	225	244	#
313	1.01689	163	#
314	6.82208	15	72	144	209	222	223	251	#
315	2.06491	7	39	#
316	6.78169	8	109	117	134	143	172	223	#
317	3.1008	42	73	160	#
318	5.8476	44	71	103	130	137	162	#
319	5.96591	19	26	64	72	146	183	#
320	2.93511	10	16	74	#
321	3.88552	173	181	238	250	#
322	6.84264	29	46	69	125	154	167	234	#
323	9.2434	29	31	40	49	50	74	98	135	215	#
324	5.87695	56	60	106	145	188	236	#
325	2.01718	52	169	#
326	5.87768	5	60	68	69	203	213	#
327	1.02778	118	#
328	2.06289	59	89	#
329	5.94613	3	44	69	72	139	167	#
330	1.02022	44	#
331	1.96135	53	213	#
332	5.86708	11	22	83	102	103	196	#
333	4.89474	0	6	91	133	135	#
334	7.05087	34	42	84	121	133	175	187	#
335	3.9472	12	32	189	219	#
336	2.94486	59	221	247	#
337	3.96172	1	81	167	195	#
338	0.959206	146	#
339	8.66809	7	19	93	145	158	180	189	247	250	#
340	2.06926	26	194	#
341	2.04487	57	142	#
342	3.86662	30	112	192	228	#
343	4.90543	9	31	122	159	227	#
344	5.04906	42	70	85	201	224	#
345	6.93388	11	50	74	80	130	163	238	#
346	7.94717	87	127	131	143	171	175	180	200	#
347	1.01279	116	#
348	6.03698	42	120	122	123	176	232	#
349	5.11728	3	25	77	136	212	#
350	3.88474	3	28	53	179	#
351	2.92196	79	93	146	#
352	4.9662	2	81	220	230	236	#
353	6.03316	40	67	90	104	160	219	#
354	4.1297	14	23	77	126	#
355	3.9756	0	100	177	208	#
356	4.07848	150	171	230	250	#
357	3.05754	100	121	166	#
358	2.01368	46	189	#
359	3.96616	21	23	144	177	#
360	5.08036	15	88	191	204	235	#
361	1.96254	137	219	#
362	7.01802	60	63	78	112	132	145	223	#
363	3.9422	62	76	155	197	#
364	4.9085	50	64	172	179	201	#
365	4.85669	32	56	70	151	200	#
366	6.84465	27	45	93	95	147	155	188	#
367	1.02609	171	#
368	2.98712	31	96	192	#
369	5.8752	38	81	110	192	223	246	#
370	4.83305	15	33	57	214	228	#
371	0.978626	196	#
372	6.24186	102	155	172	187	213	226	#
373	4.89911	90	140	152	199	250	#
374	3.03588	20	31	49	#
375	5.08606	74	83	121	157	197	#
376	4.14258	30	38	171	223	#
377	6.22169	9	34	66	69	174	182	#
378	2.04816	85	208	#
379	2.8865	55	130	237	#
380	4.92563	52	82	119	153	177	#
381	2.95935	47	140	185	#
382	6.21	2	26	125	157	160	245	#
383	3.85602	150	170	230	235	#
384	5.02471	14	27	98	151	223	#
385	4.13002	42	99	212	213	#
386	5.99586	109	187	188	231	233	253	#
387	3.11577	45	139	159	#
388	4.94881	15	77	103	202	234	#
389	2.99397	65	83	221	#
390	6.17854	23	35	53	204	209	242	#
391	6.12601	12	17	73	80	97	166	#
392	4.09539	71	129	154	220	#
393	4.9774	33	60	166	222	225	#
394	1.94236	71	80	#
395	2.98897	102	188	196	#
396	6.02271	11	88	92	130	162	206	#
397	1.02842	234	#
398	0.996734	3	#
399	6.9645	49	100	103	130	138	206	248	#
400	6.9515	20	34	50	116	127	172	247	#
401	2.00251	114	179	#
402	1.9481	103	175	#
403	2.98874	5	18	79	#
404	2.06463	87	125	#
405	3.05758	16	89	185	#
406	4.80267	51	78	112	216	220	#
407	7.23294	23	72	108	114	159	205	253	#
408	4.09408	42	51	113	140	#
409	3.01366	53	140	142	#
410	2.03959	37	76	#
411	3.95623	19	63	126	250	#
412	5.06797	111	179	210	215	222	#
413	3.85825	41	75	142	223	#
414	3.06348	20	159	237	#
415	5.93338	57	76	80	119	167	190	#
416	6.16603	6	7	130	135	203	223	#
417	4.92914	12	23	163	166	246	#
418	4.00679	65	70	131	211	#
419	3.03326	29	183	220	#
420	2.91885	128	136	254	#
421	4.82215	81	113	178	227	251	#
422	3.98364	27	28	31	214	#
423	6.14666	22	109	121	150	152	156	#
424	4.98354	41	64	81	156	223	#
425	7.24517	48	125	154	159	167	182	220	#
426	6.05414	90	131	161	225	231	233	#
427	4.09489	52	55	205	223	#
428	3.97073	20	49	204	246	#
429	3.88786	19	58	64	182	#
430	6.17711	105	143	145	167	211	254	#
431	7.80701	25	40	58	96	106	113	147	225	#
432	1.96323	15	168	#
433	1.94868	27	210	#
434	4.88741	7	24	182	194	214	#
435	8.04106	37	99	144	185	194	202	229	239	#
436	5.92455	52	65	100	142	226	236	#
437	8.16447	12	44	45	77	154	155	165	235	#
438	2.07042	78	152	#
439	3.09107	130	168	224	#
440	4.83689	33	117	172	222	254	#
441	4.93255	1	34	118	129	255	#
442	2.94413	69	85	249	#
443	5.93014	47	61	73	93	103	226	#
444	8.1852	10	12	85	102	172	195	204	210	#
445	3.10581	80	117	144	#
446	1.96444	84	180	#
447	1.9884	104	203	#
448	5.12881	108	135	218	244	249	#
449	1.96666	28	145	#
450	3.8663	39	130	181	214	#
451	6.23777	27	38	187	196	223	249	#
452	1.96415	92	157	#
453	6.74879	27	64	118	145	180	193	212	#
454	5.86226	54	126	142	182	223	238	#
455	4.11427	43	46	54	88	#
456	5.90184	57	120	151	186	190	223	#
457	8.20477	5	38	51	54	154	178	185	198	#
458	4.9893	2	22	97	156	255	#
459	5.16937	124	140	206	226	239	#
460	6.84669	36	78	89	158	212	222	239	#
461	3.97305	67	194	215	235	#
462	10.1052	8	10	44	64	81	89	101	108	183	244	#
463	5.02565	42	68	76	219	249	#
464	5.08315	72	79	99	139	156	#
465	2.94326	36	60	63	#
466	3.07792	28	38	204	#
467	1.03049	66	#
468	2.02307	197	249	#
469	5.1032	16	28	33	107	227	#
470	5.0444	11	48	121	155	215	#
471	1.91946	113	214	#
472	3.94607	1	8	67	218	#
473	3.0748	131	192	221	#
474	3.00607	54	201	251	#
475	2.89409	44	81	223	#
476	5.12657	78	82	89	106	203	#
477	1.99464	18	131	#
478	6.08105	22	30	69	70	120	156	#
479	1.91992	157	211	#
480	3.01821	24	100	156	#
481	6.7534	29	120	139	158	199	210	248	#
482	0.998888	139	#
483	5.94358	25	44	47	108	155	188	#
484	3.04891	198	212	221	#
485	2.92092	70	89	122	#
486	1.98786	240	255	#
487	2.9348	132	145	181	#
488	2.00918	79	224	#
489	3.0471	50	74	166	#
490	1.98723	111	232	#
491	4.96392	75	112	141	193	230	#
492	5.0215	9	28	122	181	233	#
493	3.07188	124	135	247	#
494	7.1345	39	142	206	208	229	232	249	#
495	3.96868	50	62	63	211	#
496	0.962909	69	#
497	6.80786	28	55	106	143	169	233	240	#
498	5.98488	59	62	79	131	186	214	#
499	4.09039	11	32	166	167	#
500	3.05624	110	139	201	#
501	9.59427	53	56	67	70	89	110	145	166	214	228	#
502	8.17394	28	101	134	139	144	146	161	249	#
503	5.0039	3	62	165	186	224	#
504	6.8602	4	20	52	101	103	188	233	#
505	1.92255	163	169	#
506	0.979993	188	#
507	6.07272	9	10	79	107	123	239	#
508	5.83661	9	24	112	144	204	220	#
509	2.02724	154	254	#
510	4.1177	54	56	150	197	#
511	0.970023	7	#
512	2.96118	6	49	86	#
513	6.80627	53	111	142	155	161	181	201	#
514	2.02642	73	207	#
515	3.94238	79	104	161	197	#
516	0.964502	28	#
517	4.93509	35	68	165	170	212	#
518	2.89275	101	118	213	#
519	5.96191	100	105	144	176	177	199	#
520	1.01846	197	#
521	3.08685	154	202	218	#
522	3.89509	116	120	126	163	#
523	4.80586	83	119	131	158	226	#
524	1.99374	62	148	#
525	7.02746	13	113	122	188	210	224	249	#
526	10.6579	10	81	89	90	95	132	146	177	197	223	239	#
527	7.70771	20	66	132	138	179	230	231	250	#
528	4.85909	16	99	139	156	219	#
529	2.05789	36	237	#
530	3.92354	13	28	171	186	#
531	3.88954	7	35	171	255	#
532	4.10459	5	121	127	164	#
533	4.81693	61	121	163	194	210	#
534	7.97551	64	65	82	100	127	144	190	219	#
535	1.98102	144	161	#
536	5.02686	61	180	213	229	255	#
537	3.91454	88	91	127	129	#
538	1.94604	130	187	#
539	3.92865	34	62	159	169	#
540	4.06633	16	43	56	159	#
541	5.89108	27	30	214	227	244	247	#
542	4.79704	26	29	141	164	213	#
543	3.83644	28	30	56	139	#
544	8.04985	5	28	68	100	104	122	138	227	#
545	2.06222	60	102	#
546	6.12193	48	60	79	95	142	158	#
547	4.05014	40	52	148	213	#
548	7.1971	0	34	38	142	160	248	253	#
549	1.03059	68	#
550	1.93712	230	250	#
551	4.13147	116	121	183	241	#
552	6.03814	4	32	108	187	235	249	#
553	2.00218	88	204	#
554	4.027	21	88	128	211	#
555	6.22668	6	17	20	51	63	124	#
556	6.2023	4	35	79	110	158	169	#
557	2.9875	0	77	195	#
558	7.19502	19	68	70	105	127	186	217	#
559	4.89061	152	160	190	201	242	#
560	5.82874	55	65	109	158	185	228	#
561	2.05956	42	71	#
562	5.83065	44	93	102	110	163	241	#
563	1.9293	177	221	#
564	4.90669	17	66	104	131	188	#
565	5.01987	10	21	56	71	88	#
566	2.94743	14	187	240	#
567	5.95836	2	73	139	144	200	217	#
568	0.990334	76	#
569	4.02396	77	102	110	254	#
570	2.02332	105	223	#
571	2.93744	0	18	124	#
572	2.88972	141	162	224	#
573	1.03328	179	#
574	7.79122	10	28	34	44	91	125	160	168	#
575	4.92086	28	35	39	113	207	#
576	4.80718	46	89	98	204	232	#
577	5.02491	47	67	83	88	226	#
578	5.95893	8	11	19	20	63	173	#
579	3.89391	12	48	135	179	#
580	5.78821	91	127	129	174	192	252	#
581	3.99783	10	46	80	158	#
582	5.07951	47	53	64	79	244	#
583	5.04224	42	61	62	136	150	#
584	4.09765	24	91	151	215	#
585	5.05252	1	14	204	228	255	#
586	5.95874	3	43	105	143	196	203	#
587	4.12488	70	86	88	140	#
588	4.0985	0	30	104	226	#
589	5.09415	17	78	148	216	219	#
590	5.92061	9	17	44	85	95	166	#
591	2.01393	143	183	#
592	5.88224	14	32	85	116	157	246	#
593	1.93634	180	224	#
594	1.9375	49	125	#
595	3.94956	10	52	79	253	#
596	5.89568	44	55	209	221	225	245	#
597	7.01199	59	64	91	101	143	218	237	#
598	2.93379	113	138	217	#
599	6.71483	12	75	147	151	185	226	255	#
600	5.90635	15	77	103	192	224	232	#
601	6.0579	42	55	75	118	126	219	#
602	2.93971	5	113	127	#
603	1.94029	14	27	#
604	1.98634	62	173	#
605	4.01555	26	45	101	216	#
606	4.80685	33	167	177	198	213	#
607	1.99509	88	235	#
608	0.997346	252	#
609	3.95183	26	39	54	84	#
610	4.14879	23	39	65	130	#
611	2.91014	56	118	180	#
612	1.00535	55	#
613	5.94657	70	164	168	209	233	247	#
614	3.84444	9	143	203	245	#
615	3.10273	64	102	236	#
616	4.0511	41	143	169	211	#
617	3.04381	145	198	211	#
618	2.93218	46	121	168	#
619	0.997431	2	#
620	2.90841	11	22	23	#
621	4.88823	14	29	35	211	224	#
622	4.04521	30	91	118	199	#
623	2.9766	31	131	224	#
624	2.88928	130	152	216	#
625	4.02668	57	143	171	247	#
626	4.14732	15	39	212	247	#
627	5.14412	108	119	141	143	212	#
628	1.95644	210	229	#
629	6.13312	24	28	130	152	177	207	#
630	3.96926	103	191	228	232	#
631	2.95927	81	108	217	#
632	2.94195	8	59	168	#
633	4.14973	105	139	141	225	#
634	4.03174	43	58	158	251	#
635	5.76709	5	32	139	165	218	234	#
636	6.01175	9	85	115	129	151	210	#
637	4.96953	60	122	180	217	219	#
638	8.31449	11	25	71	89	161	165	217	251	#
639	5.08099	91	138	152	188	195	#
640	3.94582	85	87	114	148	#
641	2.97468	106	112	182	#
642	4.9731	22	50	76	188	210	#
643	4.80568	14	64	117	179	234	#
644	2.04222	14	204	#
645	5.09311	36	45	142	187	221	#
646	2.96941	12	131	151	#
647	8.85929	16	54	82	83	106	137	142	236	254	#
648	3.99972	48	104	141	150	#
649	4.06143	22	24	162	221	#
650	4.14055	94	124	186	233	#
651	2.96956	154	176	231	#
652	3.84795	42	137	172	218	#
653	2.90593	10	39	141	#
654	4.11778	47	80	115	225	#
655	1.96463	88	128	#
656	5.10662	25	110	137	168	223	#
657	3.89817	44	201	225	247	#
658	2.97649	24	40	192	#
659	9.25327	0	11	14	18	35	49	181	184	241	#
660	2.07598	95	124	#
661	2.8876	52	69	96	#
662	3.8628	49	63	92	95	#
663	3.11285	19	43	50	#
664	3.91924	1	3	89	203	#
665	3.96033	4	93	98	130	#
666	2.00454	195	219	#
667	3.89984	49	79	91	185	#
668	2.93181	47	150	152	#
669	0.988179	207	#
670	4.11169	10	35	180	232	#
671	4.06153	172	187	207	249	#
672	3.07212	89	164	207	#
673	4.81343	30	72	187	236	244	#
674	4.09523	16	44	160	249	#
675	2.9267	27	91	142	#
676	4.99197	30	41	174	230	232	#
677	3.1075	75	141	172	#
678	4.13709	67	72	219	228	#
679	4.13164	43	45	122	192	#
680	9.94251	17	57	65	100	165	183	184	193	218	248	#
681	5.77038	3	52	188	189	219	249	#
682	6.10262	5	11	67	109	122	198	#
683	7.16388	35	65	98	130	132	155	180	#
684	0.959623	53	#
685	8.72068	4	8	24	107	118	141	157	172	184	#
686	5.82292	26	49	64	132	205	233	#
687	3.11373	33	61	179	#
688	5.92638	40	105	106	114	161	246	#
689	1.99753	25	204	#
690	2.92551	120	221	250	#
691	0.984975	47	#
692	3.00127	36	67	193	#
693	1.93985	63	221	#
694	3.87685	11	73	185	223	#
695	2.07868	26	44	#
696	2.06668	178	241	#
697	3.85711	4	11	145	177	#
698	4.13819	42	60	116	251	#
699	5.79019	7	9	11	110	172	176	#
700	4.05014	14	94	117	241	#
701	7.23322	10	23	41	139	192	212	238	#
702	4.15788	42	83	105	175	#
703	3.04018	60	73	97	#
704	2.97265	35	200	206	#
705	5.82201	13	126	140	164	223	249	#
706	3.94303	1	32	34	182	#
707	3.10779	58	181	222	#
708	8.92692	12	65	70	74	124	164	165	223	253	#
709	2.92444	77	100	112	#
710	2.9043	171	205	236	#
711	3.84178	61	103	124	180	#
712	4.93713	48	75	185	194	222	#
713	4.9885	108	121	203	230	240	#
714	4.09001	27	130	146	206	#
715	2.93375	79	131	229	#
716	4.81053	8	119	156	191	211	#
717	2.98555	14	48	245	#
718	2.93593	94	179	235	#
719	5.20455	63	85	140	166	209	#
720	2.95009	34	49	175	#
721	6.18153	122	125	138	166	186	235	#
722	3.11319	9	137	202	#
723	4.11722	66	77	135	152	#
724	3.92873	58	65	89	236	#
725	2.04332	14	26	#
726	6.2195	52	72	74	134	176	250	#
727	2.95605	184	207	213	#
728	4.07277	177	206	213	241	#
729	3.00057	74	81	227	#
730	7.20071	23	70	73	193	204	205	213	#
731	4.8194	11	125	139	144	252	#
732	11.8211	3	26	27	41	90	135	137	161	175	191	240	249	#
733	3.95959	112	132	202	210	#
734	2.89232	138	148	250	#
735	5.89955	15	30	51	57	63	200	#
736	3.03064	176	218	250	#
737	7.20481	13	42	64	89	113	204	227	#
738	6.02783	16	75	103	105	173	254	#
739	2.87932	140	158	183	#
740	2.93579	3	117	141	#
741	2.95245	25	236	239	#
742	11.0372	42	69	80	97	110	153	159	203	216	223	243	#
743	5.09561	9	21	40	82	184	#
744	2.04778	34	39	#
745	5.03268	27	42	48	76	110	#
746	4.09252	1	19	20	94	#
747	0.981272	162	#
748	2.03498	190	238	#
749	4.89034	18	24	31	87	236	#
750	7.10691	51	112	176	182	205	231	244	#
751	9.0048	5	15	129	130	166	190	205	238	242	#
752	5.94174	28	49	89	97	173	226	#
753	3.86821	44	122	130	177	#
754	5.15741	50	126	144	240	243	#
755	3.01061	83	114	155	#
756	1.00308	45	#
757	4.01359	122	127	166	183	#
758	2.08147	35	185	#
759	4.05271	63	86	166	209	#
760	3.84443	58	73	119	121	#
761	0.976383	27	#
762	5.12547	48	62	98	173	226	#
763	6.7788	19	57	67	71	213	217	228	#
764	4.98045	13	66	71	215	225	#
765	6.23083	13	80	113	172	233	251	#
766	2.03427	45	98	#
767	1.97591	104	170	#
768	3.94186	47	115	196	222	#
769	4.99574	25	28	43	51	207	#
770	8.12658	78	83	91	111	123	148	193	240	#
771	2.97483	129	134	205	#
772	3.90849	11	48	87	243	#
773	3.84209	14	87	170	228	#
774	3.88958	101	122	184	209	#
775	5.83372	34	59	84	137	210	248	#
776	6.23426	54	153	177	181	204	224	#
777	3.05942	30	70	140	#
778	4.89154	49	59	129	208	249	#
779	2.94964	20	48	173	#
780	6.21156	99	137	182	208	226	247	#
781	4.11987	57	74	192	240	#
782	5.06551	45	90	146	165	218	#
783	8.09422	12	50	54	66	81	111	170	189	#
784	3.84355	72	97	108	243	#
785	4.01782	64	98	180	229	#
786	3.8846	72	155	195	205	#
787	3.01137	4	34	109	#
788	3.10721	150	225	244	#
789	5.06622	61	90	124	183	201	#
790	3.09969	31	176	220	#
791	4.00012	46	101	160	169	#
792	5.91527	3	151	178	199	206	226	#
793	4.11285	25	78	203	244	#
794	3.03411	18	90	240	#
795	7.18416	8	25	32	49	70	81	172	#
796	5.17081	40	98	150	186	230	#
797	3.07267	23	93	133	#
798	5.1753	83	99	111	124	206	#
799	3.03131	20	160	190	#
800	4.13732	46	179	206	248	#
801	5.00189	15	56	182	248	253	#
802	8.86081	5	13	30	32	39	65	79	85	239	#
803	3.11472	61	62	119	#
804	2.01926	85	220	#
805	2.88637	25	156	198	#
806	3.05146	117	164	197	#
807	3.85718	18	57	115	253	#
808	3.91913	69	101	193	246	#
809	2.878	116	160	198	#
810	4.99839	0	42	181	219	246	#
811	2.94584	124	239	247	#
812	6.16134	10	49	77	111	124	217	#
813	3.97738	64	92	215	251	#
814	3.00876	193	211	250	#
815	8.3042	76	103	126	138	192	199	204	214	#
816	5.86979	68	72	190	234	249	251	#
817	5.0926	2	21	22	49	54	#
818	0.960177	134	#
819	3.93924	73	84	105	115	#
820	1.00566	154	#
821	5.81109	20	48	120	122	140	248	#
822	4.03095	92	131	206	212	#
823	3.04199	11	80	161	#
824	2.9166	17	149	164	#
825	5.0775	3	58	76	186	218	#
826	6.94476	82	91	92	124	158	194	248	#
827	2.07689	201	202	#
828	0.961309	54	#
829	5.90617	59	99	132	133	196	237	#
830	4.03798	92	141	161	230	#
831	4.11513	69	137	182	217	#
832	3.83714	15	161	191	231	#
833	2.00431	37	137	#
834	3.11557	11	21	62	#
835	5.12219	68	126	155	175	176	#
836	4.08217	100	225	226	245	#
837	3.88185	103	162	193	241	#
838	6.0771	5	69	93	105	180	205	#
839	6.95983	61	104	129	150	156	180	181	#
840	2.99132	176	239	242	#
841	4.90046	28	30	129	156	235	#
842	8.10663	93	102	131	196	210	225	241	253	#
843	5.05182	122	127	149	156	237	#
844	0.967126	217	#
845	8.03637	11	46	58	62	100	110	210	242	#
846	5.11544	38	85	121	149	239	#
847	5.91763	53	147	148	203	217	229	#
848	0.978879	29	#
849	3.10039	21	157	212	#
850	6.02176	19	54	97	126	176	186	#
851	4.03876	52	103	166	216	#
852	1.94337	52	180	#
853	3.89592	21	90	201	202	#
854	7.93925	5	9	82	170	186	194	209	236	#
855	5.89107	4	30	41	117	227	233	#
856	4.01706	3	55	58	160	#
857	1.99986	1	136	#
858	6.20702	9	27	121	144	163	169	#
859	2.07719	80	189	#
860	1.92544	22	216	#
861	3.86241	7	169	179	211	#
862	6.16506	12	63	126	135	200	235	#
863	3.95957	55	77	125	172	#
864	3.90021	40	41	50	79	#
865	5.11829	15	76	81	102	230	#
866	5.89414	40	75	165	196	198	224	#
867	5.1034	18	60	122	142	198	#
868	1.95012	21	117	#
869	2.88527	132	142	247	#
870	2.06205	35	56	#
871	5.08859	9	31	50	215	224	#
872	2.01171	212	222	#
873	1.98501	229	235	#
874	1.01964	8	#
875	1.02871	195	#
876	7.98824	80	111	137	145	176	186	226	255	#
877	6.85753	27	77	80	85	112	177	234	#
878	4.04412	3	23	194	230	#
879	2.02571	66	239	#
880	4.99823	37	111	195	210	251	#
881	7.87776	41	49	60	88	125	161	180	194	#
882	1.01496	25	#
883	4.91301	24	84	204	228	241	#
884	1.95177	110	186	#
885	3.84738	151	191	197	241	#
886	3.95131	20	63	108	158	#
887	5.11535	74	82	101	102	198	#
888	2.07562	120	213	#
889	2.04527	15	174	#
890	3.86101	96	126	203	230	#
891	7.92774	12	40	41	86	147	165	175	189	#
892	4.05184	10	33	216	249	#
893	4.09783	21	47	80	127	#
894	7.71432	16	21	39	86	94	121	138	195	#
895	7.05826	2	58	107	112	165	171	189	#
896	5.93505	3	81	141	212	213	238	#
897	3.09244	84	129	162	#
898	7.93818	38	48	56	138	147	148	155	164	#
899	5.87827	0	43	55	66	103	128	#
900	6.2253	24	34	71	114	152	215	#
901	4.88285	11	119	164	184	215	#
902	3.08531	24	73	138	#
903	9.81684	17	35	36	57	93	98	115	156	230	239	#
904	5.01934	54	67	71	97	122	#
905	7.08427	6	34	91	112	136	190	244	#
906	4.06846	128	134	162	223	#
907	3.92167	58	82	122	131	#
908	1.98567	109	143	#
909	4.00753	41	122	162	235	#
910	3.85345	22	109	115	130	#
911	2.98833	111	157	176	#
912	2.01935	67	192	#
913	4.10789	38	82	203	210	#
914	2.05355	71	251	#
915	5.02758	33	53	111	222	243	#
916	4.93491	39	64	203	217	248	#
917	1.02077	193	#
918	5.91044	58	95	107	161	171	218	#
919	9.3655	24	147	166	168	187	188	224	234	238	#
920	2.9055	76	102	151	#
921	5.02327	2	9	26	133	162	#
922	6.89762	24	45	83	84	185	187	212	#
923	3.98669	145	146	178	251	#
924	3.98079	34	60	147	194	#
925	7.24349	103	146	160	180	212	213	225	#
926	8.01534	10	43	100	151	164	168	224	225	#
927	4.02178	33	47	52	70	#
928	2.88111	81	86	103	#
929	4.84162	51	102	171	218	247	#
930	2.03519	32	34	#
931	5.7776	6	104	114	115	153	194	#
932	5.93659	48	99	116	136	203	234	#
933	3.1062	134	194	211	#
934	4.02742	116	165	193	219	#
935	3.9482	82	110	165	169	#
936	3.93479	24	112	114	201	#
937	4.90819	39	162	173	217	228	#
938	3.10848	13	136	172	#
939	4.92961	4	89	176	182	250	#
940	3.01518	58	137	187	#
941	1.99025	43	80	#
942	5.05226	11	17	62	84	226	#
943	2.92154	36	38	187	#
944	1.9678	5	140	#
945	4.81168	19	75	101	134	162	#
946	1.97643	41	205	#
947	5.17183	0	8	80	90	140	#
948	5.13468	72	132	156	161	194	#
949	6.23255	6	21	69	182	192	213	#
950	5.04113	51	53	113	124	171	#
951	3.95262	60	117	218	221	#
952	5.88885	7	64	159	175	189	211	#
953	1.0308	93	#
954	6.14164	9	61	75	154	194	202	#
955	7.19229	43	56	127	160	164	251	255	#
956	3.91201	83	85	181	218	#
957	2.91122	84	93	148	#
958	6.92208	42	85	112	140	210	223	252	#
959	1.92289	110	190	#
960	6.84409	25	113	117	128	187	230	241	#
961	7.12949	117	157	205	219	242	246	251	#
962	6.2426	30	49	83	126	150	200	#
963	0.973154	115	#
964	3.08259	40	84	174	#
965	3.0572	95	101	123	#
966	3.92815	62	177	239	253	#
967	7.14866	9	16	32	109	182	238	242	#
968	4.02912	39	61	176	189	#
969	1.97434	24	198	#
970	4.08242	9	84	196	247	#
971	5.99293	3	4	15	81	118	186	#
972	3.84368	128	218	237	242	#
973	5.11129	16	102	152	199	221	#
974	2.96793	10	74	122	#
975	3.02887	70	127	166	#
976	4.09228	3	54	180	245	#
977	3.96283	99	115	201	203	#
978	3.94778	32	52	148	230	#
979	4.1424	94	101	173	236	#
980	3.91038	40	51	68	86	#
981	4.16148	0	109	138	143	#
982	5.11065	25	39	82	131	133	#
983	5.02286	8	101	111	207	242	#
984	3.09582	7	45	247	#
985	4.00291	16	108	133	235	#
986	5.12158	36	64	91	130	211	#
987	5.75417	24	27	131	137	141	194	#
988	1.98232	15	134	#
989	3.03479	20	134	245	#
990	3.08457	4	152	213	#
991	6.784	32	55	59	80	101	105	236	#
992	1.03846	104	#
993	4.10587	63	105	148	174	#
994	2.06955	47	120	#
995	3.93398	25	102	127	251	#
996	1.03244	178	#
997	4.08039	89	146	185	248	#
998	4.15044	111	164	166	173	#
999	2.90014	97	107	252	#
