[[0, 10, 11456.615], [1, 590, 13396.16], [2, 1170, 14318.865], [3, 1750, 14318.865], [4, 2330, 14318.865], [5, 2910, 14318.865], [6, 3490, 14318.865], [7, 4070, 14318.865], [8, 4650, 14318.865], [9, 5230, 14318.865], [10, 5810, 14318.865], [11, 6390, 14318.865], [12, 6970, 14318.865], [13, 7550, 14318.865], [14, 8130, 14318.865], [15, 8710, 14318.865], [16, 9290, 14318.865], [17, 9870, 14318.865], [18, 10450, 14318.865], [19, 11030, 14318.865], [20, 11610, 14318.865], [21, 12190, 14318.865], [22, 12770, 14318.865], [23, 13350, 14318.865], [24, 13930, 14318.865]]
[[0, 10, 14318.865], [1, 590, 14318.865], [2, 1170, 14318.865], [3, 1750, 14318.865], [4, 2330, 14318.865], [5, 2910, 14318.865], [6, 3490, 14318.865], [7, 4070, 14318.865], [8, 4650, 14318.865], [9, 5230, 14318.865], [10, 5810, 14318.865], [11, 6390, 14318.865], [12, 6970, 14318.865], [13, 7550, 14318.865], [14, 8130, 14318.865], [15, 8710, 14318.865], [16, 9290, 14318.865], [17, 9870, 14318.865], [18, 10450, 14318.865], [19, 11030, 14318.865], [20, 11610, 14318.865], [21, 12190, 14318.865], [22, 12770, 14318.865], [23, 13350, 14318.865], [24, 13930, 14318.865], [25, 14510, 14318.865], [26, 15090, 14318.865]]
[[0, 10, 14318.865], [1, 590, 14318.865], [2, 1170, 14318.865], [3, 1750, 14318.865], [4, 2330, 14318.865], [5, 2910, 14318.865], [6, 3490, 14318.865], [7, 4070, 14318.865], [8, 4650, 14318.865], [9, 5230, 14318.865], [10, 5810, 14318.865], [11, 6390, 14318.865], [12, 6970, 14318.865], [13, 7550, 14318.865], [14, 8130, 14318.865], [15, 8710, 14318.865], [16, 9290, 14318.865], [17, 9870, 14318.865], [18, 10450, 14318.865], [19, 11030, 14318.865], [20, 11610, 14318.865], [21, 12190, 14318.865], [22, 12770, 14318.865], [23, 13350, 14318.865], [24, 13930, 14318.865], [25, 14510, 14318.865], [26, 15090, 14318.865], [27, 15670, 14318.865], [28, 16250, 14318.865], [29, 16830, 14318.865], [30, 17410, 14318.865], [31, 17990, 14318.865], [32, 18570, 14318.865]]
[[0, 10, 14318.865], [1, 590, 14318.865], [2, 1170, 14318.865], [3, 1750, 14318.865], [4, 2330, 14318.865], [5, 2910, 14318.865], [6, 3490, 14318.865], [7, 4070, 14318.865], [8, 4650, 14318.865], [9, 5230, 14318.865], [10, 5810, 14318.865], [11, 6390, 14318.865], [12, 6970, 14318.865], [13, 7550, 14318.865], [14, 8130, 14318.865], [15, 8710, 14318.865], [16, 9290, 14318.865], [17, 9870, 14318.865], [18, 10450, 14318.865], [19, 11030, 14318.865], [20, 11610, 14318.865], [21, 12190, 14318.865]]
[[0, 10, 14318.865], [1, 590, 14318.865], [2, 1170, 14318.865], [3, 1750, 14318.865], [4, 2330, 14318.865], [5, 2910, 14318.865], [6, 3490, 14318.865], [7, 4070, 14318.865], [8, 4650, 14318.865], [9, 5230, 14318.865], [10, 5810, 14318.865], [11, 6390, 14318.865], [12, 6970, 14318.865], [13, 7550, 14318.865], [14, 8130, 14318.865], [15, 8710, 14318.865], [16, 9290, 14318.865], [17, 9870, 14318.865], [18, 10450, 14318.865], [19, 11030, 14318.865], [20, 11610, 14318.865], [21, 12190, 14318.865], [22, 12770, 14318.865], [23, 13350, 14318.865], [24, 13930, 14318.865], [25, 14510, 14318.865]]
[[0, 10, 14318.865], [1, 590, 14318.865], [2, 1170, 14318.865], [3, 1750, 14318.865], [4, 2330, 14318.865], [5, 2910, 14318.865], [6, 3490, 14318.865], [7, 4070, 14318.865], [8, 4650, 14318.865], [9, 5230, 14318.865], [10, 5810, 14318.865], [11, 6390, 14318.865], [12, 6970, 14318.865], [13, 7550, 14318.865], [14, 8130, 14318.865], [15, 8710, 14318.865], [16, 9290, 14318.865], [17, 9870, 14318.865], [18, 10450, 14318.865], [19, 11030, 14318.865], [20, 11610, 14318.865], [21, 12190, 14318.865], [22, 12770, 14318.865]]
[[0, 10, 14318.865], [1, 590, 14318.865], [2, 1170, 14318.865], [3, 1750, 14318.865], [4, 2330, 14318.865], [5, 2910, 14318.865], [6, 3490, 14318.865], [7, 4070, 14318.865], [8, 4650, 14318.865], [9, 5230, 14318.865], [10, 5810, 14318.865], [11, 6390, 14318.865], [12, 6970, 14318.865], [13, 7550, 14318.865], [14, 8130, 14318.865], [15, 8710, 14318.865], [16, 9290, 14318.865], [17, 9870, 14318.865], [18, 10450, 14318.865], [19, 11030, 14318.865], [20, 11610, 14318.865], [21, 12190, 14318.865], [22, 12770, 14318.865]]
[[0, 10, 14318.865], [1, 590, 14318.865], [2, 1170, 14318.865], [3, 1750, 14318.865], [4, 2330, 14318.865], [5, 2910, 14318.865], [6, 3490, 14318.865], [7, 4070, 14318.865], [8, 4650, 14318.865], [9, 5230, 14318.865], [10, 5810, 14318.865], [11, 6390, 14318.865], [12, 6970, 14318.865], [13, 7550, 14318.865], [14, 8130, 14318.865], [15, 8710, 14318.865], [16, 9290, 14318.865], [17, 9870, 14318.865], [18, 10450, 14318.865], [19, 11030, 14318.865], [20, 11610, 14318.865], [21, 12190, 14318.865]]
[[0, 10, 14318.865], [1, 590, 14318.865], [2, 1170, 14318.865], [3, 1750, 14318.865], [4, 2330, 14318.865], [5, 2910, 14318.865], [6, 3490, 14318.865], [7, 4070, 14318.865], [8, 4650, 14318.865], [9, 5230, 14318.865], [10, 5810, 14318.865], [11, 6390, 14318.865], [12, 6970, 14318.865], [13, 7550, 14318.865], [14, 8130, 14318.865], [15, 8710, 14318.865], [16, 9290, 14318.865], [17, 9870, 14318.865], [18, 10450, 14318.865], [19, 11030, 14318.865], [20, 11610, 14318.865], [21, 12190, 14318.865], [22, 12770, 14318.865], [23, 13350, 14318.865], [24, 13930, 14318.865], [25, 14510, 14318.865]]
[[0, 10, 14318.865], [1, 590, 14318.865], [2, 1170, 14318.865], [3, 1750, 14318.865], [4, 2330, 14318.865], [5, 2910, 14318.865], [6, 3490, 14318.865], [7, 4070, 14318.865], [8, 4650, 14318.865], [9, 5230, 14318.865], [10, 5810, 14318.865], [11, 6390, 14318.865], [12, 6970, 14318.865], [13, 7550, 14318.865], [14, 8130, 14318.865], [15, 8710, 14318.865], [16, 9290, 14318.865], [17, 9870, 14318.865], [18, 10450, 14318.865], [19, 11030, 14318.865], [20, 11610, 14318.865], [21, 12190, 14318.865], [22, 12770, 14318.865], [23, 13350, 14318.865], [24, 13930, 14318.865]]
[[0, 10, 14318.865], [1, 590, 14318.865], [2, 1170, 14318.865], [3, 1750, 14318.865], [4, 2330, 14318.865], [5, 2910, 14318.865], [6, 3490, 14318.865], [7, 4070, 14318.865], [8, 4650, 14318.865], [9, 5230, 14318.865], [10, 5810, 14318.865], [11, 6390, 14318.865], [12, 6970, 14318.865], [13, 7550, 14318.865], [14, 8130, 14318.865], [15, 8710, 14318.865], [16, 9290, 14318.865], [17, 9870, 14318.865], [18, 10450, 14318.865], [19, 11030, 14318.865], [20, 11610, 14318.865], [21, 12190, 14318.865]]
[[0, 10, 14318.865], [1, 590, 14318.865], [2, 1170, 14318.865], [3, 1750, 14318.865], [4, 2330, 14318.865], [5, 2910, 14318.865], [6, 3490, 14318.865], [7, 4070, 14318.865], [8, 4650, 14318.865], [9, 5230, 14318.865], [10, 5810, 14318.865], [11, 6390, 14318.865], [12, 6970, 14318.865], [13, 7550, 14318.865], [14, 8130, 14318.865], [15, 8710, 14318.865], [16, 9290, 14318.865], [17, 9870, 14318.865], [18, 10450, 14318.865], [19, 11030, 14318.865], [20, 11610, 14318.865], [21, 12190, 14318.865]]
[[0, 10, 14318.865], [1, 590, 14318.865], [2, 1170, 14318.865], [3, 1750, 14318.865], [4, 2330, 14318.865], [5, 2910, 14318.865], [6, 3490, 14318.865], [7, 4070, 14318.865], [8, 4650, 14318.865], [9, 5230, 14318.865], [10, 5810, 14318.865], [11, 6390, 14318.865], [12, 6970, 14318.865], [13, 7550, 14318.865], [14, 8130, 14318.865], [15, 8710, 14318.865], [16, 9290, 14318.865], [17, 9870, 14318.865], [18, 10450, 14318.865], [19, 11030, 14318.865], [20, 11610, 14318.865], [21, 12190, 14318.865]]
[[0, 10, 14318.865], [1, 590, 14318.865], [2, 1170, 14318.865], [3, 1750, 14318.865], [4, 2330, 14318.865], [5, 2910, 14318.865], [6, 3490, 14318.865], [7, 4070, 14318.865], [8, 4650, 14318.865], [9, 5230, 14318.865], [10, 5810, 14318.865], [11, 6390, 14318.865], [12, 6970, 14318.865], [13, 7550, 14318.865], [14, 8130, 14318.865], [15, 8710, 14318.865], [16, 9290, 14318.865], [17, 9870, 14318.865], [18, 10450, 14318.865], [19, 11030, 14318.865], [20, 11610, 14318.865], [21, 12190, 14318.865], [22, 12770, 14318.865]]
[[0, 10, 14318.865], [1, 590, 14318.865], [2, 1170, 14318.865], [3, 1750, 14318.865], [4, 2330, 14318.865], [5, 2910, 14318.865], [6, 3490, 14318.865], [7, 4070, 14318.865], [8, 4650, 14318.865], [9, 5230, 14318.865], [10, 5810, 14318.865], [11, 6390, 14318.865], [12, 6970, 14318.865], [13, 7550, 14318.865], [14, 8130, 14318.865], [15, 8710, 14318.865], [16, 9290, 14318.865], [17, 9870, 14318.865], [18, 10450, 14318.865], [19, 11030, 14318.865], [20, 11610, 14318.865], [21, 12190, 14318.865]]
[[0, 10, 14318.865], [1, 590, 14318.865], [2, 1170, 14318.865], [3, 1750, 14318.865], [4, 2330, 14318.865], [5, 2910, 14318.865], [6, 3490, 14318.865], [7, 4070, 14318.865], [8, 4650, 14318.865], [9, 5230, 14318.865], [10, 5810, 14318.865], [11, 6390, 14318.865], [12, 6970, 14318.865], [13, 7550, 14318.865], [14, 8130, 14318.865], [15, 8710, 14318.865], [16, 9290, 14318.865], [17, 9870, 14318.865], [18, 10450, 14318.865], [19, 11030, 14318.865], [20, 11610, 14318.865], [21, 12190, 14318.865], [22, 12770, 14318.865], [23, 13350, 14318.865], [24, 13930, 14318.865], [25, 14510, 14318.865], [26, 15090, 14318.865], [27, 15670, 14318.865], [28, 16250, 14318.865]]
[[0, 10, 14318.865], [1, 590, 14318.865], [2, 1170, 14318.865], [3, 1750, 14318.865], [4, 2330, 14318.865], [5, 2910, 14318.865], [6, 3490, 14318.865], [7, 4070, 14318.865], [8, 4650, 14318.865], [9, 5230, 14318.865], [10, 5810, 14318.865], [11, 6390, 14318.865], [12, 6970, 14318.865], [13, 7550, 14318.865], [14, 8130, 14318.865], [15, 8710, 14318.865], [16, 9290, 14318.865], [17, 9870, 14318.865], [18, 10450, 14318.865], [19, 11030, 14318.865], [20, 11610, 14318.865], [21, 12190, 14318.865]]
[[0, 10, 14318.865], [1, 590, 14318.865], [2, 1170, 14318.865], [3, 1750, 14318.865], [4, 2330, 14318.865], [5, 2910, 14318.865], [6, 3490, 14318.865], [7, 4070, 14318.865], [8, 4650, 14318.865], [9, 5230, 14318.865], [10, 5810, 14318.865], [11, 6390, 14318.865], [12, 6970, 14318.865], [13, 7550, 14318.865], [14, 8130, 14318.865], [15, 8710, 14318.865], [16, 9290, 14318.865], [17, 9870, 14318.865], [18, 10450, 14318.865], [19, 11030, 14318.865], [20, 11610, 14318.865], [21, 12190, 14318.865]]
[[0, 10, 14318.865], [1, 590, 14318.865], [2, 1170, 14318.865], [3, 1750, 14318.865], [4, 2330, 14318.865], [5, 2910, 14318.865], [6, 3490, 14318.865], [7, 4070, 14318.865], [8, 4650, 14318.865], [9, 5230, 14318.865], [10, 5810, 14318.865], [11, 6390, 14318.865], [12, 6970, 14318.865], [13, 7550, 14318.865], [14, 8130, 14318.865], [15, 8710, 14318.865], [16, 9290, 14318.865], [17, 9870, 14318.865], [18, 10450, 14318.865], [19, 11030, 14318.865], [20, 11610, 14318.865], [21, 12190, 14318.865]]
[[0, 10, 14318.865], [1, 590, 14318.865], [2, 1170, 14318.865], [3, 1750, 14318.865], [4, 2330, 14318.865], [5, 2910, 14318.865], [6, 3490, 14318.865], [7, 4070, 14318.865], [8, 4650, 14318.865], [9, 5230, 14318.865], [10, 5810, 14318.865], [11, 6390, 14318.865], [12, 6970, 14318.865], [13, 7550, 14318.865], [14, 8130, 14318.865], [15, 8710, 14318.865], [16, 9290, 14318.865], [17, 9870, 14318.865], [18, 10450, 14318.865], [19, 11030, 14318.865], [20, 11610, 14318.865], [21, 12190, 14318.865]]
[[0, 10, 14318.865], [1, 590, 14318.865], [2, 1170, 14318.865], [3, 1750, 14318.865], [4, 2330, 14318.865], [5, 2910, 14318.865], [6, 3490, 14318.865], [7, 4070, 14318.865], [8, 4650, 14318.865], [9, 5230, 14318.865], [10, 5810, 14318.865], [11, 6390, 14318.865], [12, 6970, 14318.865], [13, 7550, 14318.865], [14, 8130, 14318.865], [15, 8710, 14318.865], [16, 9290, 14318.865], [17, 9870, 14318.865], [18, 10450, 14318.865], [19, 11030, 14318.865], [20, 11610, 14318.865], [21, 12190, 14318.865], [22, 12770, 14318.865]]
[[0, 10, 14318.865], [1, 590, 14318.865], [2, 1170, 14318.865], [3, 1750, 14318.865], [4, 2330, 14318.865], [5, 2910, 14318.865], [6, 3490, 14318.865], [7, 4070, 14318.865], [8, 4650, 14318.865], [9, 5230, 14318.865], [10, 5810, 14318.865], [11, 6390, 14318.865], [12, 6970, 14318.865], [13, 7550, 14318.865], [14, 8130, 14318.865], [15, 8710, 14318.865], [16, 9290, 14318.865], [17, 9870, 14318.865], [18, 10450, 14318.865], [19, 11030, 14318.865], [20, 11610, 14318.865], [21, 12190, 14318.865], [22, 12770, 14318.865]]
[[0, 10, 14318.865], [1, 590, 14318.865], [2, 1170, 14318.865], [3, 1750, 14318.865], [4, 2330, 14318.865], [5, 2910, 14318.865], [6, 3490, 14318.865], [7, 4070, 14318.865], [8, 4650, 14318.865], [9, 5230, 14318.865], [10, 5810, 14318.865], [11, 6390, 14318.865], [12, 6970, 14318.865], [13, 7550, 14318.865], [14, 8130, 14318.865], [15, 8710, 14318.865], [16, 9290, 14318.865], [17, 9870, 14318.865], [18, 10450, 14318.865], [19, 11030, 14318.865], [20, 11610, 14318.865], [21, 12190, 14318.865]]
[[0, 10, 14318.865], [1, 590, 14318.865], [2, 1170, 14318.865], [3, 1750, 14318.865], [4, 2330, 14318.865], [5, 2910, 14318.865], [6, 3490, 14318.865], [7, 4070, 14318.865], [8, 4650, 14318.865], [9, 5230, 14318.865], [10, 5810, 14318.865], [11, 6390, 14318.865], [12, 6970, 14318.865], [13, 7550, 14318.865], [14, 8130, 14318.865], [15, 8710, 14318.865], [16, 9290, 14318.865], [17, 9870, 14318.865], [18, 10450, 14318.865], [19, 11030, 14318.865], [20, 11610, 14318.865], [21, 12190, 14318.865]]
[[0, 10, 14318.865], [1, 590, 14318.865], [2, 1170, 14318.865], [3, 1750, 14318.865], [4, 2330, 14318.865], [5, 2910, 14318.865], [6, 3490, 14318.865], [7, 4070, 14318.865], [8, 4650, 14318.865], [9, 5230, 14318.865], [10, 5810, 14318.865], [11, 6390, 14318.865], [12, 6970, 14318.865], [13, 7550, 14318.865], [14, 8130, 14318.865], [15, 8710, 14318.865], [16, 9290, 14318.865], [17, 9870, 14318.865], [18, 10450, 14318.865], [19, 11030, 14318.865], [20, 11610, 14318.865], [21, 12190, 14318.865]]
