[[0, 10, 5075.966], [1, 590, 5789.405], [2, 1170, 5789.405], [3, 1750, 5789.405], [4, 2330, 5789.405], [5, 2910, 5789.405], [6, 3490, 5789.405], [7, 4070, 5789.405], [8, 4650, 5789.405], [9, 5230, 5789.405], [10, 5810, 5789.405], [11, 6390, 5789.405], [12, 6970, 5789.405], [13, 7550, 5789.405], [14, 8130, 5789.405], [15, 8710, 5789.405], [16, 9290, 5789.405], [17, 9870, 5789.405], [18, 10450, 5789.405], [19, 11030, 5789.405], [20, 11610, 5789.405], [21, 12190, 5789.405], [22, 12770, 5789.405], [23, 13350, 5789.405], [24, 13930, 5789.405], [25, 14510, 5789.405], [26, 15090, 5789.405], [27, 15670, 5789.405], [28, 16250, 5789.405]]
[[0, 10, 5789.405], [1, 590, 5789.405], [2, 1170, 5789.405], [3, 1750, 5789.405], [4, 2330, 5789.405], [5, 2910, 5789.405], [6, 3490, 5789.405], [7, 4070, 5789.405], [8, 4650, 5789.405], [9, 5230, 5789.405], [10, 5810, 5789.405], [11, 6390, 5789.405], [12, 6970, 5789.405], [13, 7550, 5789.405], [14, 8130, 5789.405], [15, 8710, 5789.405], [16, 9290, 5789.405], [17, 9870, 5789.405], [18, 10450, 5789.405], [19, 11030, 5789.405], [20, 11610, 5789.405], [21, 12190, 5789.405], [22, 12770, 5789.405], [23, 13350, 5789.405], [24, 13930, 5789.405], [25, 14510, 5789.405]]
[[0, 10, 5789.405], [1, 590, 5789.405], [2, 1170, 5789.405], [3, 1750, 5789.405], [4, 2330, 5789.405], [5, 2910, 5789.405], [6, 3490, 5789.405], [7, 4070, 5789.405], [8, 4650, 5789.405], [9, 5230, 5789.405], [10, 5810, 5789.405], [11, 6390, 5789.405], [12, 6970, 5789.405], [13, 7550, 5789.405], [14, 8130, 5789.405], [15, 8710, 5789.405], [16, 9290, 5789.405], [17, 9870, 5789.405], [18, 10450, 5789.405], [19, 11030, 5789.405], [20, 11610, 5789.405], [21, 12190, 5789.405], [22, 12770, 5789.405], [23, 13350, 5789.405], [24, 13930, 5789.405], [25, 14510, 5789.405], [26, 15090, 5789.405], [27, 15670, 5789.405], [28, 16250, 5789.405]]
[[0, 10, 5789.405], [1, 590, 5789.405], [2, 1170, 5789.405], [3, 1750, 5789.405], [4, 2330, 5789.405], [5, 2910, 5789.405], [6, 3490, 5789.405], [7, 4070, 5789.405], [8, 4650, 5789.405], [9, 5230, 5789.405], [10, 5810, 5789.405], [11, 6390, 5789.405], [12, 6970, 5789.405], [13, 7550, 5789.405], [14, 8130, 5789.405], [15, 8710, 5789.405], [16, 9290, 5789.405], [17, 9870, 5789.405], [18, 10450, 5789.405], [19, 11030, 5789.405], [20, 11610, 5789.405], [21, 12190, 5789.405], [22, 12770, 5789.405]]
[[0, 10, 5789.405], [1, 590, 5789.405], [2, 1170, 5789.405], [3, 1750, 5789.405], [4, 2330, 5789.405], [5, 2910, 5789.405], [6, 3490, 5789.405], [7, 4070, 5789.405], [8, 4650, 5789.405], [9, 5230, 5789.405], [10, 5810, 5789.405], [11, 6390, 5789.405], [12, 6970, 5789.405], [13, 7550, 5789.405], [14, 8130, 5789.405], [15, 8710, 5789.405], [16, 9290, 5789.405], [17, 9870, 5789.405], [18, 10450, 5789.405], [19, 11030, 5789.405], [20, 11610, 5789.405], [21, 12190, 5789.405], [22, 12770, 5789.405], [23, 13350, 5789.405], [24, 13930, 5789.405], [25, 14510, 5789.405], [26, 15090, 5789.405]]
[[0, 10, 5789.405], [1, 590, 5789.405], [2, 1170, 5789.405], [3, 1750, 5789.405], [4, 2330, 5789.405], [5, 2910, 5789.405], [6, 3490, 5789.405], [7, 4070, 5789.405], [8, 4650, 5789.405], [9, 5230, 5789.405], [10, 5810, 5789.405], [11, 6390, 5789.405], [12, 6970, 5789.405], [13, 7550, 5789.405], [14, 8130, 5789.405], [15, 8710, 5789.405], [16, 9290, 5789.405], [17, 9870, 5789.405], [18, 10450, 5789.405], [19, 11030, 5789.405], [20, 11610, 5789.405], [21, 12190, 5789.405], [22, 12770, 5789.405], [23, 13350, 5789.405]]
[[0, 10, 5789.405], [1, 590, 5789.405], [2, 1170, 5789.405], [3, 1750, 5789.405], [4, 2330, 5789.405], [5, 2910, 5789.405], [6, 3490, 5789.405], [7, 4070, 5789.405], [8, 4650, 5789.405], [9, 5230, 5789.405], [10, 5810, 5789.405], [11, 6390, 5789.405], [12, 6970, 5789.405], [13, 7550, 5789.405], [14, 8130, 5789.405], [15, 8710, 5789.405], [16, 9290, 5789.405], [17, 9870, 5789.405], [18, 10450, 5789.405], [19, 11030, 5789.405], [20, 11610, 5789.405], [21, 12190, 5789.405], [22, 12770, 5789.405]]
[[0, 10, 5789.405], [1, 590, 5789.405], [2, 1170, 5789.405], [3, 1750, 5789.405], [4, 2330, 5789.405], [5, 2910, 5789.405], [6, 3490, 5789.405], [7, 4070, 5789.405], [8, 4650, 5789.405], [9, 5230, 5789.405], [10, 5810, 5789.405], [11, 6390, 5789.405], [12, 6970, 5789.405], [13, 7550, 5789.405], [14, 8130, 5789.405], [15, 8710, 5789.405], [16, 9290, 5789.405], [17, 9870, 5789.405], [18, 10450, 5789.405], [19, 11030, 5789.405], [20, 11610, 5789.405], [21, 12190, 5789.405]]
[[0, 10, 5789.405], [1, 590, 5789.405], [2, 1170, 5789.405], [3, 1750, 5789.405], [4, 2330, 5789.405], [5, 2910, 5789.405], [6, 3490, 5789.405], [7, 4070, 5789.405], [8, 4650, 5789.405], [9, 5230, 5789.405], [10, 5810, 5789.405], [11, 6390, 5789.405], [12, 6970, 5789.405], [13, 7550, 5789.405], [14, 8130, 5789.405], [15, 8710, 5789.405], [16, 9290, 5789.405], [17, 9870, 5789.405], [18, 10450, 5789.405], [19, 11030, 5789.405], [20, 11610, 5789.405], [21, 12190, 5789.405]]
[[0, 10, 5789.405], [1, 590, 5789.405], [2, 1170, 5789.405], [3, 1750, 5789.405], [4, 2330, 5789.405], [5, 2910, 5789.405], [6, 3490, 5789.405], [7, 4070, 5789.405], [8, 4650, 5789.405], [9, 5230, 5789.405], [10, 5810, 5789.405], [11, 6390, 5789.405], [12, 6970, 5789.405], [13, 7550, 5789.405], [14, 8130, 5789.405], [15, 8710, 5789.405], [16, 9290, 5789.405], [17, 9870, 5789.405], [18, 10450, 5789.405], [19, 11030, 5789.405], [20, 11610, 5789.405], [21, 12190, 5789.405], [22, 12770, 5789.405], [23, 13350, 5789.405], [24, 13930, 5789.405], [25, 14510, 5789.405]]
[[0, 10, 5789.405], [1, 590, 5789.405], [2, 1170, 5789.405], [3, 1750, 5789.405], [4, 2330, 5789.405], [5, 2910, 5789.405], [6, 3490, 5789.405], [7, 4070, 5789.405], [8, 4650, 5789.405], [9, 5230, 5789.405], [10, 5810, 5789.405], [11, 6390, 5789.405], [12, 6970, 5789.405], [13, 7550, 5789.405], [14, 8130, 5789.405], [15, 8710, 5789.405], [16, 9290, 5789.405], [17, 9870, 5789.405], [18, 10450, 5789.405], [19, 11030, 5789.405], [20, 11610, 5789.405], [21, 12190, 5789.405]]
[[0, 10, 5789.405], [1, 590, 5789.405], [2, 1170, 5789.405], [3, 1750, 5789.405], [4, 2330, 5789.405], [5, 2910, 5789.405], [6, 3490, 5789.405], [7, 4070, 5789.405], [8, 4650, 5789.405], [9, 5230, 5789.405], [10, 5810, 5789.405], [11, 6390, 5789.405], [12, 6970, 5789.405], [13, 7550, 5789.405], [14, 8130, 5789.405], [15, 8710, 5789.405], [16, 9290, 5789.405], [17, 9870, 5789.405], [18, 10450, 5789.405], [19, 11030, 5789.405], [20, 11610, 5789.405], [21, 12190, 5789.405], [22, 12770, 5789.405]]
[[0, 10, 5789.405], [1, 590, 5789.405], [2, 1170, 5789.405], [3, 1750, 5789.405], [4, 2330, 5789.405], [5, 2910, 5789.405], [6, 3490, 5789.405], [7, 4070, 5789.405], [8, 4650, 5789.405], [9, 5230, 5789.405], [10, 5810, 5789.405], [11, 6390, 5789.405], [12, 6970, 5789.405], [13, 7550, 5789.405], [14, 8130, 5789.405], [15, 8710, 5789.405], [16, 9290, 5789.405], [17, 9870, 5789.405], [18, 10450, 5789.405], [19, 11030, 5789.405], [20, 11610, 5789.405], [21, 12190, 5789.405]]
[[0, 10, 5789.405], [1, 590, 5789.405], [2, 1170, 5789.405], [3, 1750, 5789.405], [4, 2330, 5789.405], [5, 2910, 5789.405], [6, 3490, 5789.405], [7, 4070, 5789.405], [8, 4650, 5789.405], [9, 5230, 5789.405], [10, 5810, 5789.405], [11, 6390, 5789.405], [12, 6970, 5789.405], [13, 7550, 5789.405], [14, 8130, 5789.405], [15, 8710, 5789.405], [16, 9290, 5789.405], [17, 9870, 5789.405], [18, 10450, 5789.405], [19, 11030, 5789.405], [20, 11610, 5789.405], [21, 12190, 5789.405]]
[[0, 10, 5789.405], [1, 590, 5789.405], [2, 1170, 5789.405], [3, 1750, 5789.405], [4, 2330, 5789.405], [5, 2910, 5789.405], [6, 3490, 5789.405], [7, 4070, 5789.405], [8, 4650, 5789.405], [9, 5230, 5789.405], [10, 5810, 5789.405], [11, 6390, 5789.405], [12, 6970, 5789.405], [13, 7550, 5789.405], [14, 8130, 5789.405], [15, 8710, 5789.405], [16, 9290, 5789.405], [17, 9870, 5789.405], [18, 10450, 5789.405], [19, 11030, 5789.405], [20, 11610, 5789.405], [21, 12190, 5789.405], [22, 12770, 5789.405], [23, 13350, 5789.405], [24, 13930, 5789.405]]
[[0, 10, 5789.405], [1, 590, 5789.405], [2, 1170, 5789.405], [3, 1750, 5789.405], [4, 2330, 5789.405], [5, 2910, 5789.405], [6, 3490, 5789.405], [7, 4070, 5789.405], [8, 4650, 5789.405], [9, 5230, 5789.405], [10, 5810, 5789.405], [11, 6390, 5789.405], [12, 6970, 5789.405], [13, 7550, 5789.405], [14, 8130, 5789.405], [15, 8710, 5789.405], [16, 9290, 5789.405], [17, 9870, 5789.405], [18, 10450, 5789.405], [19, 11030, 5789.405], [20, 11610, 5789.405], [21, 12190, 5789.405]]
[[0, 10, 5789.405], [1, 590, 5789.405], [2, 1170, 5789.405], [3, 1750, 5789.405], [4, 2330, 5789.405], [5, 2910, 5789.405], [6, 3490, 5789.405], [7, 4070, 5789.405], [8, 4650, 5789.405], [9, 5230, 5789.405], [10, 5810, 5789.405], [11, 6390, 5789.405], [12, 6970, 5789.405], [13, 7550, 5789.405], [14, 8130, 5789.405], [15, 8710, 5789.405], [16, 9290, 5789.405], [17, 9870, 5789.405], [18, 10450, 5789.405], [19, 11030, 5789.405], [20, 11610, 5789.405], [21, 12190, 5789.405], [22, 12770, 5789.405]]
[[0, 10, 5789.405], [1, 590, 5789.405], [2, 1170, 5789.405], [3, 1750, 5789.405], [4, 2330, 5789.405], [5, 2910, 5789.405], [6, 3490, 5789.405], [7, 4070, 5789.405], [8, 4650, 5789.405], [9, 5230, 5789.405], [10, 5810, 5789.405], [11, 6390, 5789.405], [12, 6970, 5789.405], [13, 7550, 5789.405], [14, 8130, 5789.405], [15, 8710, 5789.405], [16, 9290, 5789.405], [17, 9870, 5789.405], [18, 10450, 5789.405], [19, 11030, 5789.405], [20, 11610, 5789.405], [21, 12190, 5789.405]]
[[0, 10, 5789.405], [1, 590, 5789.405], [2, 1170, 5789.405], [3, 1750, 5789.405], [4, 2330, 5789.405], [5, 2910, 5789.405], [6, 3490, 5789.405], [7, 4070, 5789.405], [8, 4650, 5789.405], [9, 5230, 5789.405], [10, 5810, 5789.405], [11, 6390, 5789.405], [12, 6970, 5789.405], [13, 7550, 5789.405], [14, 8130, 5789.405], [15, 8710, 5789.405], [16, 9290, 5789.405], [17, 9870, 5789.405], [18, 10450, 5789.405], [19, 11030, 5789.405], [20, 11610, 5789.405], [21, 12190, 5789.405]]
[[0, 10, 5789.405], [1, 590, 5789.405], [2, 1170, 5789.405], [3, 1750, 5789.405], [4, 2330, 5789.405], [5, 2910, 5789.405], [6, 3490, 5789.405], [7, 4070, 5789.405], [8, 4650, 5789.405], [9, 5230, 5789.405], [10, 5810, 5789.405], [11, 6390, 5789.405], [12, 6970, 5789.405], [13, 7550, 5789.405], [14, 8130, 5789.405], [15, 8710, 5789.405], [16, 9290, 5789.405], [17, 9870, 5789.405], [18, 10450, 5789.405], [19, 11030, 5789.405], [20, 11610, 5789.405], [21, 12190, 5789.405]]
[[0, 10, 5789.405], [1, 590, 5789.405], [2, 1170, 5789.405], [3, 1750, 5789.405], [4, 2330, 5789.405], [5, 2910, 5789.405], [6, 3490, 5789.405], [7, 4070, 5789.405], [8, 4650, 5789.405], [9, 5230, 5789.405], [10, 5810, 5789.405], [11, 6390, 5789.405], [12, 6970, 5789.405], [13, 7550, 5789.405], [14, 8130, 5789.405], [15, 8710, 5789.405], [16, 9290, 5789.405], [17, 9870, 5789.405], [18, 10450, 5789.405], [19, 11030, 5789.405], [20, 11610, 5789.405], [21, 12190, 5789.405]]
[[0, 10, 5789.405], [1, 590, 5789.405], [2, 1170, 5789.405], [3, 1750, 5789.405], [4, 2330, 5789.405], [5, 2910, 5789.405], [6, 3490, 5789.405], [7, 4070, 5789.405], [8, 4650, 5789.405], [9, 5230, 5789.405], [10, 5810, 5789.405], [11, 6390, 5789.405], [12, 6970, 5789.405], [13, 7550, 5789.405], [14, 8130, 5789.405], [15, 8710, 5789.405], [16, 9290, 5789.405], [17, 9870, 5789.405], [18, 10450, 5789.405], [19, 11030, 5789.405], [20, 11610, 5789.405], [21, 12190, 5789.405]]
[[0, 10, 5789.405], [1, 590, 5789.405], [2, 1170, 5789.405], [3, 1750, 5789.405], [4, 2330, 5789.405], [5, 2910, 5789.405], [6, 3490, 5789.405], [7, 4070, 5789.405], [8, 4650, 5789.405], [9, 5230, 5789.405], [10, 5810, 5789.405], [11, 6390, 5789.405], [12, 6970, 5789.405], [13, 7550, 5789.405], [14, 8130, 5789.405], [15, 8710, 5789.405], [16, 9290, 5789.405], [17, 9870, 5789.405], [18, 10450, 5789.405], [19, 11030, 5789.405], [20, 11610, 5789.405], [21, 12190, 5789.405]]
[[0, 10, 5789.405], [1, 590, 5789.405], [2, 1170, 5789.405], [3, 1750, 5789.405], [4, 2330, 5789.405], [5, 2910, 5789.405], [6, 3490, 5789.405], [7, 4070, 5789.405], [8, 4650, 5789.405], [9, 5230, 5789.405], [10, 5810, 5789.405], [11, 6390, 5789.405], [12, 6970, 5789.405], [13, 7550, 5789.405], [14, 8130, 5789.405], [15, 8710, 5789.405], [16, 9290, 5789.405], [17, 9870, 5789.405], [18, 10450, 5789.405], [19, 11030, 5789.405], [20, 11610, 5789.405], [21, 12190, 5789.405]]
[[0, 10, 5789.405], [1, 590, 5789.405], [2, 1170, 5789.405], [3, 1750, 5789.405], [4, 2330, 5789.405], [5, 2910, 5789.405], [6, 3490, 5789.405], [7, 4070, 5789.405], [8, 4650, 5789.405], [9, 5230, 5789.405], [10, 5810, 5789.405], [11, 6390, 5789.405], [12, 6970, 5789.405], [13, 7550, 5789.405], [14, 8130, 5789.405], [15, 8710, 5789.405], [16, 9290, 5789.405], [17, 9870, 5789.405], [18, 10450, 5789.405], [19, 11030, 5789.405], [20, 11610, 5789.405], [21, 12190, 5789.405]]
