[[0, 10, 10747.6754], [1, 590, 11778.882], [2, 1170, 11778.882], [3, 1750, 11778.882], [4, 2330, 11778.882], [5, 2910, 11778.882], [6, 3490, 11778.882], [7, 4070, 11778.882], [8, 4650, 11778.882], [9, 5230, 11778.882], [10, 5810, 11778.882], [11, 6390, 11778.882], [12, 6970, 11778.882], [13, 7550, 11778.882], [14, 8130, 11778.882], [15, 8710, 11778.882], [16, 9290, 11778.882], [17, 9870, 11778.882], [18, 10450, 11778.882], [19, 11030, 11778.882], [20, 11610, 11778.882], [21, 12190, 11778.882], [22, 12770, 11778.882], [23, 13350, 11778.882], [24, 13930, 11778.882], [25, 14510, 11778.882], [26, 15090, 11778.882]]
[[0, 10, 11778.882], [1, 590, 14461.0], [2, 1170, 14461.0], [3, 1750, 14461.0], [4, 2330, 14461.0], [5, 2910, 14461.0], [6, 3490, 14461.0], [7, 4070, 14461.0], [8, 4650, 14461.0], [9, 5230, 14461.0], [10, 5810, 14461.0], [11, 6390, 14461.0], [12, 6970, 14461.0], [13, 7550, 14461.0], [14, 8130, 14461.0], [15, 8710, 14461.0], [16, 9290, 14461.0], [17, 9870, 14461.0], [18, 10450, 14461.0], [19, 11030, 14461.0], [20, 11610, 14461.0], [21, 12190, 14461.0], [22, 12770, 14461.0], [23, 13350, 14461.0]]
[[0, 10, 14461.0], [1, 590, 14461.0], [2, 1170, 14461.0], [3, 1750, 14461.0], [4, 2330, 14461.0], [5, 2910, 14461.0], [6, 3490, 14461.0], [7, 4070, 14461.0], [8, 4650, 14461.0], [9, 5230, 14461.0], [10, 5810, 14461.0], [11, 6390, 14461.0], [12, 6970, 14461.0], [13, 7550, 14461.0], [14, 8130, 14461.0], [15, 8710, 14461.0], [16, 9290, 14461.0], [17, 9870, 14461.0], [18, 10450, 14461.0], [19, 11030, 14461.0], [20, 11610, 14461.0], [21, 12190, 14461.0], [22, 12770, 14461.0], [23, 13350, 14461.0], [24, 13930, 14461.0], [25, 14510, 14461.0], [26, 15090, 14461.0], [27, 15670, 14461.0], [28, 16250, 14461.0], [29, 16830, 14461.0], [30, 17410, 14461.0], [31, 17990, 14461.0], [32, 18570, 14461.0], [33, 19150, 14461.0], [34, 19730, 14461.0], [35, 20310, 14461.0], [36, 20890, 14461.0], [37, 21470, 14461.0], [38, 22050, 14461.0], [39, 22630, 14461.0]]
[[0, 10, 14461.0], [1, 590, 14461.0], [2, 1170, 14461.0], [3, 1750, 14461.0], [4, 2330, 14461.0], [5, 2910, 14461.0], [6, 3490, 14461.0], [7, 4070, 14461.0], [8, 4650, 14461.0], [9, 5230, 14461.0], [10, 5810, 14461.0], [11, 6390, 14461.0], [12, 6970, 14461.0], [13, 7550, 14461.0], [14, 8130, 14461.0], [15, 8710, 14461.0], [16, 9290, 14461.0], [17, 9870, 14461.0], [18, 10450, 14461.0], [19, 11030, 14461.0], [20, 11610, 14461.0], [21, 12190, 14461.0], [22, 12770, 14461.0], [23, 13350, 14461.0]]
[[0, 10, 14461.0], [1, 590, 14461.0], [2, 1170, 14461.0], [3, 1750, 14461.0], [4, 2330, 14461.0], [5, 2910, 14461.0], [6, 3490, 14461.0], [7, 4070, 14461.0], [8, 4650, 14461.0], [9, 5230, 14461.0], [10, 5810, 14461.0], [11, 6390, 14461.0], [12, 6970, 14461.0], [13, 7550, 14461.0], [14, 8130, 14461.0], [15, 8710, 14461.0], [16, 9290, 14461.0], [17, 9870, 14461.0], [18, 10450, 14461.0], [19, 11030, 14461.0], [20, 11610, 14461.0], [21, 12190, 14461.0], [22, 12770, 14461.0], [23, 13350, 14461.0], [24, 13930, 14461.0], [25, 14510, 14461.0], [26, 15090, 14461.0], [27, 15670, 14461.0], [28, 16250, 14461.0]]
[[0, 10, 14461.0], [1, 590, 14461.0], [2, 1170, 14461.0], [3, 1750, 14461.0], [4, 2330, 14461.0], [5, 2910, 14461.0], [6, 3490, 14461.0], [7, 4070, 14461.0], [8, 4650, 14461.0], [9, 5230, 14461.0], [10, 5810, 14461.0], [11, 6390, 14461.0], [12, 6970, 14461.0], [13, 7550, 14461.0], [14, 8130, 14461.0], [15, 8710, 14461.0], [16, 9290, 14461.0], [17, 9870, 14461.0], [18, 10450, 14461.0], [19, 11030, 14461.0], [20, 11610, 14461.0], [21, 12190, 14461.0], [22, 12770, 14461.0]]
[[0, 10, 14461.0], [1, 590, 14461.0], [2, 1170, 14461.0], [3, 1750, 14461.0], [4, 2330, 14461.0], [5, 2910, 14461.0], [6, 3490, 14461.0], [7, 4070, 14461.0], [8, 4650, 14461.0], [9, 5230, 14461.0], [10, 5810, 14461.0], [11, 6390, 14461.0], [12, 6970, 14461.0], [13, 7550, 14461.0], [14, 8130, 14461.0], [15, 8710, 14461.0], [16, 9290, 14461.0], [17, 9870, 14461.0], [18, 10450, 14461.0], [19, 11030, 14461.0], [20, 11610, 14461.0], [21, 12190, 14461.0], [22, 12770, 14461.0], [23, 13350, 14461.0]]
[[0, 10, 14461.0], [1, 590, 14461.0], [2, 1170, 14461.0], [3, 1750, 14461.0], [4, 2330, 14461.0], [5, 2910, 14461.0], [6, 3490, 14461.0], [7, 4070, 14461.0], [8, 4650, 14461.0], [9, 5230, 14461.0], [10, 5810, 14461.0], [11, 6390, 14461.0], [12, 6970, 14461.0], [13, 7550, 14461.0], [14, 8130, 14461.0], [15, 8710, 14461.0], [16, 9290, 14461.0], [17, 9870, 14461.0], [18, 10450, 14461.0], [19, 11030, 14461.0], [20, 11610, 14461.0], [21, 12190, 14461.0], [22, 12770, 14461.0]]
[[0, 10, 14461.0], [1, 590, 14461.0], [2, 1170, 14461.0], [3, 1750, 14461.0], [4, 2330, 14461.0], [5, 2910, 14461.0], [6, 3490, 14461.0], [7, 4070, 14461.0], [8, 4650, 14461.0], [9, 5230, 14461.0], [10, 5810, 14461.0], [11, 6390, 14461.0], [12, 6970, 14461.0], [13, 7550, 14461.0], [14, 8130, 14461.0], [15, 8710, 14461.0], [16, 9290, 14461.0], [17, 9870, 14461.0], [18, 10450, 14461.0], [19, 11030, 14461.0], [20, 11610, 14461.0], [21, 12190, 14461.0], [22, 12770, 14461.0], [23, 13350, 14461.0], [24, 13930, 14461.0], [25, 14510, 14461.0]]
[[0, 10, 14461.0], [1, 590, 14461.0], [2, 1170, 14461.0], [3, 1750, 14461.0], [4, 2330, 14461.0], [5, 2910, 14461.0], [6, 3490, 14461.0], [7, 4070, 14461.0], [8, 4650, 14461.0], [9, 5230, 14461.0], [10, 5810, 14461.0], [11, 6390, 14461.0], [12, 6970, 14461.0], [13, 7550, 14461.0], [14, 8130, 14461.0], [15, 8710, 14461.0], [16, 9290, 14461.0], [17, 9870, 14461.0], [18, 10450, 14461.0], [19, 11030, 14461.0], [20, 11610, 14461.0], [21, 12190, 14461.0]]
[[0, 10, 14461.0], [1, 590, 14461.0], [2, 1170, 14461.0], [3, 1750, 14461.0], [4, 2330, 14461.0], [5, 2910, 14461.0], [6, 3490, 14461.0], [7, 4070, 14461.0], [8, 4650, 14461.0], [9, 5230, 14461.0], [10, 5810, 14461.0], [11, 6390, 14461.0], [12, 6970, 14461.0], [13, 7550, 14461.0], [14, 8130, 14461.0], [15, 8710, 14461.0], [16, 9290, 14461.0], [17, 9870, 14461.0], [18, 10450, 14461.0], [19, 11030, 14461.0], [20, 11610, 14461.0], [21, 12190, 14461.0], [22, 12770, 14461.0]]
[[0, 10, 14461.0], [1, 590, 14461.0], [2, 1170, 14461.0], [3, 1750, 14461.0], [4, 2330, 14461.0], [5, 2910, 14461.0], [6, 3490, 14461.0], [7, 4070, 14461.0], [8, 4650, 14461.0], [9, 5230, 14461.0], [10, 5810, 14461.0], [11, 6390, 14461.0], [12, 6970, 14461.0], [13, 7550, 14461.0], [14, 8130, 14461.0], [15, 8710, 14461.0], [16, 9290, 14461.0], [17, 9870, 14461.0], [18, 10450, 14461.0], [19, 11030, 14461.0], [20, 11610, 14461.0], [21, 12190, 14461.0]]
[[0, 10, 14461.0], [1, 590, 14461.0], [2, 1170, 14461.0], [3, 1750, 14461.0], [4, 2330, 14461.0], [5, 2910, 14461.0], [6, 3490, 14461.0], [7, 4070, 14461.0], [8, 4650, 14461.0], [9, 5230, 14461.0], [10, 5810, 14461.0], [11, 6390, 14461.0], [12, 6970, 14461.0], [13, 7550, 14461.0], [14, 8130, 14461.0], [15, 8710, 14461.0], [16, 9290, 14461.0], [17, 9870, 14461.0], [18, 10450, 14461.0], [19, 11030, 14461.0], [20, 11610, 14461.0], [21, 12190, 14461.0], [22, 12770, 14461.0]]
[[0, 10, 14461.0], [1, 590, 14461.0], [2, 1170, 14461.0], [3, 1750, 14461.0], [4, 2330, 14461.0], [5, 2910, 14461.0], [6, 3490, 14461.0], [7, 4070, 14461.0], [8, 4650, 14461.0], [9, 5230, 14461.0], [10, 5810, 14461.0], [11, 6390, 14461.0], [12, 6970, 14461.0], [13, 7550, 14461.0], [14, 8130, 14461.0], [15, 8710, 14461.0], [16, 9290, 14461.0], [17, 9870, 14461.0], [18, 10450, 14461.0], [19, 11030, 14461.0], [20, 11610, 14461.0], [21, 12190, 14461.0]]
[[0, 10, 14461.0], [1, 590, 14461.0], [2, 1170, 14461.0], [3, 1750, 14461.0], [4, 2330, 14461.0], [5, 2910, 14461.0], [6, 3490, 14461.0], [7, 4070, 14461.0], [8, 4650, 14461.0], [9, 5230, 14461.0], [10, 5810, 14461.0], [11, 6390, 14461.0], [12, 6970, 14461.0], [13, 7550, 14461.0], [14, 8130, 14461.0], [15, 8710, 14461.0], [16, 9290, 14461.0], [17, 9870, 14461.0], [18, 10450, 14461.0], [19, 11030, 14461.0], [20, 11610, 14461.0], [21, 12190, 14461.0]]
[[0, 10, 14461.0], [1, 590, 14461.0], [2, 1170, 14461.0], [3, 1750, 14461.0], [4, 2330, 14461.0], [5, 2910, 14461.0], [6, 3490, 14461.0], [7, 4070, 14461.0], [8, 4650, 14461.0], [9, 5230, 14461.0], [10, 5810, 14461.0], [11, 6390, 14461.0], [12, 6970, 14461.0], [13, 7550, 14461.0], [14, 8130, 14461.0], [15, 8710, 14461.0], [16, 9290, 14461.0], [17, 9870, 14461.0], [18, 10450, 14461.0], [19, 11030, 14461.0], [20, 11610, 14461.0], [21, 12190, 14461.0]]
[[0, 10, 14461.0], [1, 590, 14461.0], [2, 1170, 14461.0], [3, 1750, 14461.0], [4, 2330, 14461.0], [5, 2910, 14461.0], [6, 3490, 14461.0], [7, 4070, 14461.0], [8, 4650, 14461.0], [9, 5230, 14461.0], [10, 5810, 14461.0], [11, 6390, 14461.0], [12, 6970, 14461.0], [13, 7550, 14461.0], [14, 8130, 14461.0], [15, 8710, 14461.0], [16, 9290, 14461.0], [17, 9870, 14461.0], [18, 10450, 14461.0], [19, 11030, 14461.0], [20, 11610, 14461.0], [21, 12190, 14461.0], [22, 12770, 14461.0], [23, 13350, 14461.0], [24, 13930, 14461.0]]
[[0, 10, 14461.0], [1, 590, 14461.0], [2, 1170, 14461.0], [3, 1750, 14461.0], [4, 2330, 14461.0], [5, 2910, 14461.0], [6, 3490, 14461.0], [7, 4070, 14461.0], [8, 4650, 14461.0], [9, 5230, 14461.0], [10, 5810, 14461.0], [11, 6390, 14461.0], [12, 6970, 14461.0], [13, 7550, 14461.0], [14, 8130, 14461.0], [15, 8710, 14461.0], [16, 9290, 14461.0], [17, 9870, 14461.0], [18, 10450, 14461.0], [19, 11030, 14461.0], [20, 11610, 14461.0], [21, 12190, 14461.0]]
[[0, 10, 14461.0], [1, 590, 14461.0], [2, 1170, 14461.0], [3, 1750, 14461.0], [4, 2330, 14461.0], [5, 2910, 14461.0], [6, 3490, 14461.0], [7, 4070, 14461.0], [8, 4650, 14461.0], [9, 5230, 14461.0], [10, 5810, 14461.0], [11, 6390, 14461.0], [12, 6970, 14461.0], [13, 7550, 14461.0], [14, 8130, 14461.0], [15, 8710, 14461.0], [16, 9290, 14461.0], [17, 9870, 14461.0], [18, 10450, 14461.0], [19, 11030, 14461.0], [20, 11610, 14461.0], [21, 12190, 14461.0]]
[[0, 10, 14461.0], [1, 590, 14461.0], [2, 1170, 14461.0], [3, 1750, 14461.0], [4, 2330, 14461.0], [5, 2910, 14461.0], [6, 3490, 14461.0], [7, 4070, 14461.0], [8, 4650, 14461.0], [9, 5230, 14461.0], [10, 5810, 14461.0], [11, 6390, 14461.0], [12, 6970, 14461.0], [13, 7550, 14461.0], [14, 8130, 14461.0], [15, 8710, 14461.0], [16, 9290, 14461.0], [17, 9870, 14461.0], [18, 10450, 14461.0], [19, 11030, 14461.0], [20, 11610, 14461.0], [21, 12190, 14461.0]]
[[0, 10, 14461.0], [1, 590, 14461.0], [2, 1170, 14461.0], [3, 1750, 14461.0], [4, 2330, 14461.0], [5, 2910, 14461.0], [6, 3490, 14461.0], [7, 4070, 14461.0], [8, 4650, 14461.0], [9, 5230, 14461.0], [10, 5810, 14461.0], [11, 6390, 14461.0], [12, 6970, 14461.0], [13, 7550, 14461.0], [14, 8130, 14461.0], [15, 8710, 14461.0], [16, 9290, 14461.0], [17, 9870, 14461.0], [18, 10450, 14461.0], [19, 11030, 14461.0], [20, 11610, 14461.0], [21, 12190, 14461.0]]
[[0, 10, 14461.0], [1, 590, 14461.0], [2, 1170, 14461.0], [3, 1750, 14461.0], [4, 2330, 14461.0], [5, 2910, 14461.0], [6, 3490, 14461.0], [7, 4070, 14461.0], [8, 4650, 14461.0], [9, 5230, 14461.0], [10, 5810, 14461.0], [11, 6390, 14461.0], [12, 6970, 14461.0], [13, 7550, 14461.0], [14, 8130, 14461.0], [15, 8710, 14461.0], [16, 9290, 14461.0], [17, 9870, 14461.0], [18, 10450, 14461.0], [19, 11030, 14461.0], [20, 11610, 14461.0], [21, 12190, 14461.0]]
[[0, 10, 14461.0], [1, 590, 14461.0], [2, 1170, 14461.0], [3, 1750, 14461.0], [4, 2330, 14461.0], [5, 2910, 14461.0], [6, 3490, 14461.0], [7, 4070, 14461.0], [8, 4650, 14461.0], [9, 5230, 14461.0], [10, 5810, 14461.0], [11, 6390, 14461.0], [12, 6970, 14461.0], [13, 7550, 14461.0], [14, 8130, 14461.0], [15, 8710, 14461.0], [16, 9290, 14461.0], [17, 9870, 14461.0], [18, 10450, 14461.0], [19, 11030, 14461.0], [20, 11610, 14461.0], [21, 12190, 14461.0]]
[[0, 10, 14461.0], [1, 590, 14461.0], [2, 1170, 14461.0], [3, 1750, 14461.0], [4, 2330, 14461.0], [5, 2910, 14461.0], [6, 3490, 14461.0], [7, 4070, 14461.0], [8, 4650, 14461.0], [9, 5230, 14461.0], [10, 5810, 14461.0], [11, 6390, 14461.0], [12, 6970, 14461.0], [13, 7550, 14461.0], [14, 8130, 14461.0], [15, 8710, 14461.0], [16, 9290, 14461.0], [17, 9870, 14461.0], [18, 10450, 14461.0], [19, 11030, 14461.0], [20, 11610, 14461.0], [21, 12190, 14461.0]]
[[0, 10, 14461.0], [1, 590, 14461.0], [2, 1170, 14461.0], [3, 1750, 14461.0], [4, 2330, 14461.0], [5, 2910, 14461.0], [6, 3490, 14461.0], [7, 4070, 14461.0], [8, 4650, 14461.0], [9, 5230, 14461.0], [10, 5810, 14461.0], [11, 6390, 14461.0], [12, 6970, 14461.0], [13, 7550, 14461.0], [14, 8130, 14461.0], [15, 8710, 14461.0], [16, 9290, 14461.0], [17, 9870, 14461.0], [18, 10450, 14461.0], [19, 11030, 14461.0], [20, 11610, 14461.0], [21, 12190, 14461.0]]
