%% File generated by CATS v.2.1Fri Dec 18 21:49:29 2020

%% The CATS webpage is http://robotics.stanford.edu/CATS

%% PARAMETER SETTINGS:
% Goods: 256; Bids: 1000; Distribution: arbitrary-upv; Runs: 1; Seed: 1608360313
% Arbitrary Distribution Parameters:
% Max Substitutable Bids = 5
% Removing HV Neighbor   = 0.1
% Adding DIAG Neighbor   = 0.2
% Additional Location    = 0.9
% Additivity             = 0.2
% Budget Factor          = 1.5
% Resale Factor          = 0.5
% Uniform Private Value:
%   Deviation            = 0.5
%   Max Good Value       = 100



goods 256
bids 1000
dummy 187

0	348.773	4	190	201	220	236	248	256	#
1	456.27	118	156	177	190	230	255	256	#
2	423.03	18	53	98	153	220	246	256	#
3	393.607	4	23	90	128	194	227	256	#
4	392.652	45	52	76	126	185	201	256	#
5	376.361	41	86	87	105	189	248	256	#
6	582.808	1	14	59	81	88	89	96	111	160	257	#
7	760.336	49	69	75	96	117	118	201	215	235	257	#
8	758.395	54	73	111	120	161	174	213	217	242	257	#
9	720.882	1	34	37	55	80	118	213	225	227	257	#
10	674.556	0	6	7	81	87	107	133	194	233	257	#
11	669.879	19	76	89	91	123	144	189	201	236	257	#
12	2003.6	17	19	23	28	35	39	41	44	46	50	53	64	69	108	113	123	125	128	137	144	154	156	162	163	164	169	197	203	213	214	249	258	#
13	2623.08	2	4	6	27	46	60	73	74	76	89	95	110	114	119	125	128	131	136	142	148	154	159	162	163	168	176	178	208	210	219	225	258	#
14	2579.03	4	14	17	23	26	33	43	50	54	58	60	85	89	94	96	113	114	120	122	125	127	134	146	173	175	196	199	200	214	223	243	258	#
15	2489.88	17	20	23	25	43	58	93	108	112	117	121	122	131	150	151	156	157	176	177	179	182	187	189	196	201	212	219	246	249	250	254	258	#
16	2436.66	6	13	26	27	28	39	45	57	61	62	64	75	81	82	89	98	102	142	163	168	179	182	187	198	199	200	204	231	247	249	254	258	#
17	2408.96	2	27	28	33	35	36	47	54	57	61	65	73	89	95	104	128	142	144	147	148	163	169	172	175	177	178	189	225	247	248	249	258	#
18	375.32	9	18	47	87	140	187	259	#
19	526.57	94	121	133	140	168	199	259	#
20	467.136	87	101	158	177	223	246	259	#
21	438.31	20	85	86	172	187	238	259	#
22	405.084	18	20	88	142	147	156	259	#
23	381.324	47	81	124	201	208	226	259	#
24	1138.95	17	33	63	77	82	86	119	124	127	128	138	215	249	255	260	#
25	1168.09	3	20	21	45	77	100	104	108	128	150	156	159	213	228	260	#
26	1039.69	0	19	39	48	88	124	142	144	156	163	187	191	212	255	260	#
27	1036.83	17	65	84	88	99	102	128	152	173	189	193	207	209	237	260	#
28	1034.95	1	67	94	98	116	127	128	150	197	200	204	207	211	245	260	#
29	1030.48	11	36	53	66	99	100	128	135	159	166	208	215	224	232	260	#
30	266.318	43	78	200	235	261	#
31	358.739	43	121	141	200	261	#
32	250.363	75	127	200	206	261	#
33	222.654	47	54	67	78	261	#
34	200.908	20	47	178	235	261	#
35	1389.73	29	45	57	60	61	77	88	89	97	108	137	151	153	162	200	201	220	239	246	247	262	#
36	1746.69	67	77	83	84	89	91	119	151	159	189	191	194	196	201	210	212	224	232	242	247	262	#
37	1694.49	6	10	20	29	37	54	64	83	86	92	93	151	163	176	197	202	210	212	245	247	262	#
38	1694.27	17	18	49	54	56	58	65	83	98	107	119	154	166	168	191	201	211	213	220	246	262	#
39	1611.09	9	13	31	51	54	60	77	125	147	149	160	178	186	196	201	224	231	244	246	250	262	#
40	1582.13	18	26	75	77	129	136	137	151	161	163	168	175	180	188	191	192	206	234	242	252	262	#
41	2426.6	7	25	34	41	50	51	55	65	72	83	91	92	95	100	107	117	152	155	157	165	166	175	182	190	196	201	205	207	210	211	230	242	248	253	263	#
42	2816	0	25	31	33	41	43	60	74	79	84	85	86	87	94	103	107	123	134	148	164	165	184	199	207	211	213	225	230	234	235	242	247	250	252	263	#
43	2803.83	15	19	22	36	41	42	53	54	65	82	86	91	92	93	107	117	125	145	152	160	163	164	165	173	183	193	194	205	207	210	217	230	240	243	263	#
44	2780.54	4	8	15	22	27	28	43	66	81	83	87	92	98	113	116	125	133	136	143	145	151	163	171	182	186	199	203	204	205	210	218	220	225	248	263	#
45	2779.59	6	8	11	22	43	57	63	74	84	92	94	101	104	107	113	114	117	120	136	151	152	161	168	186	207	210	211	230	237	242	243	248	253	255	263	#
46	2747.82	15	22	28	38	42	61	62	65	66	73	78	91	92	94	97	113	116	125	130	143	146	154	175	176	191	204	205	210	221	227	230	238	252	255	263	#
47	32.4463	25	#
48	379.146	5	56	58	76	138	155	175	183	184	222	264	#
49	442.698	12	54	78	84	123	129	135	140	169	175	264	#
50	1374.68	11	16	21	43	71	89	98	114	115	122	142	146	155	169	171	174	184	216	229	231	247	265	#
51	1809.47	13	14	18	32	43	47	58	59	67	86	102	113	118	120	150	180	195	201	206	213	230	265	#
52	1800.7	10	15	20	38	40	61	77	86	101	117	128	149	166	180	181	184	212	221	226	230	233	265	#
53	1548.4	2	3	11	42	45	46	49	66	73	92	94	113	122	152	156	182	203	210	212	224	233	265	#
54	1511.61	5	18	59	61	66	68	73	79	90	98	103	120	122	127	151	152	168	169	174	250	255	265	#
55	1499.16	2	4	16	30	32	47	58	59	68	74	83	84	124	136	139	154	165	169	217	223	250	265	#
56	82.8305	121	241	266	#
57	77.9535	100	241	266	#
58	356.136	34	47	64	115	165	223	247	249	267	#
59	532.978	3	34	66	150	152	182	212	228	267	#
60	406.666	38	90	104	110	115	140	166	207	267	#
61	327.381	9	34	47	67	101	177	215	235	267	#
62	1385.39	2	19	31	58	60	84	102	107	139	153	174	176	194	199	217	227	231	250	268	#
63	1458	13	17	22	31	38	42	65	91	105	114	171	175	200	205	206	211	232	246	268	#
64	1385	17	66	85	109	115	143	145	153	162	171	194	197	201	203	216	239	246	250	268	#
65	1384.56	8	9	31	38	53	58	64	84	93	100	102	113	127	143	177	205	236	249	268	#
66	1369.79	0	7	10	27	33	81	85	113	118	138	153	157	167	172	187	199	209	227	268	#
67	1350.8	4	6	8	27	67	93	102	117	134	145	153	155	159	184	217	231	238	251	268	#
68	195.923	99	162	235	269	#
69	247.656	159	235	254	269	#
70	231.164	99	247	255	269	#
71	1024.43	26	38	39	62	63	76	91	121	125	138	171	216	240	270	#
72	1182.12	26	33	68	73	77	82	88	94	116	125	145	158	182	270	#
73	1091.42	13	38	51	64	67	82	136	141	167	196	212	253	254	270	#
74	1082.89	26	60	83	85	88	92	106	132	143	158	160	243	244	270	#
75	974.517	23	36	40	73	91	101	131	137	145	216	218	221	250	270	#
76	968.787	17	18	62	76	82	106	117	141	142	147	187	231	243	270	#
77	974.715	4	30	34	37	64	69	78	97	144	155	159	165	169	174	183	194	206	271	#
78	1394.4	4	24	28	50	56	98	102	104	143	159	169	170	184	212	233	247	254	271	#
79	1351.18	4	12	21	48	56	71	97	98	117	122	148	157	158	193	230	249	251	271	#
80	1345.98	21	28	36	37	45	48	96	117	138	147	161	170	180	194	212	233	254	271	#
81	1273.69	29	31	43	98	111	117	121	137	172	173	174	192	195	197	212	231	239	271	#
82	1229.01	28	34	35	111	117	145	163	169	184	195	201	209	211	216	219	220	223	271	#
83	822.822	45	46	47	67	112	127	168	184	231	242	253	272	#
84	1058.65	34	65	72	74	124	127	133	154	210	234	246	272	#
85	984.472	15	74	98	145	149	166	172	194	231	232	242	272	#
86	888.46	16	45	46	54	65	100	116	127	141	168	181	272	#
87	872.299	13	18	49	68	86	114	116	131	151	159	231	272	#
88	849.393	10	26	54	98	105	119	151	162	177	184	203	272	#
89	28.4977	206	#
90	46.4431	8	#
91	272.152	86	115	150	181	228	238	273	#
92	405.406	29	99	130	181	194	246	273	#
93	379.133	32	102	115	160	204	240	273	#
94	353.954	19	53	147	179	184	228	273	#
95	346.874	47	86	95	104	141	237	273	#
96	330.595	93	129	141	148	150	236	273	#
97	131.159	227	#
98	1563.02	16	19	22	33	46	48	65	90	96	105	109	119	129	136	147	168	171	178	199	208	274	#
99	1542.79	22	33	46	50	64	70	75	90	92	113	117	122	156	173	194	197	204	218	238	250	274	#
100	1469.69	18	48	55	83	103	116	127	129	147	149	177	185	194	203	208	223	227	230	234	247	274	#
101	1460.76	7	16	19	46	52	53	60	125	131	168	171	177	181	194	203	222	228	231	239	245	274	#
102	1440.97	0	26	52	61	73	83	84	90	96	110	121	122	126	127	133	156	167	169	231	248	274	#
103	1433.31	10	24	30	36	59	76	83	102	118	119	125	136	143	162	169	192	193	194	221	229	274	#
104	909.478	9	38	42	50	66	78	98	110	142	148	178	179	238	245	255	275	#
105	1282.69	8	50	71	77	86	97	121	125	169	197	225	232	234	246	247	275	#
106	1236.28	0	6	21	46	62	85	92	107	110	115	159	182	184	190	200	275	#
107	1182.63	13	31	33	62	66	103	104	129	130	177	178	180	193	220	238	275	#
108	1181.57	0	38	41	64	80	91	94	120	128	140	166	212	234	239	247	275	#
109	1164.16	9	38	85	96	105	123	149	153	160	175	183	189	190	211	212	275	#
110	719.432	23	26	78	94	95	111	123	150	163	214	237	276	#
111	965.185	1	23	31	48	124	131	183	194	206	208	253	276	#
112	956.983	1	6	20	40	111	155	160	178	211	219	253	276	#
113	867.767	14	70	79	86	88	94	151	175	189	214	219	276	#
114	859.853	7	28	37	123	127	128	149	172	192	199	206	276	#
115	850.081	1	11	40	46	58	142	166	179	181	197	214	276	#
116	39.8858	165	#
117	593.332	25	96	111	156	163	176	191	242	277	#
118	730.376	13	70	72	76	111	119	154	188	277	#
119	664.002	70	83	96	127	130	161	172	196	277	#
120	622.315	59	65	99	110	176	193	216	233	277	#
121	594.127	25	46	56	79	104	137	189	197	277	#
122	584.039	26	34	36	51	67	151	156	189	277	#
123	474.822	43	61	89	95	116	129	136	144	150	199	278	#
124	711.165	1	85	89	102	105	174	194	198	203	254	278	#
125	678.287	26	51	66	78	86	87	116	128	150	255	278	#
126	653.881	3	6	44	51	121	127	136	203	221	250	278	#
127	642.949	13	18	36	84	99	116	127	130	183	201	278	#
128	604.029	16	103	123	124	130	135	144	146	237	238	278	#
129	1121.15	13	31	56	74	88	116	124	130	160	161	202	211	216	242	252	279	#
130	1360.44	13	27	31	67	76	94	116	120	129	139	141	153	163	196	233	279	#
131	1320.46	13	38	86	92	94	120	147	168	171	192	205	211	219	237	250	279	#
132	1235.74	58	83	86	102	105	115	129	131	144	155	165	179	212	236	252	279	#
133	1171.54	10	13	14	31	38	51	72	82	89	133	162	167	202	206	221	279	#
134	1159.6	6	15	38	52	76	89	94	101	104	123	130	135	196	219	233	279	#
135	282.072	3	70	163	280	#
136	261.995	163	174	185	280	#
137	200.723	24	28	70	280	#
138	2168.77	3	16	27	43	53	55	79	100	105	111	112	115	128	141	145	147	159	180	181	184	194	200	211	214	223	227	230	281	#
139	2243.68	13	26	69	70	71	76	81	86	105	110	140	143	150	154	155	177	181	183	188	200	225	230	231	234	248	251	253	281	#
140	2243.58	5	12	13	32	34	40	43	64	69	76	79	85	88	100	105	145	153	167	179	194	202	207	211	212	245	248	252	281	#
141	2240.28	5	26	42	49	62	105	109	112	113	132	139	143	153	155	157	159	178	180	188	194	210	215	217	223	224	234	253	281	#
142	2221.84	4	12	25	27	38	56	64	70	100	103	105	112	130	131	134	139	145	147	151	153	158	162	198	234	237	246	251	281	#
143	2209.98	5	12	14	25	26	29	40	53	76	79	88	95	100	111	132	141	143	158	162	164	178	197	210	223	227	247	248	281	#
144	1801.27	4	8	22	39	44	46	63	76	78	81	88	105	106	121	125	127	137	143	147	148	151	165	166	178	180	187	205	213	216	218	222	251	282	#
145	2685.23	0	3	4	19	26	31	38	46	55	63	69	72	73	75	92	111	124	131	140	151	152	178	185	186	189	193	202	207	214	228	238	255	282	#
146	2521.07	8	24	30	39	42	46	51	53	60	63	67	75	78	80	81	84	86	100	118	124	139	143	152	176	179	185	202	214	223	226	234	236	282	#
147	2516.3	6	9	14	16	18	20	37	38	43	49	53	69	76	86	93	105	107	113	122	127	139	168	173	185	204	215	222	223	225	226	228	249	282	#
148	2473.12	14	25	32	36	45	46	47	53	69	77	79	93	96	104	130	133	138	155	160	167	170	175	178	183	189	200	201	209	211	233	242	253	282	#
149	2471.31	0	4	10	31	45	64	68	71	72	76	79	81	84	121	123	138	140	142	144	147	154	167	176	179	182	184	189	193	228	234	235	252	282	#
150	1070.96	11	48	72	95	112	118	176	197	212	215	223	234	237	247	283	#
151	1303.7	7	58	70	73	92	184	191	193	220	225	242	244	247	248	283	#
152	1145.34	7	73	89	121	123	130	136	137	149	169	176	180	192	239	283	#
153	957.156	11	22	39	43	52	90	95	134	151	155	160	167	238	242	283	#
154	946.167	29	40	67	78	87	96	118	144	147	165	176	189	190	197	283	#
155	938.35	2	31	73	82	113	138	150	154	180	223	225	237	246	254	283	#
156	176.806	49	61	125	255	284	#
157	247.913	48	99	187	255	284	#
158	182.747	41	49	62	151	284	#
159	438.716	14	45	58	115	188	285	#
160	540.409	44	114	115	123	199	285	#
161	443.867	58	73	99	191	211	285	#
162	433.993	10	14	111	202	218	285	#
163	431.068	27	45	162	168	207	285	#
164	251.258	88	168	188	194	231	285	#
165	198.8	56	164	286	#
166	202.183	56	224	286	#
167	142.786	136	164	286	#
168	84.6112	2	159	#
169	3150.51	5	6	10	11	13	16	33	37	39	40	62	63	70	79	86	89	93	97	104	112	119	124	130	139	142	143	151	152	155	163	165	172	182	183	196	210	220	223	225	235	242	245	246	254	287	#
170	3419.36	0	4	10	11	14	16	20	26	31	36	41	44	49	56	59	72	79	87	88	105	106	108	109	114	115	118	126	127	137	142	154	158	165	166	182	193	196	198	212	215	220	232	242	254	287	#
171	3275.48	1	17	18	20	23	32	35	50	54	58	62	63	67	78	79	88	98	100	102	104	108	114	118	123	124	130	131	139	142	143	162	165	168	175	184	189	192	193	208	216	237	246	253	254	287	#
172	3252.52	3	6	10	13	15	24	25	26	29	31	32	40	54	62	72	79	97	98	103	104	113	120	126	127	146	152	154	161	165	166	176	181	208	216	219	227	232	241	242	244	246	249	252	254	287	#
173	3205.33	2	11	13	14	16	32	33	39	50	51	60	79	93	97	98	102	105	112	122	124	130	131	132	139	145	154	160	166	168	172	180	183	200	204	206	209	220	231	235	242	243	249	251	252	287	#
174	3185.46	1	2	4	20	25	26	31	33	46	48	52	74	78	87	88	93	97	102	105	108	116	121	130	134	145	157	165	174	182	183	186	191	193	196	206	214	225	236	238	239	240	241	244	252	287	#
175	632.919	5	6	36	86	88	99	101	115	121	202	207	239	242	248	288	#
176	904.554	4	36	59	108	111	112	119	135	179	192	193	207	235	255	288	#
177	895.329	8	29	86	108	128	133	138	160	164	168	196	207	216	248	288	#
178	870.204	29	31	35	41	56	101	115	136	148	162	234	238	241	243	288	#
179	849.777	12	114	121	122	133	145	176	191	195	200	214	243	253	254	288	#
180	796.082	6	12	37	55	106	111	116	122	126	163	182	200	203	254	288	#
181	215.242	26	148	239	289	#
182	231.46	22	26	242	289	#
183	190.711	19	82	148	289	#
184	145.683	239	#
185	1470.72	8	27	33	79	86	93	102	112	116	117	144	146	148	157	166	179	193	226	233	249	253	290	#
186	1833.29	15	27	47	52	65	76	86	98	115	125	131	132	161	172	197	205	212	221	227	229	253	290	#
187	1673.56	1	8	12	31	71	76	79	112	133	146	148	153	163	172	178	181	197	207	225	234	242	290	#
188	1662.8	0	41	57	89	123	129	152	162	176	184	187	193	196	212	213	219	221	227	233	242	247	290	#
189	1613.72	40	60	61	67	70	93	103	106	130	132	133	152	188	190	195	196	197	220	221	225	235	290	#
190	1609.77	1	15	22	41	52	54	65	69	72	88	91	93	100	152	186	187	189	194	203	243	249	290	#
191	207.21	44	57	216	291	#
192	279.435	44	100	195	291	#
193	216.929	57	223	254	291	#
194	134.95	177	187	216	291	#
195	915.847	12	21	61	80	82	90	99	156	166	176	180	244	248	250	292	#
196	1200.29	12	15	21	24	37	80	86	94	108	128	129	150	172	250	292	#
197	1199.11	1	44	65	67	80	99	176	177	185	191	193	196	200	212	292	#
198	1123.09	37	39	45	56	79	80	90	99	117	129	168	185	212	251	292	#
199	1119.76	9	56	62	65	104	113	122	146	151	176	199	218	219	248	292	#
200	1079.08	14	20	45	47	116	121	153	163	169	191	219	246	250	253	292	#
201	369.727	61	99	114	165	199	293	#
202	446.871	58	82	106	114	227	293	#
203	414.648	8	159	171	199	201	293	#
204	322.513	8	99	103	194	225	293	#
205	284.848	19	104	140	165	169	293	#
206	240.072	61	98	108	217	226	293	#
207	274.954	63	179	242	294	#
208	315.847	164	176	242	294	#
209	165.949	11	57	63	294	#
210	120.073	61	179	216	294	#
211	1197.99	17	19	50	51	57	60	73	78	99	119	126	138	165	168	177	212	295	#
212	1240.4	8	13	17	29	58	69	71	79	110	124	140	171	182	195	251	254	295	#
213	1210.19	0	34	35	63	73	106	114	117	132	153	154	159	168	224	228	251	295	#
214	1195.76	6	27	30	32	38	50	81	92	104	128	140	155	163	177	221	237	295	#
215	1162.88	49	53	70	82	111	117	129	132	140	147	168	229	236	238	247	254	295	#
216	1161.94	16	26	27	38	59	81	150	177	197	207	208	210	220	223	224	230	295	#
217	744.909	31	55	86	104	120	131	153	180	194	208	296	#
218	987.481	14	26	55	60	83	124	134	176	199	212	296	#
219	776.644	16	76	81	119	161	171	176	192	208	225	296	#
220	751.433	65	93	128	159	180	184	190	196	203	221	296	#
221	748.484	20	31	76	110	113	128	171	203	228	248	296	#
222	729.144	4	40	45	70	89	98	131	133	143	165	296	#
223	441.962	86	98	164	178	191	297	#
224	478.655	21	32	86	113	164	297	#
225	462.32	83	94	164	206	211	297	#
226	457.951	21	92	113	178	180	297	#
227	344.914	79	147	191	221	248	297	#
228	688.476	11	90	120	153	155	165	174	188	212	246	298	#
229	846.687	3	7	10	72	118	208	210	215	235	246	298	#
230	745.421	13	41	60	64	122	150	182	212	244	249	298	#
231	723.304	11	17	47	73	95	113	116	144	193	241	298	#
232	717.957	21	41	65	95	100	108	153	174	200	250	298	#
233	704.222	5	10	13	95	99	138	153	156	159	161	298	#
234	1163.37	1	13	28	47	81	84	93	115	117	129	147	166	193	214	222	223	254	299	#
235	1351.58	1	17	25	38	60	69	77	83	86	113	118	151	163	183	191	210	251	299	#
236	1349.08	11	31	44	49	53	65	69	108	123	130	139	140	217	223	238	251	254	299	#
237	1312.49	0	12	20	53	58	67	81	84	115	133	170	173	186	207	225	248	254	299	#
238	1281.87	32	33	127	142	144	145	147	153	160	172	190	191	198	234	240	245	255	299	#
239	1280.3	36	47	58	62	83	95	96	107	128	144	149	187	190	211	228	235	242	299	#
240	435.663	29	52	85	103	115	145	200	244	300	#
241	650.075	4	18	29	32	182	225	226	244	300	#
242	574.406	40	54	87	88	99	103	189	241	300	#
243	557.212	6	44	52	58	99	112	115	185	300	#
244	551.63	6	46	52	111	140	142	151	252	300	#
245	515.013	3	14	23	29	103	209	219	238	300	#
246	221.054	26	159	301	#
247	225.557	159	197	301	#
248	192.961	26	223	301	#
249	1346.29	40	49	50	61	104	108	110	115	118	121	145	149	153	172	180	191	197	236	302	#
250	1448.58	6	17	45	65	80	103	121	133	168	177	191	197	201	203	220	221	239	242	302	#
251	1385.28	0	15	17	52	63	77	80	104	113	143	156	168	182	186	196	218	236	243	302	#
252	1356.92	22	32	40	61	70	80	92	108	110	128	132	135	140	168	188	207	240	247	302	#
253	1350.75	1	38	70	75	91	92	124	127	133	142	143	144	145	149	181	187	191	248	302	#
254	1348.27	27	37	41	52	63	75	93	105	108	118	119	123	134	161	182	198	223	247	302	#
255	319.145	20	33	45	187	303	#
256	261.191	33	56	181	223	303	#
257	251.477	45	52	72	249	303	#
258	235.588	9	20	32	206	303	#
259	228.35	103	144	187	217	303	#
260	1805.13	6	7	19	21	22	23	25	31	34	40	81	90	94	98	99	100	128	195	196	197	207	213	242	245	249	304	#
261	2073.73	0	9	22	27	46	52	65	68	74	104	134	136	139	162	165	167	180	196	203	206	213	220	235	252	255	304	#
262	2030.65	19	22	26	27	32	36	55	65	80	109	114	135	140	148	149	151	152	172	179	185	186	196	197	246	252	304	#
263	2002.72	11	12	20	27	33	36	40	46	50	62	70	72	87	99	108	138	147	166	176	180	183	192	248	253	254	304	#
264	1989.04	0	11	34	46	50	58	72	73	76	85	89	90	94	99	117	130	148	154	169	176	179	180	225	246	252	304	#
265	1956.58	19	21	23	25	34	37	65	72	74	81	85	87	97	125	140	141	148	150	165	176	201	203	216	242	244	304	#
266	220.285	70	162	243	305	#
267	232.235	98	194	243	305	#
268	229.983	87	162	231	305	#
269	150.4	55	57	70	305	#
270	1117.2	22	24	25	34	60	61	64	94	115	127	134	157	183	189	191	212	306	#
271	1416.6	15	24	26	32	51	77	79	98	120	169	183	193	199	233	236	237	306	#
272	1357.85	16	27	53	59	72	79	82	92	127	130	131	150	161	196	226	235	306	#
273	1306.01	12	14	21	25	27	49	51	64	81	146	149	151	194	218	228	251	306	#
274	1281.85	0	1	25	26	36	64	65	71	122	183	187	205	211	226	233	250	306	#
275	1196.83	1	4	39	49	53	62	76	123	129	136	170	194	200	212	219	244	306	#
276	905.767	55	56	66	72	82	115	122	149	155	183	191	209	222	231	307	#
277	1251.03	17	19	26	56	66	71	86	128	139	148	190	196	211	246	307	#
278	1080.75	3	15	51	66	114	122	134	153	155	171	177	190	230	249	307	#
279	1031.71	4	33	54	65	66	91	115	142	158	165	198	213	234	245	307	#
280	1026.61	16	49	53	66	68	86	123	133	190	192	206	240	246	249	307	#
281	1013.87	27	72	79	88	101	115	120	123	138	145	149	164	246	251	307	#
282	1088.48	10	31	52	66	71	86	97	100	110	132	183	198	216	308	#
283	1071.45	24	31	50	53	57	71	107	110	115	177	183	190	247	308	#
284	1052.32	10	31	43	66	74	86	87	133	146	154	201	221	230	308	#
285	1032.83	35	71	85	97	99	108	130	172	205	229	237	239	246	308	#
286	1027.19	36	52	106	121	138	170	175	186	193	213	227	233	253	308	#
287	1010.61	18	26	38	62	86	105	116	133	153	181	214	222	229	308	#
288	96.0104	55	85	309	#
289	139.6	55	59	309	#
290	120.702	19	85	309	#
291	438.52	34	122	128	158	161	184	310	#
292	490.367	81	161	171	202	205	212	310	#
293	449.66	22	88	141	158	195	211	310	#
294	372.378	101	122	127	142	170	247	310	#
295	330.98	1	110	184	193	204	218	310	#
296	287.955	34	60	110	167	171	245	310	#
297	631.899	5	7	16	25	29	34	91	108	123	251	311	#
298	857.207	1	31	36	123	129	137	182	183	239	240	311	#
299	785.422	7	33	87	94	95	153	211	224	233	249	311	#
300	754.576	1	5	29	30	34	82	95	196	201	239	311	#
301	748.001	10	11	28	76	97	173	174	211	238	251	311	#
302	664.765	16	27	45	49	56	65	97	196	208	235	311	#
303	370.122	1	63	64	98	160	193	220	243	312	#
304	552.822	10	26	28	99	170	183	192	193	312	#
305	538.362	22	92	93	98	117	203	235	249	312	#
306	531.092	9	35	47	76	128	130	220	247	312	#
307	526.791	40	159	160	163	170	207	241	248	312	#
308	425.583	30	64	67	100	189	216	218	243	312	#
309	544.316	35	63	89	90	103	109	114	133	144	172	313	#
310	772.212	22	36	81	109	111	129	143	211	228	247	313	#
311	761.125	5	14	21	34	72	80	172	198	244	247	313	#
312	713.037	5	65	89	114	196	221	223	228	238	244	313	#
313	710.993	6	24	53	70	93	103	107	134	179	180	313	#
314	684.054	9	34	35	90	123	148	159	201	211	242	313	#
315	1812.92	7	16	22	27	34	38	47	60	61	73	86	89	92	104	105	116	134	152	154	173	175	180	188	203	205	206	220	245	314	#
316	2373.52	1	2	7	13	25	27	39	45	47	58	61	72	80	103	110	125	130	143	145	147	165	175	182	194	200	240	243	252	314	#
317	2341.32	1	15	26	31	33	35	58	60	61	66	71	96	101	105	109	113	122	130	135	142	153	163	179	184	196	223	227	240	314	#
318	2289.33	0	2	4	22	32	47	60	68	86	88	103	127	130	131	147	152	153	163	177	178	185	216	217	220	239	240	243	248	314	#
319	2288.87	7	8	71	73	81	89	92	104	109	113	116	124	129	131	134	135	157	186	193	195	198	204	214	215	219	226	234	241	314	#
320	2238.33	0	2	11	13	25	30	61	76	91	96	97	130	134	154	157	161	164	169	174	176	178	203	207	209	213	233	239	243	314	#
321	431.95	76	116	153	156	180	315	#
322	517.154	26	27	31	156	232	315	#
323	511.659	76	141	151	178	197	315	#
324	373.861	26	112	130	136	180	315	#
325	265.281	24	33	85	119	153	315	#
326	145.101	124	126	316	#
327	163.597	126	163	316	#
328	155.314	124	158	316	#
329	589.427	21	57	82	104	106	108	122	188	198	224	226	228	317	#
330	881.46	4	55	65	82	98	105	169	174	190	207	220	225	317	#
331	838.688	17	34	37	75	147	151	167	178	183	188	211	236	317	#
332	817.318	44	47	55	84	97	108	116	121	148	187	215	251	317	#
333	790.201	10	29	61	93	105	106	157	158	215	220	228	253	317	#
334	768.998	6	29	76	106	111	115	131	149	151	182	193	203	317	#
335	1595.08	16	29	44	70	72	78	81	87	110	112	127	139	146	170	174	189	190	214	218	227	232	252	318	#
336	1925.26	18	27	29	31	78	80	91	98	125	139	148	167	171	174	189	190	197	208	211	230	253	255	318	#
337	1819.91	6	23	33	40	48	60	81	87	114	128	130	139	140	163	168	198	213	228	230	246	253	255	318	#
338	1750.02	14	21	22	40	44	48	54	61	70	73	89	96	105	113	122	125	131	145	201	230	249	255	318	#
339	1737.77	29	38	66	70	77	80	81	97	110	117	129	130	131	139	166	168	182	185	196	197	208	251	318	#
340	1717.83	8	58	60	77	85	97	107	110	138	139	155	168	170	177	198	202	230	232	233	239	250	253	318	#
341	678.129	1	22	53	60	92	104	179	191	249	319	#
342	826.315	1	15	25	89	110	179	196	238	253	319	#
343	790.331	89	92	114	130	155	185	193	196	254	319	#
344	768.802	1	38	49	55	159	187	206	228	233	319	#
345	724.184	14	57	68	73	103	104	144	145	163	319	#
346	645.906	28	60	70	134	135	138	149	168	190	319	#
347	265.315	132	150	179	320	#
348	272.77	24	132	179	320	#
349	178.046	56	114	150	320	#
350	162.469	19	146	179	320	#
351	793.461	29	73	104	152	161	185	205	238	253	321	#
352	897.451	18	29	60	104	125	152	168	193	243	321	#
353	765.422	17	36	79	88	122	134	159	161	195	321	#
354	748.821	35	76	103	119	130	142	224	247	253	321	#
355	702.14	9	29	46	72	83	85	125	194	232	321	#
356	687.183	21	29	51	73	93	129	182	209	249	321	#
357	765.117	7	34	50	66	91	100	104	117	181	188	224	250	322	#
358	1144.12	0	107	113	117	122	128	144	153	188	189	206	215	322	#
359	1135.58	1	13	105	107	121	190	208	211	224	226	227	248	322	#
360	1048.2	27	62	79	104	140	146	178	186	190	209	240	245	322	#
361	1025.11	0	11	48	50	105	113	127	147	153	162	169	178	322	#
362	980.323	11	14	30	66	81	113	156	162	190	193	208	224	322	#
363	262.817	42	46	115	208	211	323	#
364	371.608	33	37	42	130	245	323	#
365	352.459	5	26	46	78	91	323	#
366	296.135	52	109	115	168	251	323	#
367	286.591	42	56	76	137	211	323	#
368	281.531	9	63	117	203	208	323	#
369	469.185	16	37	67	76	80	145	198	217	324	#
370	620.123	80	82	130	133	134	138	140	152	324	#
371	592.96	16	21	48	68	82	93	127	145	324	#
372	551.748	25	67	76	77	100	160	172	254	324	#
373	551.304	9	71	96	98	125	145	154	174	324	#
374	535.881	55	104	129	176	217	223	233	254	324	#
375	149.899	16	32	68	325	#
376	109.012	32	78	181	325	#
377	121.223	58	#
378	358.816	19	47	69	96	169	246	248	326	#
379	526.432	30	52	60	75	163	169	181	326	#
380	470.712	29	93	184	206	216	246	254	326	#
381	460.649	19	41	72	82	116	141	174	326	#
382	308.019	3	47	69	102	150	196	220	326	#
383	263.855	63	91	114	255	327	#
384	228.731	0	114	146	150	327	#
385	208.401	30	49	91	161	327	#
386	208.314	10	36	198	255	327	#
387	177.708	12	63	183	226	327	#
388	165.904	4	110	248	328	#
389	194.995	4	56	166	328	#
390	188.126	8	50	110	328	#
391	181.601	47	223	248	328	#
392	309.432	98	141	144	249	329	#
393	423.628	6	94	141	190	329	#
394	348.387	85	207	239	249	329	#
395	305.198	143	144	156	224	329	#
396	160.693	48	89	98	169	329	#
397	290.503	52	123	135	182	209	330	#
398	407.528	18	33	40	92	135	330	#
399	396.27	22	43	52	117	125	330	#
400	332.895	71	98	123	181	203	330	#
401	296.881	7	97	180	182	196	330	#
402	264.482	18	64	95	107	209	330	#
403	2068.51	1	2	5	6	16	18	38	43	59	69	79	80	107	110	132	133	135	165	173	179	182	190	195	209	222	224	244	248	331	#
404	2366.69	1	5	6	7	27	30	32	40	62	64	69	72	75	79	108	110	111	117	123	128	132	151	158	176	195	208	247	249	331	#
405	2283.12	4	6	40	52	56	58	66	71	75	78	112	115	117	127	130	135	162	163	166	176	182	184	214	215	219	223	229	242	331	#
406	2220.13	3	4	16	31	45	62	63	72	93	98	111	114	118	123	134	141	146	157	168	169	173	178	197	207	212	221	229	231	331	#
407	2184.22	0	2	7	35	36	38	40	41	58	59	70	106	109	111	126	132	167	182	184	214	222	224	231	243	247	249	250	254	331	#
408	2171.37	2	4	14	15	16	21	39	48	52	56	58	65	66	78	104	107	109	117	123	143	159	162	179	183	229	231	240	247	331	#
409	396.24	25	49	70	123	171	332	#
410	426.813	60	87	109	171	214	332	#
411	359.788	46	123	165	208	222	332	#
412	336.381	25	34	57	206	212	332	#
413	303.354	29	58	70	173	232	332	#
414	124.355	33	49	72	95	169	332	#
415	782.319	24	111	141	161	182	207	209	216	219	223	333	#
416	922.038	11	18	109	131	160	161	215	219	224	238	333	#
417	916.702	71	81	118	152	161	169	180	205	212	239	333	#
418	795.691	12	14	29	111	130	141	161	214	226	232	333	#
419	781.66	11	24	29	30	99	111	161	169	178	192	333	#
420	765.666	30	47	75	85	152	182	202	212	219	235	333	#
421	660.786	36	44	68	71	110	128	146	188	207	244	334	#
422	826.617	35	69	110	111	126	131	162	229	252	254	334	#
423	803.209	15	68	72	123	127	157	187	196	198	244	334	#
424	783.815	2	32	45	64	120	188	194	204	217	234	334	#
425	715.082	35	45	54	115	149	158	207	232	236	248	334	#
426	704.872	0	71	126	137	184	188	189	227	240	246	334	#
427	1102.69	17	31	58	64	88	107	131	133	135	155	157	165	197	231	236	243	335	#
428	1389.03	18	27	49	54	77	85	87	144	164	184	189	194	216	219	233	236	335	#
429	1375.72	11	33	43	57	58	63	72	115	140	143	172	176	205	237	241	254	335	#
430	1245.06	7	24	27	50	58	64	97	133	161	172	178	201	208	225	244	251	335	#
431	1232.47	25	31	37	44	47	57	107	109	121	123	131	141	143	217	243	253	335	#
432	1183.33	18	58	78	79	85	107	128	133	152	158	164	172	205	210	217	242	335	#
433	101.238	237	250	336	#
434	117.734	149	250	336	#
435	108.868	80	237	336	#
436	261.918	46	113	122	133	337	#
437	376.063	19	72	94	113	337	#
438	304.048	9	133	159	255	337	#
439	213.476	56	62	122	181	337	#
440	150.569	5	46	136	240	337	#
441	532.941	21	27	129	145	174	200	239	245	246	338	#
442	690.616	73	145	149	158	174	201	229	252	255	338	#
443	672.635	27	36	141	179	182	202	216	231	238	338	#
444	653.085	0	44	51	69	114	173	232	239	255	338	#
445	651.091	44	55	110	111	121	147	149	186	246	338	#
446	650.502	59	96	129	136	141	164	174	187	211	338	#
447	834.762	42	70	80	103	112	137	150	153	165	211	214	227	240	339	#
448	1102.26	9	56	70	91	93	131	148	161	187	192	212	236	247	339	#
449	1007.02	0	5	15	55	77	81	97	113	130	158	187	211	241	339	#
450	986.761	12	26	40	44	52	93	127	164	191	215	227	229	252	339	#
451	981.602	8	14	17	21	22	42	113	123	171	222	228	231	240	339	#
452	920.081	0	2	30	38	93	111	117	128	130	137	187	194	210	339	#
453	65.277	105	#
454	3207.98	1	4	8	10	11	19	24	33	40	41	49	50	51	53	63	67	72	74	76	77	81	82	85	102	114	127	131	132	139	143	154	162	163	164	175	184	186	207	210	211	221	227	229	242	244	340	#
455	3549.37	4	19	22	29	31	36	54	59	72	83	98	100	105	109	110	113	115	120	127	132	138	142	147	151	157	160	164	165	170	180	186	198	199	202	210	211	214	218	221	223	226	227	229	239	244	340	#
456	3508.03	19	21	27	28	35	36	51	65	67	68	70	72	74	79	82	85	89	91	95	97	105	108	113	114	120	121	126	152	165	170	172	193	194	202	211	223	226	227	229	239	240	241	243	245	254	340	#
457	3463.81	3	8	10	11	19	23	34	35	36	52	61	65	69	70	72	87	92	104	105	110	117	128	129	139	142	156	163	167	172	179	191	193	194	195	197	200	207	211	212	215	221	224	229	234	253	340	#
458	3435.3	4	16	25	28	30	36	49	51	52	56	57	58	59	61	65	68	69	79	83	85	90	92	102	104	109	113	123	126	127	128	141	142	145	149	170	173	181	186	189	194	199	200	225	233	240	340	#
459	3433.65	15	19	20	22	23	25	27	30	33	40	49	52	69	70	72	79	92	96	113	116	123	132	135	141	147	148	160	172	173	175	180	186	194	201	202	206	207	211	212	216	218	224	230	233	244	340	#
460	78.3391	172	#
461	817.55	31	67	92	96	125	141	146	149	233	341	#
462	782.255	5	20	44	82	125	127	141	207	231	341	#
463	700.991	24	69	76	79	149	169	171	214	233	341	#
464	607.207	39	76	115	139	141	142	144	155	201	341	#
465	604.304	12	92	121	162	176	183	192	218	234	341	#
466	597.432	2	3	7	28	31	36	91	97	231	341	#
467	2478.59	1	4	13	25	27	33	50	58	61	70	74	76	77	82	87	88	115	140	145	147	150	154	156	178	189	206	209	217	219	226	239	252	342	#
468	2601.3	0	13	28	58	61	66	70	79	88	89	90	104	105	112	114	115	120	124	126	139	140	145	146	162	163	183	195	201	213	247	251	254	342	#
469	2599.31	4	18	43	66	76	87	88	99	102	109	114	131	133	140	142	147	150	159	162	163	168	170	172	173	189	203	207	213	215	219	225	230	342	#
470	2425.54	16	19	27	34	56	70	72	74	77	87	90	95	109	114	115	125	130	134	154	158	175	176	179	180	189	193	203	211	222	233	245	251	342	#
471	2376.1	9	16	28	30	37	44	51	72	74	82	90	100	101	112	114	120	122	124	132	152	163	168	176	177	192	201	203	205	211	213	218	247	342	#
472	2372.61	7	17	18	19	21	28	30	58	72	88	109	112	114	115	116	141	150	154	168	171	172	179	185	217	221	223	225	234	238	239	251	252	342	#
473	517.538	70	109	116	171	208	226	251	343	#
474	663.42	115	116	131	147	171	172	189	343	#
475	508.526	9	45	70	160	226	233	249	343	#
476	500.752	61	72	176	184	223	226	255	343	#
477	443.854	7	60	94	131	139	171	175	343	#
478	434.254	19	37	39	40	205	251	254	343	#
479	338.755	1	48	72	136	140	183	204	344	#
480	491.267	32	150	183	193	215	216	244	344	#
481	419.832	101	150	162	178	183	204	254	344	#
482	390.668	7	16	84	133	136	221	222	344	#
483	363.935	1	9	85	121	140	157	237	344	#
484	1376.24	2	18	19	52	54	74	82	114	116	123	133	146	166	200	203	207	208	222	231	234	239	345	#
485	1706.99	0	2	7	29	38	42	43	49	74	82	97	105	114	116	125	132	216	221	229	241	255	345	#
486	1693.05	13	19	23	37	50	51	71	79	116	132	133	138	153	160	197	224	231	232	239	244	252	345	#
487	1555.64	0	2	7	38	73	79	87	102	107	113	133	138	144	150	157	166	177	190	210	229	255	345	#
488	1532.95	23	32	42	57	73	81	82	92	94	97	116	145	154	197	200	203	205	238	240	251	255	345	#
489	1526.93	8	11	19	22	23	28	31	32	41	50	51	60	74	78	82	150	159	160	165	223	224	345	#
490	1693.99	0	5	6	8	34	60	65	124	135	143	167	169	171	173	177	184	198	207	208	216	235	236	242	346	#
491	2049.73	0	20	33	60	65	73	74	89	99	105	124	131	144	149	166	169	196	198	221	223	232	236	255	346	#
492	2031.89	14	26	33	43	54	71	89	90	94	95	117	124	132	133	136	165	169	171	198	218	221	228	242	346	#
493	1922.98	18	23	51	65	100	107	125	131	132	133	191	197	198	201	207	218	220	229	231	232	236	247	249	346	#
494	1842.6	19	25	34	45	58	60	92	99	108	114	115	118	131	153	161	171	189	194	213	221	239	241	249	346	#
495	1834.91	0	3	5	24	34	43	58	63	66	71	79	89	98	124	126	133	153	195	206	207	236	247	250	346	#
496	546.645	20	63	85	88	98	117	148	213	214	347	#
497	794.315	15	27	63	66	82	96	139	207	236	347	#
498	688.288	64	85	90	145	159	203	219	221	236	347	#
499	678.375	8	44	55	56	70	117	143	166	238	347	#
500	601.434	9	31	38	39	90	98	99	190	212	347	#
501	559.174	31	44	59	108	112	125	149	150	214	347	#
502	1160.68	2	6	26	41	52	100	113	117	124	131	186	202	208	219	223	348	#
503	1290.88	2	22	72	81	85	103	109	147	157	162	168	199	202	215	250	348	#
504	1165.75	41	42	70	87	98	123	127	128	155	173	201	229	238	242	244	348	#
505	1139.02	15	30	36	46	70	103	117	121	131	134	147	169	174	215	239	348	#
506	1119.85	52	71	90	92	112	117	130	132	149	186	199	202	211	213	255	348	#
507	1119.77	6	15	49	58	60	71	84	87	109	144	147	175	180	216	230	348	#
508	948.819	74	133	147	153	159	162	184	221	230	349	#
509	800.458	13	32	61	151	153	172	188	194	199	349	#
510	711.742	30	43	78	97	149	163	171	221	249	349	#
511	706.444	26	47	68	115	137	177	202	230	254	349	#
512	700.436	42	60	74	76	79	95	123	198	214	349	#
513	622.301	82	126	159	162	169	199	222	243	248	349	#
514	94.681	23	47	88	#
515	275.106	26	30	68	202	216	350	#
516	294.234	26	37	96	132	167	350	#
517	292.749	25	111	175	216	253	350	#
518	290.061	41	68	178	208	245	350	#
519	276.785	9	10	98	196	202	350	#
520	232.471	30	122	140	173	252	350	#
521	916.842	34	82	113	115	136	157	158	163	196	201	224	228	245	247	351	#
522	1244.38	1	38	59	67	74	87	102	129	163	219	224	226	235	239	351	#
523	1183.23	1	24	34	70	74	75	92	100	118	147	160	163	191	207	351	#
524	1164.41	60	62	65	83	114	118	126	129	151	157	194	204	247	254	351	#
525	1083.77	37	44	58	66	78	80	85	104	127	134	158	169	187	199	351	#
526	1049.47	59	77	80	81	82	105	115	149	158	176	181	189	201	235	351	#
527	208.927	27	108	109	161	352	#
528	302.783	30	93	161	235	352	#
529	265.044	108	121	176	182	352	#
530	260.951	109	113	169	177	352	#
531	472.144	11	92	112	155	166	193	232	253	353	#
532	584.084	4	72	112	147	164	192	212	252	353	#
533	563.749	23	79	92	116	130	193	202	222	353	#
534	557.582	19	72	85	118	125	174	232	237	353	#
535	554.863	58	70	94	114	118	142	155	187	353	#
536	490.099	8	17	41	92	157	158	196	221	353	#
537	518.452	18	40	93	96	98	128	354	#
538	505.012	40	43	62	128	139	159	354	#
539	496.671	35	96	99	129	190	211	354	#
540	470.39	18	57	73	113	124	255	354	#
541	457.591	53	93	98	125	182	193	354	#
542	420.113	32	70	95	98	112	153	354	#
543	550.969	5	54	104	139	158	201	208	225	355	#
544	761.993	32	65	101	125	166	180	199	201	355	#
545	759.083	45	60	79	103	111	136	139	239	355	#
546	611.58	0	5	32	79	150	157	171	213	355	#
547	609.019	6	37	157	162	179	208	253	255	355	#
548	506.18	54	58	94	106	114	139	166	248	355	#
549	1751.77	0	2	4	39	43	71	74	119	124	135	152	189	196	206	212	219	221	239	253	254	356	#
550	1772.59	4	11	16	65	79	85	99	122	124	132	147	148	163	168	176	186	194	209	244	252	356	#
551	1653.92	13	14	18	26	38	41	79	81	99	101	123	132	135	145	156	163	181	185	189	247	356	#
552	1595.35	2	22	27	52	61	67	71	97	98	109	112	123	154	179	187	199	201	213	240	253	356	#
553	1583.24	19	29	35	67	71	76	114	139	168	169	200	216	219	226	227	232	238	239	240	244	356	#
554	1523.25	4	27	63	66	82	84	87	102	139	165	167	178	179	186	220	221	226	227	237	255	356	#
555	240.459	75	85	138	231	357	#
556	343.232	75	85	100	110	357	#
557	231.461	90	199	231	250	357	#
558	201.097	36	138	234	249	357	#
559	221.565	32	83	183	245	358	#
560	294.003	78	83	151	252	358	#
561	266.299	134	207	245	249	358	#
562	260.859	70	159	183	248	358	#
563	241.725	32	77	181	233	358	#
564	271.403	106	156	178	192	359	#
565	356.805	81	147	192	225	359	#
566	320.839	63	156	194	218	359	#
567	210.451	78	116	145	178	359	#
568	131.968	81	106	174	243	359	#
569	904.589	7	16	22	60	76	88	93	118	119	129	149	214	236	250	360	#
570	1229.27	44	54	60	91	126	135	172	179	185	192	212	213	219	241	360	#
571	1031.69	30	44	45	72	77	81	109	149	153	167	177	223	242	250	360	#
572	1003.31	3	7	10	20	22	29	118	132	157	175	177	179	219	236	360	#
573	970.028	0	1	13	20	25	26	56	71	103	119	176	200	238	252	360	#
574	944.478	22	49	68	88	102	104	139	141	172	177	191	205	220	253	360	#
575	1191.56	63	77	80	87	98	106	112	123	126	132	139	140	141	175	178	250	361	#
576	1497.05	4	17	57	71	74	78	97	117	126	131	136	152	156	178	184	227	361	#
577	1363.34	4	22	24	100	119	124	147	161	165	171	175	202	204	228	229	234	361	#
578	1264.24	34	38	45	49	53	54	60	100	102	104	117	123	132	203	246	247	361	#
579	1242.72	17	35	60	66	70	104	109	117	129	141	170	174	179	229	245	250	361	#
580	1180.73	17	18	29	44	55	63	65	78	98	123	139	142	178	185	228	242	361	#
581	133.597	52	126	214	#
582	122.721	91	250	362	#
583	116.615	241	250	362	#
584	273.399	20	46	185	189	363	#
585	314.048	20	60	217	239	363	#
586	263.902	48	98	164	189	363	#
587	203.836	46	106	236	246	363	#
588	667.098	38	62	108	109	169	191	192	219	243	253	254	364	#
589	873.356	30	31	62	147	154	164	178	224	232	246	253	364	#
590	824.702	15	28	49	98	161	167	175	191	193	214	246	364	#
591	810.48	6	71	75	78	109	113	175	187	201	213	219	364	#
592	789.776	22	41	50	51	62	100	133	149	161	207	227	364	#
593	768.612	24	40	109	119	133	154	161	182	197	219	228	364	#
594	744.492	15	33	41	46	75	212	243	247	254	365	#
595	671.561	2	9	20	42	74	128	199	207	247	365	#
596	670.044	1	41	93	100	143	166	181	251	254	365	#
597	646.04	19	33	39	75	162	171	185	187	241	365	#
598	620.253	18	61	83	129	145	153	168	170	243	365	#
599	619.47	6	40	57	109	177	188	204	211	212	365	#
600	1114.02	32	61	69	85	94	113	115	117	166	167	174	189	201	224	226	366	#
601	1322.19	2	65	94	98	104	110	124	131	180	189	211	222	225	229	247	366	#
602	1301.85	37	38	51	56	72	76	77	92	113	139	174	178	182	216	228	366	#
603	1247.52	5	24	28	46	71	122	130	133	136	138	182	189	193	227	253	366	#
604	1224.98	18	25	35	61	62	72	84	99	100	149	155	182	238	242	253	366	#
605	1222.51	34	35	37	57	71	83	117	119	132	142	162	233	242	244	251	366	#
606	2076.1	2	13	32	37	41	52	61	62	74	84	88	112	124	126	142	144	153	154	156	163	178	181	186	189	223	229	234	367	#
607	2225.15	2	17	44	46	76	88	93	97	107	114	124	125	139	144	154	155	163	168	170	171	178	196	228	229	231	233	234	367	#
608	2155.38	10	13	22	27	38	43	59	61	70	85	86	95	100	101	155	168	171	181	186	206	209	212	227	239	246	250	254	367	#
609	2125.14	4	10	17	31	46	66	70	72	92	95	99	113	123	130	144	145	162	163	170	171	177	180	188	219	233	241	243	367	#
610	2097.27	11	17	43	44	59	65	70	86	89	106	119	126	135	136	145	152	154	168	170	172	178	192	201	207	220	234	246	367	#
611	2087.34	3	10	12	26	31	35	37	50	52	58	65	94	99	100	125	127	145	152	154	158	162	178	188	208	225	230	244	367	#
612	133.425	97	222	368	#
613	196.477	92	222	368	#
614	133.094	97	139	368	#
615	1730.8	6	15	28	31	59	67	77	99	116	120	121	132	141	142	143	147	163	184	193	199	216	230	235	237	369	#
616	2189.03	0	6	11	16	27	67	70	97	104	155	159	163	168	182	185	197	201	207	217	227	230	247	249	251	369	#
617	1952.52	28	56	69	79	81	92	99	103	111	134	148	151	172	179	183	187	189	190	198	205	211	242	248	255	369	#
618	1908.94	3	13	60	64	67	69	91	92	99	120	130	133	134	139	146	173	182	189	205	229	230	240	246	247	369	#
619	1845.58	13	17	30	59	68	80	89	94	117	120	121	147	151	154	159	163	175	187	195	206	221	233	238	251	369	#
620	1814.42	3	7	9	17	27	46	56	65	70	85	97	116	118	121	126	137	141	150	153	163	170	204	228	253	369	#
621	258.06	11	25	35	370	#
622	248.617	25	123	251	370	#
623	226.938	35	89	133	370	#
624	220.218	11	62	195	370	#
625	1382.19	15	20	60	85	86	91	93	110	111	112	118	133	141	173	187	238	240	243	371	#
626	1512.58	4	29	72	91	97	99	105	111	117	119	125	133	142	155	157	197	222	243	371	#
627	1401.97	13	26	91	97	105	108	114	129	155	162	166	201	202	219	223	226	231	239	371	#
628	1398.76	8	20	28	35	45	70	97	99	124	127	133	148	156	165	187	189	234	245	371	#
629	1369.82	8	31	60	91	93	107	108	112	126	134	173	176	197	214	216	218	222	236	371	#
630	1347.72	3	5	56	57	60	73	82	88	99	136	188	189	201	205	207	211	226	254	371	#
631	2106.71	20	22	25	34	39	41	49	68	71	75	84	86	87	95	103	106	108	111	119	122	143	148	156	161	162	171	203	212	217	226	232	237	240	253	372	#
632	2642.33	3	22	26	30	39	40	44	47	51	53	54	60	67	75	86	90	134	145	156	164	166	168	174	181	183	194	203	204	212	224	228	232	233	241	372	#
633	2595.06	3	10	28	33	39	50	51	54	66	71	76	95	108	112	129	136	137	143	172	186	192	201	212	215	217	222	226	228	230	232	233	240	246	254	372	#
634	2499.57	4	15	20	24	27	29	37	41	50	54	73	94	95	114	115	127	129	132	142	149	150	156	159	162	166	186	203	206	211	220	224	244	248	253	372	#
635	2395.87	9	10	13	14	22	34	36	50	51	56	68	69	79	83	90	110	114	122	134	143	149	150	161	181	194	205	212	215	217	231	241	246	254	255	372	#
636	2376.09	10	13	29	34	37	39	40	44	56	58	69	75	84	107	108	111	115	117	129	133	135	150	156	158	161	195	196	201	206	217	219	227	232	252	372	#
637	451.666	80	103	164	180	181	228	248	373	#
638	518.499	120	130	193	202	207	228	232	373	#
639	498.354	44	88	89	180	211	233	248	373	#
640	406.172	31	72	95	140	158	180	197	373	#
641	381.355	39	58	103	129	154	195	221	373	#
642	353.515	39	44	80	108	146	181	197	373	#
643	877.664	1	19	43	58	78	83	85	106	137	146	162	204	208	209	237	249	374	#
644	1277.76	7	10	12	45	66	68	83	153	161	169	183	189	214	221	226	255	374	#
645	1219.64	13	20	42	43	47	54	71	83	90	95	106	109	156	203	242	246	374	#
646	1200.58	7	10	22	90	122	133	161	162	175	187	200	206	224	243	245	251	374	#
647	1198.36	16	19	37	45	46	47	61	71	76	159	182	193	213	217	228	241	374	#
648	1196.62	1	7	45	67	75	82	85	122	154	157	164	166	172	190	246	251	374	#
649	185.64	138	164	375	#
650	261.658	117	164	375	#
651	153.567	138	238	375	#
652	702.502	4	31	44	71	98	109	110	133	169	179	237	376	#
653	899.318	13	44	68	97	122	132	192	195	217	251	254	376	#
654	877.462	33	72	81	92	126	142	145	165	182	193	237	376	#
655	844.736	4	23	24	55	62	72	90	105	110	143	186	376	#
656	814.632	7	32	44	56	85	98	216	219	230	234	249	376	#
657	775.125	33	54	56	80	109	130	132	168	210	221	229	376	#
658	249.228	90	107	108	122	140	377	#
659	337.456	62	94	140	166	248	377	#
660	322.919	8	90	111	186	255	377	#
661	196.341	50	107	174	177	205	377	#
662	227.58	77	218	219	378	#
663	290.263	131	201	219	378	#
664	210.049	4	77	106	378	#
665	110.64	25	218	224	378	#
666	106.716	48	69	379	#
667	133.261	48	164	379	#
668	2068.59	8	9	17	20	27	45	66	80	84	88	100	112	127	133	150	164	170	176	181	185	189	190	209	216	217	219	226	241	246	252	380	#
669	2694.83	17	23	24	27	45	60	65	69	72	76	80	81	93	105	107	110	125	127	151	163	164	165	169	172	174	179	198	229	232	248	380	#
670	2379.21	4	6	11	38	45	49	79	81	85	90	92	97	111	116	142	159	161	164	166	170	176	178	179	189	192	225	230	232	237	241	380	#
671	2367.41	30	32	53	64	68	70	73	79	88	90	92	105	106	107	112	113	151	152	163	167	179	190	199	204	227	232	235	246	250	254	380	#
672	2318.37	0	4	15	17	21	26	28	34	37	43	64	68	73	108	113	122	124	126	129	131	150	167	176	195	196	204	237	247	248	252	380	#
673	2314.5	2	8	12	19	23	32	37	40	43	54	68	81	110	116	128	136	143	147	158	161	176	182	193	195	217	219	225	238	241	247	380	#
674	765.306	50	82	94	102	188	192	199	201	205	213	381	#
675	894.738	50	62	64	91	99	144	147	180	188	197	381	#
676	840.064	26	72	100	102	110	140	153	180	209	248	381	#
677	741.054	0	3	108	172	199	220	221	223	229	235	381	#
678	719.511	12	17	19	29	47	76	84	159	213	239	381	#
679	690.138	28	62	76	84	147	160	182	201	218	219	381	#
680	360.864	14	82	180	224	382	#
681	370.936	34	77	82	227	382	#
682	316.391	180	207	226	240	382	#
683	285.936	14	52	131	226	382	#
684	245.139	23	70	112	224	382	#
685	99.6122	41	166	383	#
686	115.368	41	111	383	#
687	1.87303	166	237	383	#
688	338.257	25	82	119	222	244	254	384	#
689	478.054	2	57	122	125	213	254	384	#
690	470.922	1	82	125	169	194	214	384	#
691	309.33	57	67	69	112	139	222	384	#
692	269.336	16	25	141	147	170	218	384	#
693	254.238	39	42	45	79	173	244	384	#
694	432.08	9	61	66	82	134	186	234	385	#
695	632.825	8	82	134	157	189	199	217	385	#
696	518.87	28	44	82	98	152	160	213	385	#
697	516.332	1	6	20	21	135	186	244	385	#
698	493.153	31	45	61	75	103	198	220	385	#
699	455.442	8	42	66	132	151	190	249	385	#
700	172.337	104	129	386	#
701	145.95	104	218	386	#
702	129.277	143	200	387	#
703	109.158	73	200	387	#
704	1095.92	5	36	40	56	91	95	126	130	143	188	199	206	209	388	#
705	1197.87	27	72	81	89	112	115	130	150	170	193	199	207	227	388	#
706	1188.95	0	51	65	91	104	113	159	188	196	204	218	243	248	388	#
707	1150.6	1	27	58	174	185	199	201	218	227	240	243	251	254	388	#
708	1077.89	5	20	35	37	125	143	147	156	191	200	201	202	230	388	#
709	1006.39	0	1	10	23	46	71	75	79	91	120	141	168	241	388	#
710	457.715	91	124	178	182	389	#
711	479.997	70	165	171	182	389	#
712	357.974	0	56	124	127	389	#
713	332.417	153	178	229	255	389	#
714	257.98	91	147	170	216	389	#
715	46.2928	42	146	#
716	424.097	19	51	105	129	228	390	#
717	395.571	19	138	193	206	255	390	#
718	392.389	105	117	137	202	240	390	#
719	389.411	123	129	149	156	210	390	#
720	353.84	5	43	51	55	221	390	#
721	318.901	42	119	138	228	240	390	#
722	44.6259	76	#
723	418.583	0	190	198	208	247	391	#
724	441.364	31	154	187	198	208	391	#
725	440.952	27	127	137	198	249	391	#
726	354.965	28	137	185	187	247	391	#
727	337.141	0	87	189	248	250	391	#
728	618.331	2	25	63	83	128	160	187	225	250	392	#
729	726.878	2	33	51	83	92	128	135	225	253	392	#
730	720.886	27	47	71	83	124	167	216	238	253	392	#
731	710.997	20	35	60	87	116	154	187	200	250	392	#
732	706.458	15	27	94	120	139	160	179	212	250	392	#
733	600.468	21	84	100	107	140	149	165	205	225	392	#
734	492.157	115	119	126	139	159	182	253	393	#
735	692.861	72	97	118	132	217	227	253	393	#
736	560.836	18	126	138	143	189	217	235	393	#
737	519.356	13	30	80	151	175	182	246	393	#
738	445.968	27	40	46	55	151	159	223	393	#
739	426.337	2	57	73	119	154	178	225	393	#
740	1538.69	2	14	16	22	27	61	62	71	90	107	128	138	146	156	160	165	167	176	180	202	206	210	211	223	394	#
741	1912.1	14	18	34	51	60	67	84	91	93	98	122	125	128	146	152	154	183	190	192	227	240	245	249	253	394	#
742	1892.53	9	15	18	25	27	42	46	51	62	67	82	122	128	135	137	146	159	182	190	206	212	221	225	239	394	#
743	1854.61	15	32	49	60	75	83	85	105	109	125	128	154	155	156	168	172	184	198	203	211	212	226	233	244	394	#
744	1840.33	3	4	14	18	33	70	71	83	99	107	143	146	159	160	161	177	183	204	206	209	210	212	215	221	394	#
745	1832.59	15	21	23	25	29	32	46	75	82	97	99	100	117	127	128	141	147	156	164	172	181	220	238	255	394	#
746	236.196	40	91	253	395	#
747	217.837	91	169	220	395	#
748	205.402	90	119	253	395	#
749	171.127	40	59	235	395	#
750	687.084	77	123	151	156	197	210	244	255	396	#
751	851.241	24	72	127	189	210	212	247	250	396	#
752	802.906	18	21	27	97	117	156	200	241	396	#
753	762.852	66	77	159	171	176	189	198	201	396	#
754	722.961	14	67	72	94	155	189	197	244	396	#
755	590.274	4	38	47	55	62	68	123	153	396	#
756	507.9	66	83	92	93	101	120	143	174	217	230	246	397	#
757	757.687	18	42	48	64	93	117	150	199	200	226	244	397	#
758	751.053	0	39	55	67	109	117	121	181	198	235	246	397	#
759	734.418	3	83	118	124	127	137	141	200	220	224	231	397	#
760	701.377	21	38	86	90	122	136	143	155	172	180	218	397	#
761	699.731	18	20	30	35	50	64	147	179	195	230	231	397	#
762	567.925	44	54	92	121	148	158	216	218	398	#
763	666.752	0	37	121	147	148	167	172	238	398	#
764	652.971	47	65	73	127	158	200	220	234	398	#
765	632.82	102	109	137	164	198	202	218	228	398	#
766	616.971	37	78	121	146	147	161	187	215	398	#
767	578.713	3	46	66	68	84	109	127	216	398	#
768	103.998	221	226	399	#
769	137.274	51	221	399	#
770	90.8223	132	226	399	#
771	279.653	30	41	80	205	236	400	#
772	396.468	94	140	164	194	205	400	#
773	390.268	41	64	147	159	183	400	#
774	337.568	20	69	164	202	236	400	#
775	281.602	20	80	153	194	220	400	#
776	213.366	29	30	78	138	193	400	#
777	1415.16	36	45	57	59	76	87	91	125	156	171	186	201	202	213	224	231	232	401	#
778	1503.58	15	35	43	45	80	112	114	120	122	125	139	162	167	168	172	187	219	401	#
779	1429.81	17	19	27	43	54	80	103	118	131	139	142	155	200	203	224	253	254	401	#
780	1369.4	1	7	19	53	94	100	124	131	145	164	171	172	182	202	223	225	237	401	#
781	1366.21	13	36	70	82	87	91	94	95	129	134	139	167	172	173	195	235	253	401	#
782	1343.71	2	27	60	67	73	105	115	118	125	126	135	143	200	240	243	251	255	401	#
783	732.886	13	26	53	63	86	110	111	135	219	229	238	402	#
784	906.739	25	43	57	94	107	111	122	152	177	226	247	402	#
785	871.022	50	53	58	65	66	98	107	164	177	236	239	402	#
786	810.775	33	36	43	89	116	176	196	198	218	229	244	402	#
787	805.332	13	47	63	107	111	120	151	200	237	239	242	402	#
788	725.254	28	53	89	93	100	110	198	209	211	229	251	402	#
789	243.973	57	66	212	246	403	#
790	353.256	66	133	177	199	403	#
791	310.664	31	37	135	246	403	#
792	238.781	51	57	63	236	403	#
793	1189.12	8	17	28	30	37	50	86	88	109	124	127	139	165	167	185	225	234	404	#
794	1405.41	1	26	37	44	91	93	97	98	102	115	122	198	229	235	241	244	247	404	#
795	1289.2	33	35	41	44	64	71	88	90	93	116	118	122	142	153	158	177	235	404	#
796	1261.15	5	8	16	48	71	81	113	130	144	163	176	177	180	185	190	244	247	404	#
797	1166.26	24	30	36	50	71	80	103	108	109	112	115	119	161	186	202	229	241	404	#
798	1163.92	17	54	63	70	73	85	116	122	152	170	194	200	202	210	225	247	251	404	#
799	2172.26	1	6	7	49	53	73	74	75	81	82	87	95	119	122	136	137	138	147	150	172	182	187	192	208	222	232	233	237	238	242	247	405	#
800	2508.61	12	28	32	67	68	72	74	80	83	86	102	113	116	117	134	140	145	147	162	168	171	182	195	201	212	215	217	219	229	244	251	405	#
801	2505.07	1	8	12	28	32	36	39	41	61	64	67	73	77	81	100	105	109	114	118	124	143	171	172	180	185	186	202	215	229	237	244	405	#
802	2471.4	7	12	18	20	22	24	30	36	50	58	75	76	84	92	97	103	106	110	140	143	147	157	159	186	195	197	201	219	224	233	247	405	#
803	2419.94	4	14	31	44	59	72	82	83	87	109	118	124	127	133	136	155	159	170	171	172	174	204	207	222	231	233	243	246	251	252	254	405	#
804	2395.87	4	12	28	39	58	61	73	79	86	108	122	128	141	142	147	161	174	180	184	208	212	224	233	244	245	247	249	250	251	252	254	405	#
805	1309.47	28	38	74	81	115	130	133	154	199	212	230	239	252	254	406	#
806	1331.65	43	51	68	71	93	98	104	133	185	189	193	202	239	242	406	#
807	1278.19	16	38	56	60	91	133	135	146	154	178	227	232	239	250	406	#
808	1226.68	3	12	15	17	27	65	79	98	105	109	115	128	167	196	406	#
809	1132.15	19	40	55	74	147	151	185	191	193	212	214	241	247	248	406	#
810	1126.18	22	27	32	53	70	73	78	84	91	107	165	194	199	213	406	#
811	54.9323	179	#
812	1460.56	0	2	4	25	27	61	69	76	85	99	105	111	112	136	140	153	183	184	202	203	239	248	407	#
813	1821.21	1	13	36	72	74	81	84	90	102	105	114	120	124	145	153	154	165	182	212	219	242	249	407	#
814	1776.69	0	27	34	40	92	106	117	143	146	147	149	151	171	173	176	190	193	196	203	206	212	234	407	#
815	1741.18	14	15	22	27	51	59	65	76	80	89	94	99	121	124	132	134	142	171	179	193	216	240	407	#
816	1681.16	18	29	59	68	99	103	118	126	127	137	144	149	163	183	186	196	206	211	216	225	232	249	407	#
817	1679.32	34	46	60	70	72	79	99	125	147	154	162	184	187	191	193	202	206	210	220	225	231	248	407	#
818	390.535	2	79	89	94	140	162	213	408	#
819	572.316	50	78	100	143	162	187	198	408	#
820	529.634	79	96	175	193	211	230	253	408	#
821	502.492	72	103	138	179	198	213	237	408	#
822	459.526	56	76	94	140	198	205	224	408	#
823	430.767	2	36	102	121	154	190	226	408	#
824	764.196	3	17	21	22	39	71	85	101	163	243	248	409	#
825	997.371	9	44	72	85	110	141	180	195	234	246	253	409	#
826	947.267	12	14	60	83	93	170	180	192	196	198	243	409	#
827	945.956	21	22	51	81	135	141	156	159	170	189	206	409	#
828	869.162	17	51	53	56	83	97	133	135	139	184	192	409	#
829	848.927	71	73	81	91	142	152	180	190	223	240	250	409	#
830	308.899	72	106	132	203	410	#
831	409.474	1	72	137	156	410	#
832	313.134	1	29	132	133	410	#
833	296.221	92	141	149	203	410	#
834	275.005	98	106	164	180	410	#
835	378.239	24	36	122	138	253	411	#
836	440.851	24	72	85	130	210	411	#
837	434.786	24	70	84	247	253	411	#
838	423.829	36	51	57	92	178	411	#
839	333.997	122	151	189	201	216	411	#
840	313.788	6	37	73	129	138	411	#
841	1398.34	7	13	23	57	78	94	99	107	116	123	154	168	170	173	183	188	193	199	200	202	240	241	251	412	#
842	1967.55	6	20	22	54	58	70	78	86	91	117	134	139	157	161	171	180	197	200	217	218	232	242	255	412	#
843	1773.97	9	14	44	45	57	58	63	72	73	94	98	109	112	116	123	154	158	173	191	197	220	229	255	412	#
844	1768.05	3	10	18	38	39	44	45	60	63	74	78	103	104	112	116	132	170	174	199	211	243	244	253	412	#
845	1754.55	11	20	24	71	83	95	97	104	107	122	131	132	134	146	164	169	171	183	186	190	198	206	217	412	#
846	1749.17	8	17	22	24	40	44	71	89	91	94	103	104	114	135	143	160	168	179	188	202	205	241	247	412	#
847	1962.76	1	2	11	13	15	30	32	67	81	83	95	100	109	139	157	172	175	181	187	197	201	209	224	239	244	247	413	#
848	2339.45	15	16	18	28	39	54	61	65	72	74	99	102	111	122	126	130	132	134	142	180	184	191	195	212	239	253	413	#
849	2123.25	0	1	3	8	13	16	32	39	61	65	74	114	121	142	151	169	172	180	190	204	209	220	224	230	232	238	413	#
850	2060.64	3	6	26	27	30	34	39	41	44	55	65	67	105	127	134	153	165	166	167	172	186	197	213	219	232	253	413	#
851	2043.7	1	4	13	34	50	62	67	81	99	114	130	133	168	169	175	180	181	183	189	194	199	225	238	240	248	253	413	#
852	2010.71	0	2	11	13	16	20	24	38	39	58	73	106	110	111	122	127	133	138	154	161	167	175	181	186	187	201	413	#
853	288.317	18	193	199	414	#
854	334.407	14	18	125	414	#
855	194.146	39	41	193	414	#
856	193.951	199	230	243	414	#
857	895.819	12	19	23	43	45	62	88	109	150	158	191	210	217	227	249	415	#
858	1341.35	1	10	27	28	65	94	102	109	118	130	141	162	198	220	247	415	#
859	1304.42	28	32	58	109	110	112	114	125	158	166	168	211	229	232	254	415	#
860	1244.36	22	50	72	111	116	125	143	163	185	190	191	192	221	236	240	415	#
861	1229.43	1	23	41	45	53	79	137	141	156	166	176	178	186	192	197	415	#
862	1201.18	22	26	57	65	71	84	88	94	109	157	167	198	212	223	240	415	#
863	256.508	10	157	182	416	#
864	295.558	157	161	220	416	#
865	260.371	10	131	180	416	#
866	188.833	23	38	182	416	#
867	1994.54	41	44	54	69	70	82	94	99	128	143	144	151	156	159	182	184	190	215	230	232	246	255	417	#
868	2084.68	22	30	34	44	58	89	91	94	117	120	127	131	156	172	194	196	199	232	233	234	246	255	417	#
869	2005.96	14	18	26	39	51	54	79	100	107	111	127	134	135	147	157	166	227	231	232	234	235	242	417	#
870	1839.03	25	32	45	83	90	100	108	112	117	122	126	128	130	143	147	159	194	206	212	218	234	249	417	#
871	1838.06	15	38	45	46	50	61	87	91	94	111	112	117	120	144	171	201	218	221	222	231	233	253	417	#
872	1786.5	21	33	40	45	56	67	94	120	121	134	147	151	157	174	182	198	202	203	227	234	246	255	417	#
873	884.105	30	35	42	44	49	83	110	119	129	139	147	170	175	177	213	225	418	#
874	1269.32	2	11	28	45	77	79	119	125	153	163	176	179	182	231	245	252	418	#
875	1238.88	3	83	85	97	127	143	158	161	167	170	180	189	223	224	225	242	418	#
876	1234.66	5	16	67	85	90	97	114	132	143	149	193	206	212	213	233	240	418	#
877	1198.37	35	43	44	81	86	89	132	152	169	173	176	177	185	189	217	221	418	#
878	1183.74	49	85	90	92	105	114	122	124	132	139	141	152	164	204	214	233	418	#
879	356.746	8	45	47	70	112	113	419	#
880	504.911	18	43	45	109	161	235	419	#
881	448.201	8	145	164	199	229	244	419	#
882	434.64	47	55	56	78	113	227	419	#
883	371.579	50	53	70	103	220	227	419	#
884	357.492	29	49	72	112	196	252	419	#
885	1207.23	31	35	51	70	72	73	78	90	100	109	111	122	129	152	198	200	217	220	236	420	#
886	1569.53	10	19	21	31	35	60	70	94	99	103	107	151	159	162	174	177	208	240	243	420	#
887	1551.58	13	19	36	54	89	92	99	103	116	117	118	122	131	133	177	198	202	222	240	420	#
888	1525.93	0	31	45	73	76	90	94	98	103	105	109	112	121	123	124	172	188	209	237	420	#
889	1501.77	17	27	32	45	103	106	111	123	141	144	151	154	183	186	191	208	223	236	240	420	#
890	1475.56	2	16	37	46	51	56	60	65	72	76	101	134	149	198	200	202	227	249	253	420	#
891	1020.2	18	24	55	60	75	102	132	161	194	211	247	421	#
892	989.132	2	13	44	82	133	171	178	183	186	211	247	421	#
893	972.347	8	50	75	79	117	132	145	186	194	232	249	421	#
894	937.835	13	73	99	100	114	156	198	205	206	219	247	421	#
895	886.828	18	48	57	113	117	154	161	169	172	179	227	421	#
896	878.881	13	24	58	59	128	129	131	138	140	151	237	421	#
897	136.108	12	226	251	422	#
898	150.624	12	76	166	422	#
899	13.8766	78	#
900	143.849	126	204	206	423	#
901	195.476	20	190	206	423	#
902	178.249	93	95	204	423	#
903	1619.25	4	6	9	19	37	44	45	61	62	67	69	98	105	115	118	133	147	154	157	161	203	207	223	241	243	424	#
904	2081.79	37	57	70	72	83	98	100	106	118	125	159	164	175	179	186	187	188	193	206	212	215	238	245	246	247	424	#
905	2052.27	18	27	36	45	50	63	65	84	89	98	106	114	133	136	143	150	164	171	188	204	207	211	227	241	252	424	#
906	1997.54	1	15	22	27	38	48	76	83	98	100	105	132	145	148	159	173	186	188	192	206	236	237	241	246	255	424	#
907	1993.94	24	47	62	66	72	77	88	91	93	100	111	136	142	143	144	146	147	157	159	161	223	233	246	247	250	424	#
908	1933.7	6	9	11	26	27	60	62	65	76	82	89	91	94	100	105	108	128	133	148	211	224	240	249	251	252	424	#
909	254.398	38	131	149	158	425	#
910	355.293	115	123	131	196	425	#
911	331.852	79	115	149	156	425	#
912	325.574	51	158	232	235	425	#
913	152.535	34	38	102	169	425	#
914	191.915	24	83	250	426	#
915	233.462	15	86	250	426	#
916	208.662	24	214	255	426	#
917	1262.78	42	45	61	72	88	100	109	142	152	169	176	187	222	223	224	234	239	427	#
918	1323.24	25	40	57	62	145	153	176	181	191	194	198	210	222	238	240	247	251	427	#
919	1317.37	57	68	80	87	110	131	152	155	166	174	181	185	197	224	229	239	245	427	#
920	1277.95	6	8	31	57	58	75	98	142	144	152	155	199	202	208	216	224	234	427	#
921	1266.99	23	28	40	76	97	109	123	148	152	154	178	180	187	190	194	202	211	427	#
922	1165.31	1	9	16	70	88	95	100	102	109	120	153	176	178	187	208	211	246	427	#
923	1418.37	2	21	40	48	61	62	68	78	87	89	100	114	115	133	135	142	146	150	158	160	166	177	183	218	223	225	241	428	#
924	2116.24	6	23	38	41	45	52	53	57	59	78	83	100	102	119	135	141	142	159	161	164	176	187	199	206	227	239	255	428	#
925	2092.38	0	7	10	12	13	14	23	36	38	45	50	52	105	127	132	133	157	160	175	176	179	181	202	218	220	239	244	428	#
926	2075.7	2	4	14	33	35	38	43	45	66	76	86	88	102	105	120	121	136	141	150	159	168	177	195	199	218	239	244	428	#
927	2060.42	0	2	10	14	39	45	62	67	68	76	77	93	108	115	138	152	156	157	161	175	189	199	207	212	225	226	228	428	#
928	2028.19	32	38	40	59	62	71	73	74	93	113	117	127	138	142	146	148	153	158	160	188	191	199	211	213	214	238	239	428	#
929	431.497	133	200	219	240	246	429	#
930	488.975	65	70	92	235	240	429	#
931	300.931	11	219	246	247	248	429	#
932	283.192	98	133	138	220	241	429	#
933	250.775	13	22	63	78	200	429	#
934	168.606	47	147	188	237	246	429	#
935	281.387	4	51	62	430	#
936	280.455	46	51	238	430	#
937	245.642	4	14	24	430	#
938	182.113	62	87	121	430	#
939	1566.36	4	12	48	84	116	118	121	123	128	142	150	180	182	188	193	198	227	228	231	246	253	431	#
940	1757.3	44	61	65	66	80	87	111	116	123	125	153	154	182	184	188	189	217	227	231	243	247	431	#
941	1687.75	9	18	40	52	60	71	143	150	156	163	167	179	187	189	198	205	221	227	228	234	249	431	#
942	1675.48	15	18	47	77	109	116	118	119	124	145	146	157	158	163	179	190	193	201	211	221	230	431	#
943	1646.01	1	4	7	10	68	98	106	128	143	151	172	191	193	223	231	233	234	235	245	246	254	431	#
944	1615.84	13	27	31	37	46	47	56	84	111	165	173	184	186	188	193	222	227	231	239	253	255	431	#
945	734.084	26	68	116	122	136	143	166	170	217	241	432	#
946	866.271	60	93	106	122	130	161	185	189	203	242	432	#
947	863.9	20	31	45	59	74	119	163	170	181	227	432	#
948	828.345	13	24	25	38	102	130	175	183	238	241	432	#
949	710.593	9	32	35	57	61	76	109	116	189	217	432	#
950	624.74	69	95	117	119	135	136	182	184	237	245	432	#
951	76.6383	66	204	#
952	99.7492	207	214	433	#
953	103.141	164	214	433	#
954	159.24	1	148	172	434	#
955	143.697	1	112	181	434	#
956	141.013	24	124	148	434	#
957	378.548	108	168	170	225	243	246	435	#
958	558.24	128	136	163	168	193	246	435	#
959	489.093	80	124	148	178	183	246	435	#
960	481.383	4	81	132	225	228	243	435	#
961	428.682	10	31	80	132	162	243	435	#
962	372.799	16	33	67	108	150	230	435	#
963	1448.61	21	23	26	45	53	66	93	102	105	133	141	145	146	148	152	157	177	192	211	223	240	245	436	#
964	1917.76	13	37	43	56	74	75	79	98	105	112	123	124	131	146	163	165	185	190	192	211	228	232	436	#
965	1745.8	7	9	17	21	24	50	51	58	85	93	97	118	120	131	140	157	208	217	225	241	250	254	436	#
966	1694.64	9	39	51	52	58	81	86	97	105	118	121	126	130	164	177	203	216	217	219	223	240	246	436	#
967	1668.84	14	17	51	66	84	85	90	93	97	101	104	118	136	148	164	165	166	178	191	223	224	234	436	#
968	1622.92	8	13	15	26	33	35	40	68	75	78	105	113	120	160	173	205	206	224	230	237	251	253	436	#
969	299.493	97	101	179	437	#
970	291.192	20	152	179	437	#
971	215.664	12	97	245	437	#
972	206.292	70	101	251	437	#
973	1216.23	2	12	45	46	64	78	96	97	108	110	121	122	138	159	164	212	215	244	254	438	#
974	1547.73	2	4	23	39	73	91	100	110	113	119	122	124	131	142	159	185	190	212	254	438	#
975	1500.68	0	14	34	45	70	74	84	87	113	114	119	123	135	144	151	157	184	213	220	438	#
976	1481.76	9	14	27	37	63	64	92	96	123	125	156	162	173	216	219	225	231	233	241	438	#
977	1481.53	2	4	5	26	30	33	40	58	73	87	106	114	210	228	230	231	242	248	249	438	#
978	1473.4	6	26	34	40	56	64	84	104	125	128	138	170	177	193	212	224	230	231	233	438	#
979	254.211	5	15	77	439	#
980	291.779	45	77	171	439	#
981	197.086	15	52	243	439	#
982	151.646	5	94	154	439	#
983	998.17	16	51	89	111	119	123	126	161	164	173	208	216	230	232	440	#
984	1302.22	18	61	91	108	156	161	163	164	179	188	199	230	234	248	440	#
985	1121.48	7	46	51	81	89	91	95	106	109	161	189	207	220	232	440	#
986	1045.39	16	33	43	63	95	96	98	104	110	124	163	191	221	230	440	#
987	1018.15	22	46	50	54	60	76	78	119	121	123	126	140	225	242	440	#
988	983.096	51	66	80	83	93	101	108	130	135	150	154	163	166	189	440	#
989	121.669	1	#
990	1354.69	0	2	51	75	93	104	105	108	122	140	146	165	180	181	184	191	197	221	222	441	#
991	1563.74	11	35	75	80	93	105	120	124	126	156	157	162	173	179	180	199	218	223	246	441	#
992	1537.16	19	22	26	44	45	50	51	92	132	145	163	165	175	197	201	213	221	228	231	441	#
993	1529.34	17	38	43	45	50	54	77	82	104	124	151	152	160	177	179	193	202	230	242	441	#
994	1521.56	0	60	76	78	81	83	91	93	126	133	165	167	177	186	187	216	218	222	241	441	#
995	1509.45	23	33	41	51	73	111	113	123	140	146	157	158	182	184	186	189	213	216	241	441	#
996	291.117	53	141	230	442	#
997	291.746	135	230	232	442	#
998	208.053	141	228	243	442	#
999	202.897	53	187	254	442	#
