%% File generated by CATS v.2.1Fri Dec 18 21:48:20 2020

%% The CATS webpage is http://robotics.stanford.edu/CATS

%% PARAMETER SETTINGS:
% Goods: 256; Bids: 1000; Distribution: arbitrary-npv; Runs: 1; Seed: 1608360174
% Arbitrary Distribution Parameters:
% Max Substitutable Bids = 5
% Removing HV Neighbor   = 0.1
% Adding DIAG Neighbor   = 0.2
% Additional Location    = 0.9
% Additivity             = 0.2
% Budget Factor          = 1.5
% Resale Factor          = 0.5
% Normal Private Value:
%   Mean                 = 0
%   Standard Deviation   = 30



goods 256
bids 1001
dummy 198

0	142.987	43	133	256	#
1	125.664	43	80	256	#
2	501.587	30	63	80	81	134	136	150	255	257	#
3	750.174	32	41	109	142	150	213	239	254	257	#
4	687.525	7	30	40	63	124	140	162	214	257	#
5	556.551	97	155	183	199	212	219	233	255	257	#
6	508.087	2	30	70	100	177	189	191	196	257	#
7	506.721	20	31	41	66	122	136	165	219	257	#
8	1316.14	2	5	15	23	49	75	91	124	125	126	128	199	214	215	216	219	228	234	242	248	258	#
9	1694.11	33	34	59	61	76	118	124	140	167	197	212	216	218	219	220	221	234	238	242	253	258	#
10	1668.45	23	29	37	40	44	48	49	50	70	104	111	124	149	168	172	177	188	198	202	221	258	#
11	1633.02	5	21	24	29	44	63	102	110	117	124	126	132	159	165	174	175	182	209	210	216	258	#
12	1542.25	30	35	44	51	53	60	72	83	91	105	153	165	167	172	176	179	187	189	194	248	258	#
13	1529.33	6	11	31	43	59	61	65	75	80	84	126	169	172	179	191	217	219	226	231	234	258	#
14	119.568	113	144	259	#
15	62.9998	32	144	259	#
16	720.463	2	20	72	104	113	123	158	160	167	239	260	#
17	985.163	18	30	95	112	113	124	156	177	182	247	260	#
18	967.862	2	82	114	116	119	135	175	189	213	222	260	#
19	807.34	32	42	59	68	134	145	158	163	176	189	260	#
20	800.289	26	44	71	86	104	120	125	152	162	201	260	#
21	759.937	19	20	71	86	89	99	146	167	181	254	260	#
22	162.745	69	91	97	261	#
23	54.4659	97	163	237	261	#
24	535.395	34	46	93	100	192	208	220	244	262	#
25	724.63	5	67	93	137	141	142	150	192	262	#
26	642.606	3	20	34	41	130	196	213	243	262	#
27	569.885	33	73	100	107	142	167	204	248	262	#
28	501.036	57	91	101	128	184	236	244	245	262	#
29	477.559	2	16	42	46	56	63	103	175	262	#
30	397.681	16	19	71	151	239	263	#
31	416.225	19	95	103	151	205	263	#
32	408.556	78	114	141	177	239	263	#
33	332.552	0	41	56	151	171	263	#
34	240.005	57	71	157	175	244	263	#
35	225.085	16	31	109	206	238	263	#
36	1250.3	3	13	42	48	52	62	77	87	101	125	129	131	156	157	187	190	204	210	211	264	#
37	1674.55	31	32	33	52	80	88	89	121	131	134	154	195	206	211	215	222	231	234	251	264	#
38	1650.07	13	18	29	31	35	64	65	75	78	93	119	153	154	157	178	180	186	224	245	264	#
39	1647.87	5	34	35	58	99	100	103	105	110	127	129	130	131	158	162	201	208	209	242	264	#
40	1580.93	4	17	52	65	79	81	105	106	144	154	155	158	168	199	204	209	220	235	240	264	#
41	1566.81	5	22	32	48	56	88	89	91	101	106	121	130	157	158	179	193	206	248	250	264	#
42	3079.82	12	19	22	28	29	37	39	41	47	51	63	67	68	82	83	84	98	103	118	120	123	128	146	160	164	174	182	183	185	194	199	204	208	209	232	254	255	265	#
43	3215.15	5	8	9	16	19	20	28	29	30	43	44	48	53	54	55	65	75	88	98	102	117	119	121	148	164	170	175	178	211	221	226	229	236	237	242	247	255	265	#
44	3186.6	1	15	43	44	46	47	49	52	54	86	87	92	94	100	107	112	113	114	130	134	145	155	160	164	174	195	196	198	201	202	209	224	229	233	236	240	255	265	#
45	3162.03	9	15	19	36	49	52	55	58	62	67	69	75	82	89	95	105	106	115	116	124	128	134	141	148	151	159	179	183	187	196	203	205	220	223	236	241	253	265	#
46	3100.81	4	12	19	24	29	30	37	42	50	52	59	64	71	82	98	117	137	140	150	151	165	181	185	187	192	193	197	198	200	202	208	211	227	235	250	254	255	265	#
47	3066.98	18	19	26	28	30	44	46	48	62	63	64	65	67	76	80	82	108	112	124	134	135	145	153	155	161	170	179	180	202	205	211	223	224	228	236	243	249	265	#
48	1029.66	12	20	36	40	62	73	76	91	101	115	117	145	149	152	167	172	187	196	212	255	266	#
49	1481.57	1	46	71	76	85	92	95	98	102	122	138	151	159	201	202	222	223	226	236	248	266	#
50	1443.64	3	4	28	36	51	73	87	92	93	114	120	140	158	165	178	196	210	214	223	237	266	#
51	1383.33	24	28	37	48	53	62	66	87	88	95	100	142	152	159	165	187	198	202	219	224	266	#
52	1360.38	3	6	8	16	20	29	53	60	77	84	88	103	105	117	142	148	159	193	196	216	266	#
53	1351.24	21	24	35	40	43	77	108	116	119	123	129	149	167	191	219	222	223	235	238	244	266	#
54	105.274	223	#
55	434.162	17	52	175	186	190	267	#
56	447.46	11	122	140	157	190	267	#
57	394.961	33	58	67	102	186	267	#
58	377.792	11	52	74	158	198	267	#
59	313.202	0	17	136	141	222	267	#
60	201.698	48	80	175	248	255	267	#
61	24.5213	224	#
62	290.667	12	106	118	183	268	#
63	341.911	85	134	154	183	268	#
64	294.665	0	12	14	52	268	#
65	291.852	118	177	237	243	268	#
66	187.13	5	10	53	106	268	#
67	1564.77	5	28	49	56	81	106	119	129	159	172	176	197	209	214	224	230	234	237	242	254	269	#
68	1647.01	22	50	52	75	92	102	106	119	125	134	148	154	182	190	210	225	234	242	243	252	269	#
69	1433.27	3	11	16	35	47	87	93	100	101	104	122	124	142	183	186	189	209	225	230	244	269	#
70	1396.72	3	15	32	46	56	63	74	75	83	102	131	154	155	164	173	181	192	224	225	244	269	#
71	1388.19	5	18	25	28	32	33	53	57	80	81	107	121	123	129	172	174	211	214	247	252	269	#
72	1385.4	3	5	26	42	48	49	56	89	126	133	161	190	191	201	208	227	229	233	234	243	269	#
73	400.514	10	19	21	23	41	105	197	250	270	#
74	595.357	41	45	66	82	92	202	213	246	270	#
75	575.835	4	23	52	156	174	190	236	240	270	#
76	526.236	5	43	45	115	123	197	216	230	270	#
77	454.444	11	21	34	97	196	199	224	250	270	#
78	374.27	21	32	34	59	73	132	147	233	270	#
79	893.935	2	6	31	48	100	113	140	173	192	211	231	271	#
80	903.696	18	32	56	57	99	100	102	144	165	231	236	271	#
81	890.456	48	51	57	77	91	100	104	107	113	175	195	271	#
82	818.163	9	42	72	94	100	119	124	166	172	233	235	271	#
83	793.748	11	31	67	92	106	124	133	139	140	165	184	271	#
84	749.194	13	52	74	107	117	119	137	140	192	232	244	271	#
85	392.095	33	44	99	106	122	179	214	223	251	272	#
86	549.397	13	32	56	119	122	146	147	212	240	272	#
87	541.899	45	67	68	85	140	141	183	223	245	272	#
88	436.58	19	30	92	118	141	160	173	214	246	272	#
89	363.633	12	33	35	136	150	182	183	184	237	272	#
90	313.346	62	64	109	123	135	179	183	218	242	272	#
91	699.064	140	142	152	156	202	214	234	235	273	#
92	765.971	1	106	113	140	177	204	222	239	273	#
93	733.03	3	82	88	144	188	234	252	253	273	#
94	607.175	31	58	63	114	115	152	200	252	273	#
95	595.1	53	60	98	105	142	170	172	239	273	#
96	565.717	25	37	49	54	99	145	157	235	273	#
97	1204.71	12	21	63	64	80	88	89	92	114	115	121	135	151	164	171	189	206	231	274	#
98	1475.91	0	1	35	64	89	91	106	112	126	127	135	148	164	197	216	217	233	253	274	#
99	1286.3	2	3	8	39	67	70	82	98	99	102	104	115	128	153	215	218	244	254	274	#
100	1269.47	12	37	49	52	58	70	89	109	118	137	147	169	174	212	222	227	232	240	274	#
101	1233.14	38	52	72	77	83	86	88	102	113	121	161	169	173	182	198	212	233	243	274	#
102	1220.1	12	23	24	38	53	58	93	118	135	142	163	181	189	216	226	235	241	255	274	#
103	653.244	6	51	77	100	101	110	138	157	275	#
104	832.918	19	58	68	77	156	172	213	224	275	#
105	688.041	24	100	148	180	183	222	232	250	275	#
106	582.228	21	51	62	109	183	202	244	255	275	#
107	570.274	5	68	69	127	152	157	173	215	275	#
108	555.576	1	50	80	110	156	175	195	204	275	#
109	120.795	82	#
110	390.094	22	44	86	122	136	255	276	#
111	522.185	22	103	112	207	225	233	276	#
112	505.473	3	98	138	225	246	255	276	#
113	449.617	44	76	103	156	212	220	276	#
114	404.956	7	86	141	162	201	209	276	#
115	379.935	22	41	98	136	214	238	276	#
116	346.744	8	32	53	109	277	#
117	351.345	32	113	176	178	277	#
118	330.071	8	32	113	180	277	#
119	291.475	6	56	69	109	277	#
120	220.104	53	89	98	119	277	#
121	3418.18	2	13	16	19	21	32	38	41	49	51	56	79	84	90	105	107	109	110	118	123	126	132	137	159	165	174	175	182	194	196	205	213	218	220	222	224	226	234	238	243	278	#
122	3838.22	11	16	17	26	37	44	50	59	60	67	70	82	94	104	107	110	111	119	124	140	141	142	143	158	163	165	168	175	177	180	182	192	204	205	213	216	229	236	242	243	278	#
123	3487.8	3	9	12	13	14	18	26	27	37	41	54	58	63	79	93	107	110	111	124	127	131	134	151	155	157	164	168	169	181	182	189	203	204	205	213	214	225	226	239	246	278	#
124	3454.21	12	13	17	27	31	37	41	45	47	48	51	58	59	60	67	69	88	100	105	106	113	117	119	135	147	159	163	172	173	176	178	183	196	206	207	208	212	219	233	251	278	#
125	3447.81	13	17	27	30	34	52	58	62	68	69	78	79	82	85	87	94	113	114	130	132	139	143	149	156	160	172	182	183	192	196	200	201	204	205	212	222	223	224	225	251	278	#
126	3411.77	16	17	19	32	38	40	44	58	59	61	75	76	78	79	95	102	113	115	118	125	128	131	135	142	148	162	164	166	176	182	210	213	219	221	225	227	232	234	251	252	278	#
127	127.37	8	146	279	#
128	11.7533	7	8	279	#
129	379.815	1	94	137	168	170	177	249	252	280	#
130	500.923	7	12	177	188	196	214	234	241	280	#
131	487.905	16	31	115	137	165	222	237	253	280	#
132	389.023	12	14	108	132	136	153	168	180	280	#
133	388.117	170	193	204	217	227	249	252	255	280	#
134	384.116	2	100	116	136	143	145	187	249	280	#
135	131.784	27	71	96	110	129	281	#
136	169.798	2	34	106	110	141	281	#
137	157.215	75	129	138	157	201	281	#
138	777.898	48	59	97	105	121	162	164	181	189	205	242	282	#
139	1131.95	12	18	24	30	132	176	177	181	190	205	238	282	#
140	1005.05	26	38	61	85	122	130	136	171	181	234	245	282	#
141	871.207	4	48	53	80	114	142	144	221	222	243	246	282	#
142	813.62	5	71	87	103	125	132	133	143	191	205	242	282	#
143	799.032	26	59	84	107	119	138	139	149	189	223	244	282	#
144	898.508	2	3	12	21	114	128	133	189	245	248	283	#
145	907.574	16	24	49	100	110	112	156	220	225	248	283	#
146	807.802	3	12	69	75	88	134	197	203	205	221	283	#
147	742.376	3	25	29	44	72	140	157	179	202	229	283	#
148	735.809	0	2	3	17	51	81	141	151	248	255	283	#
149	703.629	4	21	30	35	56	81	92	104	148	249	283	#
150	1803.66	5	11	15	16	47	57	81	83	89	90	91	99	123	134	157	163	188	190	193	194	218	220	284	#
151	2048.06	13	18	28	35	55	57	81	100	110	112	114	125	132	137	149	166	192	208	209	213	237	240	284	#
152	2019.37	5	11	13	16	49	62	67	69	70	73	76	88	90	94	97	124	173	179	184	189	206	221	284	#
153	1958.72	5	29	33	45	47	59	65	100	113	125	155	157	187	197	207	209	220	221	222	223	231	251	284	#
154	1846.47	12	20	35	45	57	68	76	84	90	91	98	99	111	112	117	128	129	173	176	194	196	219	284	#
155	1807.97	4	11	15	26	29	44	45	56	57	67	69	101	102	126	156	160	171	182	190	198	213	236	284	#
156	173.486	8	60	130	#
157	390.049	22	86	181	223	285	#
158	528.687	19	83	86	135	285	#
159	340.726	22	128	197	232	285	#
160	301.7	53	129	163	181	285	#
161	210.434	21	101	203	223	285	#
162	740.141	16	58	66	80	82	122	131	143	164	168	196	210	234	246	286	#
163	1031.49	86	122	146	164	169	180	185	187	200	202	205	214	237	241	286	#
164	1013.55	4	64	91	93	94	100	123	143	153	184	185	210	216	245	286	#
165	985.456	15	17	44	51	63	74	82	84	93	99	143	206	218	248	286	#
166	938.161	13	16	17	34	36	51	66	103	147	192	210	213	223	255	286	#
167	911.526	20	35	54	80	99	123	125	131	134	142	143	146	184	235	286	#
168	55.6479	72	#
169	713.826	18	68	111	144	165	171	216	246	287	#
170	676.43	14	79	92	101	171	181	189	245	287	#
171	669.978	9	18	58	96	159	165	185	249	287	#
172	630.56	1	48	52	118	151	216	243	251	287	#
173	608.476	18	35	75	144	212	223	230	241	287	#
174	567.754	19	37	61	68	103	115	123	140	287	#
175	323.669	136	174	182	210	288	#
176	393.717	30	112	179	210	288	#
177	373.304	116	120	182	209	288	#
178	297.184	46	87	136	253	288	#
179	164.86	135	145	289	#
180	196.098	65	145	289	#
181	83.753	74	135	289	#
182	446.17	34	87	95	111	141	146	158	240	255	290	#
183	559.364	6	31	109	111	136	142	153	155	233	290	#
184	555.647	26	81	91	181	222	245	246	251	255	290	#
185	524.555	2	34	78	88	91	107	156	191	252	290	#
186	448.795	25	58	88	91	154	155	211	240	254	290	#
187	336.142	83	95	98	144	149	150	158	176	236	290	#
188	1701.08	22	41	48	52	61	62	66	67	88	94	97	112	147	161	166	169	178	184	199	212	216	251	252	291	#
189	1683.03	17	21	30	39	41	48	55	86	90	95	102	122	125	129	135	146	154	190	193	205	207	234	250	291	#
190	1621.44	13	24	40	58	68	78	85	111	118	119	147	156	160	166	177	193	197	210	212	235	238	239	243	291	#
191	1615.43	2	10	12	25	34	44	106	107	115	128	166	167	174	175	180	182	184	188	205	223	224	253	255	291	#
192	1599.22	10	14	16	49	62	71	75	83	95	103	132	133	134	142	166	186	187	192	197	220	238	239	246	291	#
193	1578.75	15	16	22	44	46	55	60	70	95	99	106	112	125	147	150	178	179	186	195	199	215	243	247	291	#
194	392.709	27	46	117	170	292	#
195	443.236	40	95	117	169	292	#
196	374.079	28	170	212	225	292	#
197	359.795	46	52	114	151	292	#
198	267.605	27	183	223	230	292	#
199	205.421	20	40	114	250	293	#
200	297.555	37	112	114	128	293	#
201	282.748	21	40	153	229	293	#
202	198.898	9	138	226	250	293	#
203	189.244	20	104	123	184	293	#
204	230.619	39	187	294	#
205	174.77	187	202	294	#
206	146.717	39	194	294	#
207	408.98	12	21	40	135	186	191	295	#
208	547.254	40	98	137	237	246	255	295	#
209	501.085	60	135	145	197	204	211	295	#
210	409.721	21	60	139	148	202	237	295	#
211	367.737	12	54	60	172	173	221	295	#
212	303.035	2	55	120	173	191	223	295	#
213	317.319	129	146	209	296	#
214	301.899	146	189	239	296	#
215	251.946	129	173	191	296	#
216	241.135	131	158	209	296	#
217	116.735	45	78	84	183	#
218	340.48	23	116	153	206	297	#
219	278.649	153	166	181	207	297	#
220	244.012	14	47	116	152	297	#
221	171.664	45	178	184	206	297	#
222	138.897	22	23	204	222	297	#
223	57.3012	221	#
224	602.029	14	139	165	217	219	240	248	298	#
225	641.516	15	111	147	165	224	246	247	298	#
226	602.706	2	30	103	139	152	206	240	298	#
227	588.33	3	59	90	136	151	203	248	298	#
228	577.615	21	22	116	185	219	235	249	298	#
229	561.734	14	42	124	149	212	237	248	298	#
230	477.023	4	27	67	162	254	299	#
231	372.583	67	85	106	228	230	299	#
232	372.158	12	27	84	148	250	299	#
233	318.719	56	62	67	103	162	299	#
234	315.074	4	16	38	131	232	299	#
235	253.876	27	53	58	144	254	299	#
236	367.767	20	24	170	300	#
237	346.35	111	125	170	300	#
238	326.667	20	232	250	300	#
239	276.741	24	193	232	300	#
240	472.525	29	45	88	137	239	301	#
241	467.261	76	107	120	236	239	301	#
242	368.603	45	86	89	126	147	301	#
243	363.793	17	37	88	123	212	301	#
244	217.721	131	137	139	238	254	301	#
245	180.232	29	62	139	208	223	301	#
246	216.419	17	169	302	#
247	204.727	93	169	302	#
248	64.2064	17	206	302	#
249	397.85	30	118	130	225	303	#
250	510.649	26	195	213	225	303	#
251	250.353	118	203	228	244	303	#
252	231.452	8	119	130	189	303	#
253	218.173	30	44	71	185	303	#
254	420.371	81	82	90	127	169	304	#
255	577.462	10	11	82	139	201	304	#
256	467.393	90	111	197	208	233	304	#
257	361.426	57	169	204	208	223	304	#
258	334.19	10	22	120	127	213	304	#
259	218.955	18	70	81	144	145	304	#
260	3128.83	0	2	15	16	21	26	39	52	56	70	75	86	94	101	103	104	114	116	125	129	165	181	192	197	198	202	206	207	213	214	216	223	229	231	236	237	239	240	247	248	250	251	305	#
261	3588.77	6	17	20	24	28	30	31	44	56	78	92	94	100	106	108	114	115	116	117	122	127	128	139	145	147	155	160	168	182	184	202	222	223	228	229	230	231	233	236	237	244	248	305	#
262	3118.77	6	14	15	17	18	20	24	26	27	28	30	31	32	52	53	56	80	87	105	110	125	127	133	145	148	167	170	172	178	185	198	201	203	205	209	214	223	244	246	248	249	252	305	#
263	3094.5	4	11	17	18	19	20	21	22	26	27	32	56	72	76	84	87	94	96	101	108	110	112	122	132	139	143	146	173	184	185	187	203	205	210	229	232	233	235	236	237	246	252	305	#
264	3074.88	2	13	25	31	38	46	55	63	67	73	81	93	95	100	115	117	128	137	142	144	149	157	162	175	179	181	184	185	187	195	200	201	223	226	229	234	237	238	239	245	246	251	305	#
265	2995.78	3	4	13	18	30	35	42	44	45	51	52	57	64	75	82	87	99	102	103	111	118	122	128	129	137	169	175	183	184	185	195	204	207	213	214	215	220	224	229	235	245	248	305	#
266	606.902	35	45	102	166	171	179	183	184	226	306	#
267	825.749	10	32	128	133	145	171	182	184	209	306	#
268	712.236	42	106	119	145	166	175	205	209	215	306	#
269	703.225	14	26	54	91	184	193	220	243	251	306	#
270	639.78	22	27	54	73	118	128	211	225	226	306	#
271	600.171	32	35	65	89	101	181	193	234	242	306	#
272	138.416	111	#
273	159.374	21	38	176	355	#
274	61.8045	81	88	#
275	583.903	6	54	127	190	191	207	308	#
276	581.029	6	60	67	151	180	240	308	#
277	428.636	11	25	57	81	162	190	308	#
278	384.334	22	38	95	101	190	207	308	#
279	357.789	54	77	81	169	213	240	308	#
280	336.631	23	47	50	127	166	180	308	#
281	684.118	4	13	56	67	125	157	158	168	175	203	214	215	236	309	#
282	978.047	40	49	67	79	94	111	145	154	163	184	190	196	244	309	#
283	891.695	23	39	56	90	129	144	146	201	203	218	233	247	249	309	#
284	827.897	10	16	28	47	65	82	83	125	146	178	189	216	231	309	#
285	819.518	4	9	19	32	51	54	55	128	156	162	166	197	237	309	#
286	781.991	4	36	48	74	116	157	161	178	184	186	221	223	231	309	#
287	154.006	82	102	310	#
288	180.786	82	122	310	#
289	102.732	44	102	310	#
290	285.393	32	121	151	198	311	#
291	375.993	121	176	181	201	311	#
292	290.028	25	151	164	235	311	#
293	203.419	2	32	47	81	311	#
294	167.415	92	139	312	#
295	152.025	113	139	312	#
296	132.349	53	92	312	#
297	272.47	53	57	79	103	313	#
298	372.224	53	59	147	184	313	#
299	270.096	14	57	181	223	313	#
300	228.27	79	80	144	199	313	#
301	173.173	76	96	103	229	313	#
302	837.489	33	48	67	94	147	155	192	210	231	247	314	#
303	954.182	17	39	48	116	128	148	169	202	203	235	314	#
304	793.989	55	67	126	132	137	147	149	158	173	230	314	#
305	738.957	14	30	51	67	80	86	154	193	194	242	314	#
306	685.688	24	40	57	94	123	145	149	163	210	236	314	#
307	677.034	77	83	94	121	139	150	155	190	191	197	314	#
308	278.273	20	99	178	208	212	315	#
309	392.92	46	78	171	212	233	315	#
310	384.638	74	115	120	153	208	315	#
311	359.274	27	99	213	230	250	315	#
312	349.273	3	20	77	179	242	315	#
313	234.665	93	136	178	195	245	315	#
314	70.201	73	#
315	1020.75	29	30	51	85	98	100	101	110	113	125	150	155	157	176	196	197	248	250	316	#
316	1416.99	26	39	40	47	58	97	121	137	155	190	196	206	220	229	230	231	234	235	316	#
317	1415.87	45	46	49	57	63	75	98	110	111	118	162	170	171	193	203	224	237	244	316	#
318	1395.68	2	7	24	29	32	63	83	85	116	117	119	168	173	189	201	203	229	254	316	#
319	1395.07	0	2	7	25	29	57	67	81	85	111	119	122	135	151	153	179	199	203	316	#
320	1377.94	9	10	29	30	33	46	59	80	86	94	127	136	141	164	170	180	227	251	316	#
321	638.014	0	27	67	99	102	126	222	243	317	#
322	767.948	6	32	40	50	168	188	224	243	317	#
323	641.097	49	51	70	151	168	207	222	241	317	#
324	475.648	9	20	31	34	92	123	126	174	317	#
325	461.218	20	45	46	67	100	107	154	242	317	#
326	438.987	0	32	105	161	163	184	187	234	317	#
327	75.9085	55	#
328	144.13	6	168	318	#
329	96.3869	14	168	318	#
330	734.195	55	74	91	124	129	154	171	244	248	253	319	#
331	843.592	21	35	64	72	103	104	191	229	248	252	319	#
332	809.541	6	54	55	86	93	107	111	149	225	247	319	#
333	784.784	27	52	82	83	86	95	128	203	240	244	319	#
334	771.057	3	39	68	105	129	154	216	235	247	251	319	#
335	726.115	66	99	104	139	140	144	171	193	195	247	319	#
336	53.1358	139	#
337	750.101	14	20	35	75	77	78	135	164	190	200	223	238	320	#
338	1053.13	35	57	58	105	118	135	154	156	201	203	204	216	320	#
339	986.489	70	78	102	119	121	159	186	193	203	216	233	238	320	#
340	980.635	26	61	67	81	84	106	140	147	190	204	243	245	320	#
341	856.408	4	63	67	72	107	138	147	200	214	217	222	224	320	#
342	830.683	7	28	77	87	89	106	107	164	179	213	229	238	320	#
343	199.099	74	165	321	#
344	172.684	165	173	321	#
345	103.049	74	127	321	#
346	69.3456	79	#
347	461.606	77	110	132	133	205	229	244	322	#
348	579.407	0	3	116	123	229	245	250	322	#
349	559.241	32	37	73	110	238	246	247	322	#
350	492.03	29	52	65	183	207	231	244	322	#
351	367.917	78	92	115	124	132	135	204	322	#
352	331.671	3	73	86	97	144	173	205	322	#
353	619.678	11	32	55	91	109	110	177	185	323	#
354	773.282	5	11	26	57	86	94	121	215	323	#
355	671.542	11	32	47	67	91	190	206	247	323	#
356	637.42	27	55	75	127	143	152	175	180	323	#
357	588.856	5	45	46	64	86	91	109	150	323	#
358	587.011	41	93	95	98	110	171	192	219	323	#
359	1005.65	17	19	37	43	89	104	118	153	166	173	205	241	246	324	#
360	1114.28	13	15	32	69	112	114	118	129	148	156	211	218	248	324	#
361	1005.95	4	5	25	47	84	85	104	127	128	163	167	173	212	324	#
362	992.741	35	37	69	70	75	90	94	109	110	111	125	165	170	324	#
363	959.112	31	82	83	102	144	153	154	167	170	173	187	205	215	324	#
364	921.604	1	84	86	87	88	89	90	105	112	131	166	173	255	324	#
365	928.497	37	106	107	135	138	145	149	168	196	202	220	325	#
366	999.64	3	7	19	93	115	139	149	169	205	210	228	325	#
367	962.449	9	14	37	40	67	127	166	176	188	202	231	325	#
368	848.279	19	20	40	50	78	98	121	188	196	198	234	325	#
369	826.394	51	92	98	103	104	110	126	168	170	241	253	325	#
370	800.007	21	42	50	81	83	107	138	149	182	186	241	325	#
371	1901.26	0	11	13	22	28	43	46	49	50	93	104	119	143	155	162	181	194	196	202	204	213	253	326	#
372	1950	19	21	50	63	72	90	93	119	135	143	162	187	191	194	199	205	233	241	243	244	254	255	326	#
373	1906.64	22	40	46	69	71	90	97	106	124	142	146	163	179	184	189	191	203	205	206	208	217	229	326	#
374	1846.09	7	11	12	23	32	49	69	74	79	90	96	119	132	134	143	150	171	190	207	212	221	247	326	#
375	1776.97	4	27	55	75	78	88	97	99	114	162	164	165	173	175	181	184	185	203	204	205	209	255	326	#
376	1758.86	15	52	68	77	88	90	94	100	106	119	145	153	163	186	190	198	202	224	229	239	244	254	326	#
377	1388.99	15	19	44	68	75	76	82	95	97	113	119	121	133	141	162	171	176	189	193	236	247	327	#
378	1660.59	3	9	22	25	37	49	77	97	110	111	128	140	160	176	177	189	192	215	223	239	251	327	#
379	1637.4	1	27	30	39	49	75	85	91	96	100	144	146	147	155	157	185	206	214	236	241	251	327	#
380	1636.18	6	10	29	32	50	61	76	114	131	140	149	152	168	171	180	184	192	236	237	241	244	327	#
381	1615.24	11	27	28	36	51	68	69	75	76	95	101	115	153	176	203	208	224	240	242	243	247	327	#
382	1608.83	0	44	51	84	100	116	120	123	141	168	170	171	177	192	208	211	215	222	228	230	233	327	#
383	1027.09	18	34	49	51	65	95	122	128	154	159	190	220	236	248	251	255	328	#
384	1342	21	45	51	65	68	125	169	178	202	208	220	230	231	243	246	249	328	#
385	1164.66	8	9	31	41	43	57	66	77	148	149	159	170	181	198	212	214	328	#
386	1062.46	10	31	33	48	58	77	112	133	156	168	176	212	216	230	236	243	328	#
387	1036.95	8	18	30	48	66	109	116	138	143	170	190	192	199	248	249	255	328	#
388	1000.47	2	9	11	18	39	51	67	79	145	158	187	197	198	210	212	231	328	#
389	1321.86	43	55	65	80	85	93	100	107	136	137	156	161	164	168	184	199	203	216	221	236	254	329	#
390	1731.71	5	22	31	33	51	54	55	57	59	87	106	108	125	128	129	161	195	198	217	221	240	329	#
391	1672.04	13	16	24	38	65	67	71	77	97	107	113	115	119	137	181	192	195	196	198	212	222	329	#
392	1606.5	23	28	32	33	38	41	50	65	84	115	136	141	156	164	176	212	218	230	231	232	253	329	#
393	1556.21	5	19	54	70	80	85	94	124	131	143	145	152	169	190	204	223	230	233	246	247	253	329	#
394	1473.28	20	29	33	49	78	80	95	96	109	110	164	178	180	191	210	214	216	230	240	245	252	329	#
395	1915.62	1	3	5	12	20	31	32	38	43	62	65	71	72	76	81	91	94	95	96	98	104	108	117	158	163	193	194	209	210	234	242	249	251	330	#
396	2550.97	4	10	18	19	29	42	43	51	63	64	69	76	77	78	80	91	93	113	119	125	138	147	188	196	199	201	204	213	215	234	239	240	254	330	#
397	2484.78	11	13	24	25	30	39	48	50	73	77	78	97	102	113	114	121	124	147	159	163	168	193	202	209	214	215	223	227	234	239	250	251	254	330	#
398	2377.73	11	17	21	22	25	26	30	34	36	56	61	66	72	81	94	98	108	113	118	122	124	127	143	159	195	204	209	212	214	226	235	236	240	330	#
399	2347.38	3	13	37	39	41	49	64	66	69	70	71	81	102	118	120	121	128	132	135	140	151	163	173	174	184	188	193	203	205	236	241	244	253	330	#
400	2338.1	39	45	53	56	63	66	69	81	89	91	95	102	116	123	126	127	133	135	139	142	150	151	155	157	158	175	198	209	215	222	231	232	252	330	#
401	278.83	7	139	163	244	254	331	#
402	330.926	7	50	58	116	224	331	#
403	248.81	48	152	156	194	254	331	#
404	233.73	48	62	83	142	244	331	#
405	203.268	28	66	99	139	248	331	#
406	97.2824	180	#
407	354.551	2	60	76	161	252	332	#
408	447.269	2	17	144	220	231	332	#
409	417.02	60	76	147	170	231	332	#
410	382.28	6	31	35	60	129	332	#
411	224.764	89	133	169	189	252	332	#
412	215.072	143	161	176	222	252	332	#
413	327.048	40	93	216	217	220	333	#
414	433.697	58	60	94	121	216	333	#
415	422.44	60	78	93	147	236	333	#
416	308.053	79	93	133	184	220	333	#
417	307.227	39	40	108	158	244	333	#
418	234.515	22	81	127	217	230	333	#
419	2123.97	6	12	13	14	16	25	26	28	30	62	80	81	85	88	95	100	101	107	119	155	166	169	184	195	208	241	244	334	#
420	1980.49	12	13	53	81	85	99	106	118	127	148	154	166	169	176	177	185	186	192	196	198	199	219	232	241	252	254	255	334	#
421	1976.19	3	7	15	24	30	36	40	73	88	89	124	125	136	143	147	149	158	168	176	178	183	192	204	212	214	233	242	334	#
422	1943.14	14	28	30	40	47	52	63	64	65	77	80	82	83	91	113	133	141	147	155	179	189	214	219	223	225	234	241	334	#
423	1939.47	6	9	11	17	40	45	48	52	55	78	84	98	109	118	121	162	174	175	177	179	185	192	195	221	231	240	255	334	#
424	1929.72	29	34	37	46	48	81	82	86	89	92	100	125	133	137	153	158	171	172	177	184	206	224	234	237	241	253	255	334	#
425	246.368	14	87	250	335	#
426	299.025	87	161	224	335	#
427	144.941	14	55	238	335	#
428	52.3695	178	207	250	335	#
429	64.1993	12	#
430	1094.21	11	28	41	121	146	155	159	162	170	181	182	184	186	196	245	336	#
431	1201.32	3	11	19	20	58	132	148	183	185	210	241	243	247	253	255	336	#
432	1192.33	27	39	47	66	116	121	123	127	128	145	171	175	182	201	255	336	#
433	1181.19	6	82	99	106	123	145	146	151	162	172	183	208	226	239	254	336	#
434	1095.86	13	20	63	65	98	104	114	120	136	139	155	185	205	232	240	336	#
435	1054.13	39	48	91	92	115	140	146	161	178	182	196	202	213	233	243	336	#
436	211.073	7	78	110	158	337	#
437	226.532	73	78	182	192	337	#
438	213.561	31	110	217	254	337	#
439	87.9178	101	108	158	190	337	#
440	114.255	148	#
441	374.901	13	94	109	125	133	190	194	338	#
442	464.831	13	55	59	99	105	117	201	338	#
443	459.53	97	104	109	114	131	164	179	338	#
444	444.202	9	32	76	83	88	125	133	338	#
445	407.637	37	91	105	122	125	206	214	338	#
446	398.944	41	42	94	121	165	168	199	338	#
447	1.24875	31	168	#
448	536.196	74	124	135	201	232	253	339	#
449	733.285	4	117	119	177	190	232	339	#
450	481.558	29	51	101	129	171	253	339	#
451	440.459	52	95	108	119	124	252	339	#
452	439.748	78	112	135	184	241	251	339	#
453	249.678	17	70	71	201	207	220	339	#
454	483.971	18	41	55	69	80	205	226	230	340	#
455	684.591	17	19	154	169	191	193	209	226	340	#
456	614.553	41	74	106	162	165	179	187	193	340	#
457	538.664	4	50	55	100	152	167	196	245	340	#
458	513.654	18	95	97	131	170	226	230	253	340	#
459	512.624	60	65	81	175	206	217	226	230	340	#
460	133.781	97	247	#
461	229.471	85	230	232	243	341	#
462	306.854	85	140	192	232	341	#
463	286.684	85	143	181	194	341	#
464	282.353	105	209	212	230	341	#
465	1132.68	1	25	39	52	60	65	86	101	103	106	108	122	140	183	190	219	239	251	342	#
466	1438.49	1	2	44	56	78	93	101	109	130	132	157	166	184	187	202	208	211	218	342	#
467	1415.6	12	26	45	74	99	108	111	114	126	140	162	182	185	187	196	201	240	245	342	#
468	1386.21	24	25	34	35	67	78	88	106	126	136	138	140	144	161	162	191	201	238	342	#
469	1374.21	0	14	25	33	36	38	57	98	120	149	156	168	172	194	211	237	239	244	342	#
470	1361.55	1	11	15	26	34	38	41	50	60	144	152	154	171	191	201	221	228	237	342	#
471	304.758	129	161	209	343	#
472	238.053	8	209	213	343	#
473	221.721	4	22	161	343	#
474	69.075	47	129	151	343	#
475	1714.8	9	16	17	49	53	71	75	84	92	105	112	114	124	134	137	144	162	174	188	201	202	203	216	220	221	344	#
476	2050.45	2	7	16	22	26	30	39	57	70	75	86	87	102	123	124	149	151	172	183	194	202	206	222	236	254	344	#
477	1901.34	14	22	26	31	52	54	57	64	71	74	96	98	104	123	165	185	195	198	203	224	225	232	233	236	248	344	#
478	1812.5	9	21	30	53	62	73	88	93	94	126	128	130	132	134	162	169	181	199	202	209	217	221	223	252	254	344	#
479	1805.63	15	17	22	27	32	35	42	53	74	82	87	110	132	156	162	168	169	171	201	221	224	234	235	246	251	344	#
480	1766.39	3	8	33	38	51	76	100	104	121	122	140	156	166	175	179	180	181	208	221	225	227	228	237	248	249	344	#
481	236.361	79	127	345	#
482	202.999	55	127	345	#
483	99.2	17	79	345	#
484	288.256	12	17	61	101	184	230	346	#
485	414.252	12	16	46	61	72	184	346	#
486	404.454	17	84	144	194	216	221	346	#
487	359.488	3	34	68	72	188	219	347	#
488	518.096	6	16	19	68	76	129	347	#
489	514.72	3	35	40	50	65	164	347	#
490	425.384	29	34	39	91	228	252	347	#
491	318.19	64	184	188	228	234	250	347	#
492	310.906	12	50	96	105	216	219	347	#
493	684.734	12	71	87	114	132	157	168	179	225	348	#
494	848.715	0	17	50	51	71	108	148	170	222	348	#
495	805.121	9	15	51	88	157	199	222	225	241	348	#
496	749.222	36	52	85	98	114	174	178	200	210	348	#
497	600.052	39	95	100	107	137	179	209	213	230	348	#
498	596.175	68	87	102	108	149	151	169	170	233	348	#
499	463.082	14	129	181	191	226	239	241	349	#
500	594.117	25	29	111	160	189	191	241	349	#
501	538.395	19	135	138	170	206	207	226	349	#
502	535.906	38	39	44	145	176	181	198	349	#
503	465.408	22	23	43	48	77	129	143	349	#
504	402.272	32	64	91	129	151	221	241	349	#
505	176.325	42	46	100	225	350	#
506	167.167	42	120	134	238	350	#
507	122	10	46	80	90	350	#
508	374.405	8	44	68	106	118	231	351	#
509	539.922	60	83	86	100	106	252	351	#
510	531.935	8	62	91	92	104	235	351	#
511	451.994	44	49	131	168	235	236	351	#
512	301.444	43	71	127	178	225	231	351	#
513	273.248	33	67	68	85	137	234	351	#
514	856.709	2	5	23	49	84	91	109	120	121	129	146	167	169	174	225	228	240	352	#
515	1267.24	23	40	41	44	46	60	64	95	102	129	158	197	209	214	217	233	244	352	#
516	1184.16	49	56	64	89	113	130	149	156	163	189	208	221	230	233	242	250	252	352	#
517	1183.79	20	35	42	55	82	129	146	173	174	182	202	209	216	242	243	249	251	352	#
518	1165.11	0	58	64	73	83	99	115	132	133	153	174	196	200	207	211	228	242	352	#
519	1164.52	2	18	19	25	32	43	102	143	149	152	162	174	175	190	217	245	247	352	#
520	261.589	38	56	76	227	353	#
521	293.05	38	114	194	220	353	#
522	277.88	56	138	187	190	353	#
523	271.638	63	76	120	121	353	#
524	1243.1	5	6	12	20	23	47	58	63	67	89	127	150	177	185	199	354	#
525	1468.01	2	10	58	78	89	101	109	116	117	130	148	149	184	194	210	354	#
526	1299.71	4	18	41	67	87	95	117	122	130	143	149	175	207	211	223	354	#
527	1280.7	6	26	46	49	52	59	66	67	189	194	197	220	221	223	237	354	#
528	1205.21	7	10	11	23	33	48	59	69	88	108	127	165	202	233	250	354	#
529	1147.71	5	67	74	83	99	100	127	128	134	139	148	164	169	178	202	354	#
530	133.287	94	123	176	355	#
531	164.842	8	49	356	#
532	159.034	49	85	356	#
533	155.23	8	11	356	#
534	988.844	31	58	71	73	78	103	117	129	133	171	182	209	240	242	247	357	#
535	1256.11	0	1	29	87	117	118	135	151	160	178	185	196	203	218	242	357	#
536	1229.25	1	31	80	112	117	133	134	164	167	174	175	205	240	246	248	357	#
537	1223.12	26	36	46	75	76	102	106	107	136	162	163	175	240	242	248	357	#
538	1157.86	24	27	28	35	76	99	103	111	113	114	133	147	165	195	247	357	#
539	1089.27	8	9	15	51	66	102	135	171	181	212	222	223	236	240	241	357	#
540	971.557	22	24	57	113	167	183	187	188	189	194	198	211	216	218	237	248	358	#
541	1218.89	6	97	121	131	135	139	153	157	180	183	189	235	236	246	249	251	358	#
542	1164.4	6	14	24	32	49	51	60	102	128	131	148	149	167	224	234	240	358	#
543	1064.57	1	2	3	25	46	84	86	96	99	106	114	115	121	141	157	189	358	#
544	1012.97	1	20	48	57	72	74	90	100	104	119	137	152	155	180	210	247	358	#
545	990.009	13	18	64	70	128	147	165	186	192	198	202	208	211	247	251	252	358	#
546	531.48	33	96	148	150	164	166	167	186	195	217	230	359	#
547	699.845	16	29	48	50	62	77	147	151	164	207	253	359	#
548	697.445	5	7	25	42	54	56	57	124	167	217	248	359	#
549	679.214	6	21	69	76	111	129	147	216	217	225	231	359	#
550	668.713	65	71	72	80	148	177	183	191	204	205	240	359	#
551	547.32	42	87	94	108	109	124	141	194	209	227	230	359	#
552	311.828	111	141	202	241	246	360	#
553	286.465	59	161	180	217	246	360	#
554	232.161	33	37	50	141	239	360	#
555	185.927	131	141	188	202	243	360	#
556	101.681	182	#
557	180.326	197	246	255	361	#
558	217.304	6	109	246	361	#
559	171.428	80	197	222	361	#
560	83.6141	185	198	255	361	#
561	718.333	12	14	35	37	76	100	135	142	168	362	#
562	845.052	26	76	123	156	169	216	221	236	255	362	#
563	821.11	38	84	90	97	151	168	169	203	222	362	#
564	709.437	88	97	115	124	135	142	162	207	232	362	#
565	693.542	73	93	100	129	132	140	187	192	199	362	#
566	532.904	37	94	100	130	157	192	217	229	249	362	#
567	2204.59	13	18	28	31	44	46	61	69	76	79	81	91	93	106	107	131	138	141	143	149	152	156	166	171	174	176	179	182	185	186	190	240	249	252	253	255	363	#
568	2846.27	7	11	23	29	39	40	50	54	63	70	82	94	95	96	99	108	112	114	122	126	128	137	141	144	148	151	172	181	182	210	211	214	215	223	246	255	363	#
569	2819.06	12	19	26	31	32	33	34	39	43	47	49	70	76	81	82	86	90	94	96	104	106	109	113	158	162	166	176	179	184	185	194	196	221	234	241	255	363	#
570	2699.48	7	8	10	14	20	22	23	37	43	57	59	63	67	94	107	108	109	111	114	118	119	126	128	136	137	141	151	152	177	182	190	195	211	222	224	252	363	#
571	2575.78	8	12	18	22	23	38	44	58	67	68	69	70	82	87	92	102	106	114	116	137	138	142	149	159	173	186	190	191	196	205	207	221	226	241	243	245	363	#
572	2543.82	22	29	31	35	36	41	52	54	55	62	64	66	70	82	103	106	118	126	132	137	139	142	144	162	180	183	185	189	193	209	219	227	232	236	247	248	363	#
573	905.493	10	11	48	50	56	59	85	109	125	132	138	139	146	155	159	197	364	#
574	1298.52	5	48	57	68	81	104	125	128	138	142	175	179	205	216	229	250	364	#
575	1291.99	25	59	80	111	113	119	125	127	138	151	153	168	179	213	245	248	364	#
576	1270.45	13	64	68	81	94	115	119	125	136	138	139	141	152	197	210	231	364	#
577	1254.63	27	29	39	44	66	74	77	111	113	138	139	159	169	188	232	233	364	#
578	1250.62	10	12	13	47	50	76	80	89	132	137	139	148	176	179	186	235	364	#
579	145.033	85	215	253	365	#
580	54.1548	85	136	204	365	#
581	49.8587	107	248	253	365	#
582	1043.73	20	22	24	110	118	130	135	149	153	158	175	179	188	214	228	236	245	246	366	#
583	1430.68	27	28	72	102	115	124	153	154	158	167	182	186	188	190	205	238	243	246	366	#
584	1397.95	1	31	39	44	84	98	106	119	125	130	137	138	159	160	169	176	216	254	366	#
585	1350.13	11	27	28	29	35	45	52	95	111	114	128	153	204	208	219	232	233	238	366	#
586	1345.94	1	11	16	24	58	64	93	98	133	183	184	185	191	220	223	228	236	242	366	#
587	1303.22	3	19	27	35	37	40	62	64	101	102	114	129	166	182	184	214	221	234	366	#
588	293.328	54	95	189	215	367	#
589	354.858	31	92	95	126	367	#
590	341.885	57	116	187	189	367	#
591	176.895	4	98	126	215	367	#
592	131.666	54	137	158	220	367	#
593	428.128	3	83	107	121	183	198	246	368	#
594	610.574	83	94	112	121	137	144	213	368	#
595	471.472	3	105	166	236	246	249	253	368	#
596	381.121	12	14	113	128	141	183	206	368	#
597	303.335	119	121	163	183	212	244	247	368	#
598	279.01	48	105	106	109	111	195	246	368	#
599	80.73	17	112	369	#
600	96.0527	17	117	369	#
601	934.205	9	22	45	63	87	127	137	139	181	201	204	210	215	216	225	250	251	370	#
602	1325.18	30	55	64	66	67	71	79	104	114	134	139	172	176	185	194	202	251	370	#
603	1287.4	10	12	22	37	42	45	76	80	130	135	137	145	152	155	173	184	198	370	#
604	1224.49	21	52	91	104	124	125	140	145	182	204	207	210	212	218	222	230	231	370	#
605	1213.89	41	55	61	78	83	88	127	128	135	146	160	165	185	205	236	238	247	370	#
606	1119.57	7	45	59	68	87	98	113	118	121	122	123	136	143	145	204	233	250	370	#
607	208.067	49	249	371	#
608	244.797	49	243	371	#
609	140.036	211	249	371	#
610	255.99	60	81	85	158	211	216	372	#
611	377.162	37	73	140	164	211	238	372	#
612	362.953	5	25	88	152	158	184	372	#
613	360.195	29	60	65	76	174	231	372	#
614	330.31	5	28	30	66	81	105	372	#
615	264.236	42	101	126	146	373	#
616	383.387	56	67	126	131	373	#
617	216.943	3	101	123	164	373	#
618	123.095	1	63	77	152	374	#
619	173.117	36	56	81	152	374	#
620	403.872	5	22	48	116	200	375	#
621	446.737	27	37	48	130	172	375	#
622	393.476	13	17	22	104	249	375	#
623	369.305	11	42	116	209	241	375	#
624	365.019	5	36	149	172	246	375	#
625	325.222	3	10	56	128	200	375	#
626	1310.64	11	24	26	32	35	61	66	95	100	133	168	175	192	219	239	247	252	376	#
627	1509.31	3	16	33	43	48	50	54	66	87	106	121	127	130	149	214	234	235	376	#
628	1303.71	2	5	8	9	11	45	68	105	174	179	184	196	198	212	218	227	248	376	#
629	1290.78	3	7	34	70	83	89	97	107	130	136	142	170	177	193	213	219	247	376	#
630	1243.34	17	22	30	49	95	101	106	110	123	158	160	167	188	209	213	216	238	376	#
631	1220.64	4	7	8	11	16	47	61	72	86	92	102	142	177	201	228	233	242	376	#
632	227.195	131	180	229	377	#
633	227.582	180	214	234	377	#
634	220.826	125	187	229	377	#
635	118.85	131	164	165	377	#
636	487.689	61	76	100	126	130	145	378	#
637	472.004	89	100	119	153	157	245	378	#
638	455.766	53	79	125	130	240	249	378	#
639	414.234	55	64	124	145	185	202	378	#
640	408.169	76	124	166	194	196	245	378	#
641	385.678	20	25	61	154	166	216	378	#
642	364.089	9	64	93	102	141	169	189	197	379	#
643	454.694	9	64	72	106	120	198	233	245	379	#
644	450.564	50	65	104	105	141	177	188	236	379	#
645	389.415	62	75	93	94	100	129	203	247	379	#
646	376.775	3	22	40	58	119	141	197	207	379	#
647	340.967	5	41	64	121	134	167	183	189	379	#
648	48.5187	140	#
649	157.176	239	#
650	1312.79	7	18	20	36	72	89	102	119	149	151	157	182	203	208	209	237	240	247	254	380	#
651	1758.14	15	18	20	21	25	55	59	60	87	131	141	143	144	156	162	166	182	185	202	380	#
652	1735.93	0	1	5	20	32	37	51	52	55	73	104	137	167	169	180	221	226	236	237	380	#
653	1673.86	3	6	14	25	27	41	42	99	107	119	145	149	165	182	220	235	236	242	251	380	#
654	1548.89	8	13	18	34	43	49	71	128	130	136	141	146	156	169	196	213	222	229	244	380	#
655	1545.45	30	50	51	78	79	99	131	140	143	153	157	182	195	196	204	222	247	253	255	380	#
656	302.213	69	97	121	381	#
657	241.406	60	97	172	381	#
658	150.393	29	69	201	381	#
659	147.323	85	121	129	381	#
660	2449.63	5	16	29	31	35	38	40	42	45	53	59	66	67	69	71	76	79	94	96	100	107	108	114	118	139	140	144	148	155	158	159	160	162	175	176	185	196	215	228	229	231	233	382	#
661	3614.14	4	15	16	18	39	43	67	70	71	78	82	88	109	110	111	113	119	127	135	136	140	146	150	151	152	155	165	169	181	183	184	187	193	203	205	210	211	222	223	232	234	241	382	#
662	3361.16	11	13	14	18	19	31	40	49	61	62	71	79	82	83	88	96	99	107	111	112	127	132	143	147	152	154	158	162	164	165	166	176	181	185	195	207	210	212	225	228	247	253	382	#
663	3209.2	0	12	19	24	25	26	30	31	32	36	58	59	62	68	78	79	82	83	97	109	110	111	112	123	124	130	140	144	151	153	165	183	184	191	192	196	203	206	209	220	222	227	382	#
664	3163.84	1	5	13	14	15	18	26	38	43	52	68	70	71	100	109	115	122	124	127	130	136	142	153	159	163	168	169	182	184	188	199	206	212	219	222	235	238	241	248	251	254	255	382	#
665	3145.71	11	14	28	30	40	41	46	49	52	64	67	70	89	104	134	141	144	145	149	151	152	154	159	162	165	168	175	177	178	179	180	185	186	199	200	206	234	239	243	248	252	253	382	#
666	501.826	11	34	64	87	383	#
667	540.151	64	90	129	170	383	#
668	386.153	11	190	222	251	383	#
669	341.832	87	137	167	228	383	#
670	2024.82	2	9	16	37	39	40	49	65	86	93	97	112	129	130	159	178	182	189	190	209	215	218	223	243	248	249	250	384	#
671	2081.56	5	19	35	47	50	57	60	63	97	98	99	137	143	153	170	177	182	190	192	203	209	221	226	227	231	251	252	384	#
672	1931.13	1	2	4	9	18	20	46	48	53	62	86	89	92	97	99	119	121	127	130	137	191	203	227	229	230	231	254	384	#
673	1892.63	19	20	26	30	41	62	66	79	93	99	106	112	124	126	128	130	131	137	151	179	183	200	211	233	235	242	251	384	#
674	1879.6	2	8	16	44	51	60	102	109	113	114	137	144	146	175	178	184	186	191	207	217	222	227	231	232	245	252	255	384	#
675	1872.69	37	49	56	57	63	74	78	92	93	114	117	131	144	145	149	151	159	182	184	193	195	200	207	210	225	235	244	384	#
676	49.3043	33	#
677	300.218	17	37	88	176	385	#
678	387.02	17	134	135	170	385	#
679	246.194	62	88	169	180	385	#
680	184.04	37	140	163	207	385	#
681	174.918	63	168	176	237	385	#
682	202.892	135	164	171	197	386	#
683	159.124	60	110	184	197	386	#
684	371.004	1	42	60	122	129	387	#
685	472.121	32	117	122	213	229	387	#
686	450.238	11	49	54	60	99	387	#
687	307.678	15	128	129	155	241	387	#
688	282.485	23	42	160	170	240	387	#
689	141.062	1	105	176	185	205	387	#
690	922.84	5	27	70	73	88	125	136	147	153	199	204	207	248	252	388	#
691	1111.45	6	42	52	70	105	130	170	186	191	213	229	230	234	240	388	#
692	1077.29	8	32	34	36	46	56	83	106	109	206	207	209	210	213	388	#
693	1066.81	1	12	45	88	101	114	118	122	124	134	135	190	218	242	388	#
694	1064	5	19	32	55	85	98	99	103	148	161	169	175	193	231	388	#
695	1053.98	0	23	52	78	80	82	109	111	113	125	126	190	203	250	388	#
696	343.8	47	92	146	228	253	389	#
697	488.787	30	92	191	195	253	389	#
698	483.61	181	182	200	235	253	389	#
699	418.688	47	71	85	119	145	389	#
700	335.3	1	55	162	228	252	389	#
701	290.566	73	131	146	204	212	389	#
702	678.727	7	34	45	67	88	97	133	144	170	221	233	234	390	#
703	943.097	13	35	91	107	139	144	146	158	180	188	199	248	390	#
704	927.221	15	30	75	85	91	92	104	117	119	133	163	233	390	#
705	913.887	3	38	40	45	68	88	100	101	125	128	181	186	390	#
706	866.741	0	20	34	70	83	88	135	225	232	234	248	254	390	#
707	866.112	52	62	88	95	154	163	165	168	182	209	218	235	390	#
708	583.439	3	6	20	130	150	158	184	391	#
709	612.424	6	35	77	92	116	193	222	391	#
710	568.958	59	119	146	150	151	180	217	391	#
711	475.8	3	26	157	218	224	242	251	391	#
712	461.357	44	93	129	141	184	214	251	391	#
713	402.534	28	33	86	130	163	183	216	391	#
714	583.92	112	132	199	224	235	248	392	#
715	369.995	61	139	141	151	191	199	392	#
716	356.852	112	122	156	194	217	235	392	#
717	339.611	60	89	110	195	224	254	392	#
718	329.13	14	79	108	112	194	197	392	#
719	304.377	75	80	132	214	234	239	392	#
720	160.694	198	227	233	393	#
721	193.673	99	134	233	393	#
722	117.342	110	198	208	393	#
723	99.1134	23	190	227	393	#
724	376.997	27	34	62	157	158	160	195	238	394	#
725	471.19	3	4	34	180	192	196	242	251	394	#
726	444.821	7	33	78	82	96	156	158	231	394	#
727	443.522	17	66	80	94	182	188	195	198	394	#
728	387.012	13	63	68	157	192	193	219	255	394	#
729	159.345	9	27	34	72	74	92	194	250	394	#
730	142.666	75	117	395	#
731	115.647	75	221	395	#
732	278.253	216	224	251	396	#
733	222.514	105	176	251	396	#
734	217.274	65	121	216	396	#
735	197.054	16	90	224	396	#
736	183.198	64	129	167	181	397	#
737	270.107	69	84	129	249	397	#
738	132.221	50	156	167	226	397	#
739	353.592	35	129	130	224	398	#
740	327.116	130	151	206	250	398	#
741	265.766	34	114	129	179	398	#
742	257.227	35	82	107	242	398	#
743	175.883	15	46	56	224	398	#
744	135.688	135	216	399	#
745	142.8	96	135	399	#
746	81.8146	31	216	399	#
747	1164.41	2	9	11	32	81	84	138	152	163	167	169	190	191	195	208	211	218	228	231	242	400	#
748	1510.88	5	8	22	32	50	53	64	68	82	104	122	137	138	180	197	205	211	212	245	253	400	#
749	1444.89	16	22	40	56	57	59	60	85	111	116	131	143	151	175	189	190	194	229	232	241	400	#
750	1437.1	2	16	37	48	63	103	110	114	118	124	130	139	151	152	153	169	187	202	212	219	400	#
751	1417.44	0	9	23	26	49	57	60	63	83	87	101	105	111	144	158	183	204	219	224	243	400	#
752	1373.97	23	32	46	50	80	85	99	120	132	153	157	187	189	190	197	211	215	231	238	245	400	#
753	455.36	16	54	123	134	139	142	232	250	401	#
754	681.425	5	14	43	89	91	142	172	222	401	#
755	601.372	63	84	87	96	126	139	142	231	401	#
756	596.291	16	28	35	86	119	126	137	152	401	#
757	594.594	14	27	64	83	100	109	134	212	401	#
758	583.269	54	100	109	126	129	142	218	253	401	#
759	576.289	46	56	76	106	154	191	205	402	#
760	700.67	42	78	79	154	170	232	251	402	#
761	680.748	92	106	125	185	201	229	238	402	#
762	632.066	82	94	118	133	147	171	191	402	#
763	545.458	0	2	107	171	198	205	238	402	#
764	492.866	39	46	57	198	206	213	232	402	#
765	2532.69	18	24	34	39	40	48	67	71	77	80	83	101	111	127	133	153	156	176	177	185	186	196	199	213	221	223	226	230	237	243	246	250	403	#
766	2463.27	10	19	27	28	32	37	42	45	46	66	71	82	86	88	104	116	130	148	165	166	176	177	186	202	213	226	229	235	239	249	250	253	403	#
767	2381.86	18	26	29	49	51	69	71	76	80	82	86	87	93	110	122	129	137	153	159	170	171	175	186	192	198	213	221	227	233	238	243	252	403	#
768	2321.53	1	12	29	36	50	63	69	70	78	79	83	103	104	111	121	125	134	142	143	144	146	159	176	179	181	185	192	197	211	218	225	250	403	#
769	2294.5	24	43	48	52	67	79	80	82	100	101	103	104	112	121	122	131	142	146	160	162	164	169	171	191	193	197	226	228	237	242	249	255	403	#
770	2293.2	15	24	29	30	39	49	61	69	78	79	80	85	92	116	119	127	141	158	170	171	177	183	217	225	228	238	241	243	247	253	254	255	403	#
771	189.38	204	213	404	#
772	236.131	163	213	404	#
773	84.5825	12	204	404	#
774	680.884	1	16	48	58	111	128	159	167	168	183	189	405	#
775	827.965	1	9	16	69	167	175	181	198	207	221	253	405	#
776	756.779	22	24	78	106	114	152	154	183	189	194	238	405	#
777	753.334	16	20	64	75	77	117	138	203	226	241	255	405	#
778	749.394	5	37	88	149	159	174	178	185	202	215	255	405	#
779	719.119	5	16	59	85	88	106	139	168	193	209	228	405	#
780	159.841	84	142	208	406	#
781	175.571	84	98	206	406	#
782	162.463	23	41	208	406	#
783	1386.51	0	6	38	48	76	90	91	103	110	117	135	145	181	182	198	199	209	236	237	244	245	407	#
784	1676.65	20	38	73	76	81	96	111	113	117	121	125	142	156	157	162	179	209	221	236	244	245	407	#
785	1676.53	17	18	19	21	35	76	77	90	100	113	119	142	143	146	160	181	189	196	202	218	224	407	#
786	1509.22	2	4	16	25	30	53	65	76	124	125	131	135	138	141	144	191	202	204	216	220	254	407	#
787	1432.52	6	15	19	44	46	54	67	68	73	96	101	121	145	156	157	165	174	199	206	221	240	407	#
788	1355.07	3	8	20	24	42	48	53	55	68	69	83	132	135	149	168	173	190	192	235	238	253	407	#
789	245.94	73	143	224	408	#
790	304.485	25	143	224	408	#
791	302.072	77	201	224	408	#
792	228.977	73	134	224	408	#
793	265.751	13	145	208	409	#
794	334.888	13	19	190	409	#
795	159.599	54	132	145	409	#
796	147.019	108	172	208	409	#
797	373.063	3	26	42	59	68	80	128	157	161	200	410	#
798	551.542	13	31	47	55	86	131	157	164	204	251	410	#
799	538.156	10	22	26	52	71	85	100	180	201	211	410	#
800	520.585	47	60	68	70	113	141	168	174	208	248	410	#
801	517.472	15	101	126	128	166	172	184	227	243	255	410	#
802	491.162	22	98	108	112	153	161	194	209	219	245	410	#
803	412.4	79	105	170	186	411	#
804	432.607	105	136	222	230	411	#
805	389.734	82	122	170	185	411	#
806	352.854	14	58	79	131	411	#
807	276.682	91	112	133	186	411	#
808	180.751	82	207	225	412	#
809	250.559	125	206	207	412	#
810	151.843	223	225	235	412	#
811	135.254	22	82	112	412	#
812	131.283	121	#
813	185.037	84	148	177	237	413	#
814	268.189	34	44	148	236	413	#
815	197.756	2	65	177	187	413	#
816	149.724	59	84	108	174	413	#
817	1582.02	17	27	33	36	40	45	59	80	83	88	97	101	102	105	112	124	133	166	175	189	228	233	240	244	248	414	#
818	2212.44	5	9	24	45	66	69	73	86	87	98	118	119	128	139	148	168	179	180	189	194	205	217	222	231	251	414	#
819	2180.26	5	6	16	18	36	64	102	104	107	108	130	139	143	169	172	175	189	195	203	216	217	232	239	240	254	414	#
820	2130.97	2	27	39	64	76	92	97	98	100	108	113	118	119	124	132	161	166	194	203	211	224	226	228	244	251	414	#
821	2110.61	21	31	39	48	61	65	87	97	100	104	105	111	118	125	130	140	143	168	171	184	217	219	235	251	255	414	#
822	2079.09	4	6	23	35	45	48	52	83	110	124	133	154	169	173	176	185	196	200	202	203	220	222	239	240	253	414	#
823	557.933	11	14	24	47	209	238	415	#
824	512.514	8	11	49	103	213	252	415	#
825	488.912	45	101	204	209	212	255	415	#
826	454.554	137	146	155	203	232	238	415	#
827	419.017	9	24	30	32	234	254	415	#
828	336.959	47	63	99	129	182	225	415	#
829	1053.2	7	16	51	52	72	129	141	157	180	193	203	213	416	#
830	1136.07	6	37	63	64	92	129	157	209	212	236	238	246	416	#
831	1060.23	50	92	96	145	162	199	200	203	209	213	226	237	416	#
832	866.809	5	14	42	69	115	129	138	170	173	213	229	239	416	#
833	853.412	4	30	52	62	72	97	156	163	187	198	213	223	416	#
834	772.082	16	33	45	64	143	162	192	198	212	225	246	247	416	#
835	382.221	25	31	51	92	99	100	115	132	198	204	231	237	417	#
836	568.614	106	108	109	123	132	164	171	176	184	204	210	245	417	#
837	564.959	50	78	96	102	126	145	148	156	157	173	176	198	417	#
838	112.944	119	122	418	#
839	96.3354	122	126	418	#
840	267.951	50	65	144	153	173	419	#
841	351.536	77	153	156	184	197	419	#
842	217.657	140	170	173	174	184	419	#
843	72.2657	34	65	67	228	247	419	#
844	1555.7	1	8	23	30	31	32	47	61	63	65	92	111	126	145	164	169	177	185	186	219	227	231	238	420	#
845	2028.48	3	14	27	29	33	35	38	40	75	78	96	102	104	119	124	137	165	172	205	211	222	231	246	420	#
846	1884.34	5	23	27	28	30	63	70	74	75	83	133	137	159	162	164	173	178	180	207	217	219	224	238	420	#
847	1764.74	2	7	14	21	22	23	42	51	52	54	55	66	88	111	133	169	181	214	221	226	231	235	252	420	#
848	1754.13	1	5	11	38	46	49	63	74	96	146	148	153	157	164	180	185	186	202	215	221	222	233	247	420	#
849	1608.95	15	31	54	55	61	65	78	80	93	95	99	108	120	127	163	179	184	203	204	222	226	227	231	420	#
850	83.982	10	155	241	421	#
851	53.2907	68	108	241	421	#
852	14.8853	10	58	109	421	#
853	184.926	58	77	162	422	#
854	256.329	35	58	215	422	#
855	237.593	140	162	180	422	#
856	221.874	77	84	202	422	#
857	2482.61	7	11	20	39	41	51	53	74	99	103	108	110	124	129	130	139	140	146	153	168	170	177	197	199	201	210	212	213	220	221	224	230	231	234	245	423	#
858	2783.39	4	11	18	19	44	50	51	59	61	63	68	73	83	86	96	100	104	119	123	146	148	157	164	169	170	171	177	179	182	197	230	232	247	250	251	423	#
859	2684.05	10	11	38	40	42	46	47	51	60	75	84	85	89	95	100	103	104	122	123	134	145	146	165	168	170	171	179	184	188	193	197	215	220	231	232	423	#
860	2672.64	5	9	14	27	38	41	42	46	64	66	72	83	91	103	109	117	123	140	141	142	150	154	156	164	171	177	183	192	210	218	229	234	239	250	251	423	#
861	2627.67	2	3	12	17	29	32	34	40	42	43	46	54	71	91	99	125	134	140	142	147	155	170	171	184	188	191	195	198	199	210	240	244	251	252	253	423	#
862	2535.62	9	16	18	19	21	26	38	40	43	44	62	78	87	91	103	109	116	124	139	142	148	150	154	165	169	179	181	182	184	192	194	213	223	225	253	423	#
863	986.869	8	9	18	19	52	84	86	107	123	127	132	138	186	188	192	196	215	220	241	252	254	424	#
864	1467.25	9	25	53	60	62	76	79	88	99	118	130	133	137	143	164	180	188	196	229	242	253	424	#
865	1451.5	29	38	47	53	54	60	76	84	111	113	115	136	144	153	163	164	176	188	242	243	245	424	#
866	1413.19	30	32	36	74	76	77	104	105	122	124	137	152	174	177	186	188	195	213	229	252	255	424	#
867	1373.6	14	29	52	60	70	84	85	126	155	158	165	177	191	192	197	200	221	224	243	247	248	424	#
868	1354.76	18	20	34	35	50	76	107	119	122	125	148	160	188	192	204	219	220	222	223	238	241	424	#
869	199.443	23	33	81	230	425	#
870	220.59	52	76	230	249	425	#
871	163.368	81	152	158	255	425	#
872	342.244	34	88	126	180	240	426	#
873	401.656	19	80	88	166	206	426	#
874	310.594	117	155	160	240	241	426	#
875	293.892	5	17	34	142	156	426	#
876	247.094	8	27	96	168	180	426	#
877	0.673258	25	204	#
878	690.886	54	57	65	85	100	122	133	160	193	197	212	255	427	#
879	963.332	34	65	92	104	163	174	177	196	231	243	253	255	427	#
880	908.733	20	27	55	85	107	117	120	134	151	166	197	239	427	#
881	868.213	2	84	100	110	124	145	151	160	181	195	200	222	427	#
882	838.805	47	92	103	105	106	143	160	166	199	230	239	251	427	#
883	811.804	3	45	47	83	85	89	91	133	160	174	222	235	427	#
884	369.222	121	136	153	202	428	#
885	336.327	61	135	136	154	428	#
886	210.525	54	198	201	202	428	#
887	193.765	78	121	133	176	428	#
888	186.565	82	84	114	153	428	#
889	257.047	0	190	231	429	#
890	256.149	0	67	214	429	#
891	240.056	16	231	250	429	#
892	142.244	171	190	224	429	#
893	254.575	66	232	250	430	#
894	358.72	232	239	252	430	#
895	277.534	90	199	250	430	#
896	259.226	64	66	231	430	#
897	1694.59	15	32	48	53	57	61	62	67	96	99	138	160	161	168	171	203	210	211	222	234	240	253	431	#
898	1615.3	22	24	25	44	57	70	80	83	96	99	104	109	121	125	161	169	193	199	207	209	242	243	431	#
899	1434.16	15	31	40	51	62	76	88	101	136	142	170	177	178	179	189	193	197	206	207	234	236	246	431	#
900	1409.2	29	46	59	61	66	121	124	151	153	159	163	170	190	197	200	202	203	216	217	227	232	243	431	#
901	1385.08	6	32	71	104	105	124	125	138	148	160	176	189	193	195	200	205	212	216	225	229	249	253	431	#
902	1383.58	13	33	54	67	70	99	132	134	135	154	163	173	194	198	201	208	210	212	213	223	224	253	431	#
903	667.685	49	105	118	120	180	201	226	432	#
904	620.482	56	61	62	118	189	240	245	432	#
905	536.619	21	26	93	120	134	178	203	432	#
906	523.55	25	46	53	63	69	153	180	432	#
907	511.321	34	40	49	128	184	221	243	432	#
908	261.093	101	145	174	175	210	226	253	432	#
909	197.696	119	173	179	238	250	433	#
910	189.095	44	126	158	220	250	433	#
911	142.557	131	164	167	179	208	433	#
912	399.993	4	8	52	60	216	237	434	#
913	569.79	8	30	86	211	217	234	434	#
914	439.238	4	6	74	81	158	187	434	#
915	383.523	1	19	39	104	151	216	434	#
916	367.097	9	49	146	153	185	237	434	#
917	362.437	4	6	34	60	110	190	434	#
918	746.314	5	36	81	84	87	153	180	234	435	#
919	879.236	5	38	92	135	153	208	235	236	435	#
920	733.66	34	87	115	123	197	213	221	235	435	#
921	587.878	100	120	172	207	234	235	240	244	435	#
922	531.895	3	5	36	49	54	102	121	142	435	#
923	525.741	5	6	74	84	116	136	163	169	435	#
924	414.731	26	75	106	243	255	436	#
925	431.825	1	43	78	159	243	436	#
926	419.749	5	68	194	253	255	436	#
927	328.807	50	106	145	223	252	436	#
928	124.691	26	31	120	129	246	436	#
929	117.499	61	84	117	235	437	#
930	168.012	74	102	193	235	437	#
931	1257.06	0	5	24	25	27	55	59	74	79	80	84	103	162	165	183	198	200	216	222	223	225	233	245	248	438	#
932	1801.66	11	22	37	45	71	72	76	80	100	109	113	120	121	142	178	191	192	196	199	213	223	235	246	248	438	#
933	1794.76	2	3	4	11	12	19	27	32	59	61	89	101	110	113	119	127	131	142	158	180	194	195	231	248	438	#
934	1784.4	0	19	29	41	52	58	77	84	99	104	109	123	128	138	140	145	155	156	176	179	188	201	213	222	438	#
935	1768.82	9	16	23	29	41	44	51	65	67	79	90	103	104	108	118	120	124	146	178	209	221	231	237	247	438	#
936	1726.38	0	19	23	32	47	64	66	85	87	94	99	105	115	138	162	172	195	201	205	220	222	223	234	250	438	#
937	694.731	13	15	22	41	49	119	213	439	#
938	849.168	29	46	52	119	128	143	222	439	#
939	690.859	5	13	47	119	145	162	214	439	#
940	631.118	4	8	15	46	60	164	225	439	#
941	616.942	90	114	148	177	199	213	226	439	#
942	603.503	22	60	85	95	137	182	192	439	#
943	176.593	108	117	440	#
944	258.354	117	221	440	#
945	228.048	1	82	214	234	441	#
946	313.902	21	158	164	234	441	#
947	127.652	1	48	140	232	441	#
948	689.372	7	22	62	71	119	149	187	191	208	215	252	442	#
949	985.441	13	42	70	71	94	148	209	233	236	237	255	442	#
950	823.044	24	35	57	69	109	136	151	191	207	215	247	442	#
951	816.122	6	7	26	44	45	61	76	150	197	247	253	442	#
952	778.401	24	50	51	87	113	120	123	187	193	238	248	442	#
953	761.095	55	58	65	119	123	166	175	207	209	222	229	442	#
954	1455.96	6	23	52	76	78	87	90	91	104	113	126	151	164	172	173	175	177	179	180	187	196	198	213	225	226	250	443	#
955	2124.76	4	7	27	32	52	56	60	64	84	117	142	143	153	172	175	185	188	195	208	227	232	233	237	238	254	255	443	#
956	2102.6	4	5	8	20	21	27	39	47	62	66	78	87	96	97	114	120	165	186	193	196	197	210	223	237	238	245	443	#
957	2011.86	9	18	20	21	39	64	69	73	78	83	85	87	89	91	105	115	133	156	167	172	194	195	222	232	235	251	443	#
958	1972.13	13	15	46	48	56	59	73	79	83	84	89	90	97	106	107	120	123	128	143	144	162	177	198	222	240	251	443	#
959	1924.77	1	5	10	14	15	34	48	70	83	84	87	90	92	107	144	146	170	182	188	194	207	211	223	239	244	246	443	#
960	107.179	10	140	444	#
961	141.875	10	189	444	#
962	61.8869	140	229	444	#
963	3111.86	8	15	16	17	19	21	36	38	45	46	47	52	61	64	72	77	94	100	106	107	114	115	124	125	135	138	147	156	157	165	166	176	190	191	197	203	205	208	221	232	234	242	249	445	#
964	3493.29	3	5	6	7	9	13	19	44	45	55	62	86	92	94	98	109	124	130	142	146	153	156	169	176	177	191	192	201	202	203	208	209	219	229	230	231	233	235	236	240	242	252	254	445	#
965	3480.5	8	11	24	25	30	31	33	39	68	73	76	86	88	107	115	116	122	123	126	127	128	130	134	141	153	158	165	167	169	175	181	196	198	203	205	208	209	225	227	229	231	236	255	445	#
966	3427.93	11	19	30	34	35	38	39	51	68	92	97	104	105	108	116	117	124	153	156	158	165	168	176	178	181	190	193	194	195	197	199	202	203	206	219	220	222	226	228	235	237	240	242	445	#
967	3413.28	11	15	16	24	31	34	35	36	40	46	47	58	59	62	65	70	73	82	86	100	108	116	130	142	147	153	154	157	169	172	177	195	201	203	215	231	239	240	243	245	250	251	255	445	#
968	3374.29	9	24	41	44	49	59	63	72	73	76	84	86	92	99	103	106	112	116	125	128	130	135	140	149	158	168	172	175	179	197	220	227	229	230	235	238	240	241	243	248	250	252	255	445	#
969	292.447	25	48	107	446	#
970	257.027	1	25	179	446	#
971	256.494	48	53	107	446	#
972	135.767	10	107	198	446	#
973	238.341	162	186	447	#
974	265.886	162	199	447	#
975	170.695	173	186	447	#
976	2158.47	8	16	17	23	28	33	36	46	48	60	61	78	93	97	102	109	137	158	164	175	177	197	214	220	221	228	229	240	241	245	448	#
977	2534.63	13	18	19	24	25	26	43	51	57	78	79	89	122	123	127	134	163	166	173	175	177	180	186	200	225	232	236	240	252	253	448	#
978	2506.94	3	8	13	16	21	23	49	55	65	90	96	99	121	140	141	142	143	152	154	159	168	173	178	187	197	207	209	220	223	252	448	#
979	2279.02	8	16	17	28	32	40	41	44	51	56	82	102	103	107	121	134	137	148	172	174	179	191	203	208	220	221	222	238	251	255	448	#
980	2276.9	4	11	15	18	26	37	40	42	45	57	59	68	83	88	90	97	121	131	136	140	145	147	166	186	196	209	218	234	243	245	448	#
981	2234.77	2	3	9	19	32	36	50	52	54	59	74	82	122	127	140	143	150	159	167	186	187	188	190	197	206	209	210	223	232	251	448	#
982	1163.93	17	21	58	67	129	153	195	197	203	212	227	245	247	251	449	#
983	1435.5	11	17	37	57	59	67	81	87	113	114	153	203	222	230	449	#
984	1247.23	10	17	24	62	77	94	106	134	138	140	159	195	222	240	449	#
985	1169.26	1	17	21	47	66	87	102	120	121	180	201	240	242	243	449	#
986	1147.76	3	11	33	56	67	75	129	134	146	175	185	193	215	219	449	#
987	1086.68	5	18	52	63	88	99	159	190	196	212	236	240	244	252	449	#
988	166.795	111	189	450	#
989	108.575	111	200	450	#
990	1457.98	4	23	31	34	39	44	55	64	76	79	80	87	94	122	123	142	175	176	182	197	211	242	451	#
991	1930.21	7	47	54	67	83	86	87	90	93	103	115	116	117	118	120	125	137	169	207	212	221	242	451	#
992	1894.65	22	28	34	47	53	72	77	116	124	134	156	168	173	182	191	195	203	206	221	228	236	247	451	#
993	1836.63	29	45	47	54	80	82	118	123	134	136	143	145	179	182	187	189	201	209	218	229	236	238	451	#
994	1783.16	21	39	46	72	117	121	135	137	152	154	179	190	207	209	210	211	221	223	224	247	248	251	451	#
995	1734.49	0	55	81	92	95	97	104	106	121	130	134	142	187	198	213	217	226	228	229	233	245	254	451	#
996	175.19	20	117	452	#
997	218.555	20	64	452	#
998	110.846	117	155	452	#
999	47.267	15	117	453	#
1000	61.8199	117	139	453	#
