%% File generated by CATS v.2.1Tue Nov  3 14:26:21 2020

%% The CATS webpage is http://robotics.stanford.edu/CATS

%% PARAMETER SETTINGS:
% Goods: 50; Bids: 100; Distribution: L2; Runs: 1; Seed: 1604443478
% Legacy distribution parameters:
% Number of goods chosen according to Random distribution.
% Price chosen according to Linear Random distribution (low_linearly = 1, high_linearly = 1000).


goods 50
bids 100
dummy 0

0	36043.2	0	1	2	3	4	5	6	7	8	9	10	11	12	13	14	15	16	17	18	19	21	22	23	24	25	26	27	28	29	30	31	32	34	35	36	37	38	39	40	41	42	44	45	46	47	48	49	#
1	1173.02	5	14	16	28	35	#
2	1283.43	11	33	#
3	4273.43	11	33	34	35	40	45	#
4	4257.66	0	1	6	8	12	13	16	17	20	23	25	31	34	37	38	43	45	#
5	48932.9	0	1	2	3	4	5	6	7	8	9	10	11	12	13	14	15	16	17	18	19	20	21	22	23	24	25	26	27	28	29	30	31	32	33	34	35	36	37	38	39	40	41	42	43	44	45	46	47	48	49	#
6	6594.26	1	3	5	10	17	21	23	24	25	27	28	30	31	33	34	37	41	42	45	#
7	10520.6	0	2	6	7	8	11	12	14	15	16	18	21	24	29	35	36	38	39	42	43	48	#
8	26835.1	1	3	4	7	8	14	15	16	17	22	23	24	27	28	30	31	33	34	36	39	40	41	44	45	46	47	48	#
9	25394	1	2	3	4	5	8	9	10	11	12	13	14	15	16	17	18	19	20	21	22	24	25	27	28	29	30	31	32	33	35	36	37	38	39	40	41	42	44	45	46	47	48	49	#
10	16429.9	2	5	7	8	10	11	12	14	15	17	18	19	22	24	25	26	30	31	33	34	35	36	37	38	39	40	42	46	47	48	49	#
11	6940.59	1	3	7	8	10	11	12	13	14	15	16	18	22	25	36	37	47	49	#
12	25912.3	1	2	3	4	6	7	8	9	10	11	12	13	14	16	17	18	19	20	21	22	23	24	25	27	28	29	30	31	33	34	35	36	37	38	39	40	46	47	48	49	#
13	1846.28	8	30	#
14	1672.45	3	4	5	10	11	19	24	34	36	37	40	46	48	#
15	7418.06	2	6	7	10	11	12	14	15	22	25	26	29	31	32	33	37	38	42	46	47	48	49	#
16	3694.97	0	8	13	15	16	19	20	25	34	39	42	#
17	820.748	0	1	2	5	6	8	9	10	15	18	19	20	24	27	29	31	32	34	38	43	44	48	#
18	784.091	8	#
19	32688.3	0	1	2	3	5	6	7	8	10	12	13	14	15	16	17	18	19	20	21	22	23	24	25	26	27	28	29	30	31	32	33	34	36	37	39	40	41	43	44	45	46	48	49	#
20	12343.2	1	2	4	6	8	9	11	14	15	16	17	18	21	24	25	26	28	29	33	34	36	37	38	39	40	41	42	45	47	48	49	#
21	9751.58	0	4	9	21	26	27	29	39	42	48	#
22	13447.3	0	1	6	8	9	10	11	12	15	17	18	19	23	24	26	32	33	34	35	36	39	40	41	43	46	48	49	#
23	23076.9	0	2	3	5	6	7	9	10	13	14	16	19	21	23	27	29	31	32	37	39	40	43	44	46	47	48	49	#
24	6606.59	0	1	2	3	4	5	6	7	9	10	11	12	13	14	15	17	18	19	20	21	22	24	26	27	28	31	32	34	35	36	37	38	39	40	41	42	43	44	45	47	49	#
25	14894.7	0	1	2	3	4	5	6	7	8	9	10	11	13	14	16	18	19	20	21	23	24	25	26	27	29	30	31	32	33	34	35	36	37	38	39	42	43	44	45	47	48	49	#
26	8043.05	0	3	6	7	8	11	12	16	18	19	21	23	33	34	39	40	41	46	#
27	22187.1	0	1	2	3	5	6	7	9	10	12	13	14	15	16	18	19	20	21	24	25	28	29	30	33	34	36	38	39	40	41	42	43	45	46	48	49	#
28	12072.5	1	2	3	4	7	10	15	16	22	24	25	31	34	36	38	40	45	48	#
29	5198.31	5	6	7	9	10	11	20	32	#
30	16281.7	0	1	3	4	6	7	8	11	13	14	17	18	19	20	22	23	27	28	29	30	32	33	34	36	37	38	39	40	41	42	43	45	48	#
31	1080	15	35	#
32	2081.41	0	1	2	3	4	5	6	8	11	12	14	15	16	17	18	19	20	21	22	27	28	30	32	34	35	37	38	42	43	44	45	46	49	#
33	9797.72	0	2	6	8	15	16	21	23	25	30	34	40	44	46	#
34	20724.6	0	1	2	3	4	5	6	7	8	9	10	11	12	13	14	15	16	17	19	20	21	22	24	25	26	27	29	30	31	33	34	35	36	37	38	39	40	42	43	44	46	47	48	49	#
35	4712.59	17	23	38	42	47	#
36	4437.45	0	2	3	6	7	8	9	10	11	12	15	16	17	19	21	22	27	28	29	32	34	38	39	40	42	46	47	49	#
37	369.287	6	17	#
38	16431.4	0	2	3	4	5	6	7	8	9	10	11	12	13	14	15	16	17	18	19	20	21	22	25	26	27	28	29	31	32	33	35	38	40	41	44	45	47	48	49	#
39	2632.58	6	25	33	#
40	5550.18	2	3	4	5	6	9	10	11	13	16	17	20	25	26	29	30	31	32	33	34	35	37	38	40	43	44	45	47	48	#
41	375.73	13	16	23	26	36	49	#
42	8081.12	0	3	6	20	22	26	35	38	43	45	48	#
43	21014.8	0	2	11	12	13	14	17	18	25	26	27	29	30	31	32	35	38	40	42	43	45	46	47	#
44	27540.8	0	1	2	3	4	5	6	7	8	9	10	11	12	13	15	16	17	18	19	22	23	25	26	27	28	29	30	31	32	33	34	36	37	38	39	41	42	43	44	45	46	48	49	#
45	22503.9	0	1	2	3	4	5	7	8	10	11	12	13	14	15	16	17	18	19	20	22	23	24	25	26	27	28	29	30	32	33	34	35	36	37	38	40	41	42	43	44	47	48	49	#
46	14779.8	0	2	4	7	8	10	11	12	14	15	16	17	18	20	23	25	26	27	28	30	31	32	33	34	38	39	41	43	45	46	#
47	13254.5	3	10	13	18	19	20	21	34	37	38	40	43	48	49	#
48	1006.74	0	9	13	18	31	32	44	46	48	#
49	12321.7	3	9	12	13	15	16	23	27	29	35	37	46	49	#
50	17205.4	0	1	2	3	4	5	7	10	11	12	13	14	15	16	17	18	19	20	23	24	25	26	28	29	32	33	34	35	36	37	38	39	40	42	43	44	45	46	47	#
51	10908.8	1	3	5	10	14	15	17	18	20	24	27	29	30	34	35	37	38	39	41	42	43	46	49	#
52	23535.6	0	1	2	3	4	5	6	7	8	9	10	11	12	13	14	15	16	17	18	19	20	21	22	23	24	25	26	27	28	29	30	31	33	34	35	37	38	39	40	41	42	43	44	45	47	48	49	#
53	5653.53	8	9	11	13	14	15	17	18	22	23	24	25	26	28	29	30	33	34	37	39	41	43	44	46	47	48	#
54	15897.9	1	4	5	7	11	17	18	19	21	24	29	30	32	33	34	35	38	43	44	46	48	#
55	1931.24	6	14	#
56	11397.5	0	4	11	12	15	18	19	25	27	28	30	36	40	46	48	#
57	26668.3	0	1	2	3	4	5	6	8	9	10	12	13	14	15	16	17	18	19	20	21	22	23	24	25	26	28	29	30	31	33	34	36	37	38	39	41	42	43	44	45	47	48	49	#
58	7081.18	1	5	6	8	18	29	43	44	47	#
59	13680.5	0	1	2	3	4	5	6	7	11	12	14	22	23	26	28	29	31	32	33	34	35	36	39	40	41	42	45	46	47	49	#
60	10222.3	4	7	9	10	11	12	15	16	17	19	25	29	34	35	38	40	41	42	44	46	48	#
61	29136.3	0	1	2	4	5	6	8	10	12	14	15	18	19	20	21	22	25	26	29	30	31	32	33	34	37	38	39	40	44	47	#
62	3866.52	0	9	20	24	46	49	#
63	35242.2	0	1	2	3	4	5	6	7	8	9	10	11	12	13	14	15	16	17	18	19	20	21	22	23	24	25	26	27	28	29	30	31	32	33	34	35	36	37	38	40	41	42	43	44	45	46	47	48	49	#
64	28075	0	1	3	7	11	12	13	15	16	17	18	19	20	21	22	23	24	25	26	27	29	30	31	32	33	34	35	36	37	38	40	41	42	43	44	46	47	48	49	#
65	11752.7	0	3	4	5	7	14	16	17	19	22	32	36	38	40	42	44	47	48	49	#
66	1273.73	1	3	21	37	40	44	46	#
67	4826.98	0	1	3	4	6	9	10	11	12	17	19	23	24	28	31	32	36	37	38	41	44	49	#
68	19703.6	3	6	7	8	9	11	12	14	16	19	22	23	26	27	28	29	30	38	39	41	42	43	44	48	49	#
69	19050.2	0	1	5	6	7	8	9	12	13	14	15	16	18	24	32	33	34	35	36	38	40	43	45	47	48	#
70	7230	8	9	10	14	15	17	25	26	27	29	35	40	43	45	46	#
71	1655.49	2	5	9	13	26	40	42	43	44	#
72	3573.96	1	5	10	20	25	26	30	32	35	40	42	#
73	10904.7	0	1	3	4	7	8	9	10	11	12	13	14	16	18	19	20	23	24	26	28	30	31	34	37	42	43	45	46	#
74	5988.04	8	10	16	24	29	43	45	46	49	#
75	11027.9	0	2	3	5	6	7	9	11	12	13	14	15	19	20	21	22	24	25	27	29	30	31	33	34	35	36	37	38	40	42	43	44	46	47	49	#
76	717.941	9	23	30	32	33	44	46	#
77	17017.9	0	2	3	5	6	7	8	12	13	14	15	16	17	19	20	21	22	23	24	25	26	27	28	31	32	34	36	39	41	43	45	46	47	49	#
78	5427.18	5	9	12	18	20	23	24	25	31	48	49	#
79	31592.6	0	1	3	5	6	10	11	13	14	16	20	21	23	24	25	26	27	30	31	32	33	34	35	36	37	38	39	40	41	43	46	47	49	#
80	5979.37	1	3	9	12	13	19	21	25	28	29	31	32	40	44	48	49	#
81	14543.7	0	1	2	4	7	9	10	11	12	15	17	18	19	22	23	24	25	29	30	31	32	33	34	35	36	40	41	42	43	44	45	46	47	48	49	#
82	7060.79	6	8	10	16	26	28	30	32	36	#
83	18695.4	0	1	2	3	5	7	8	10	11	12	13	14	15	16	18	19	20	21	23	25	26	27	29	30	31	33	34	37	38	39	41	42	43	44	45	46	47	48	#
84	5105.78	2	10	15	31	44	49	#
85	3735.54	7	18	21	27	36	43	46	#
86	10907.9	0	1	2	4	5	8	9	10	11	12	14	15	16	20	22	23	24	27	28	29	30	31	33	34	36	37	38	40	42	43	47	49	#
87	18793.3	0	1	3	4	5	6	8	11	12	13	14	15	17	18	22	24	25	29	32	34	36	37	41	42	43	45	#
88	15274.4	1	2	4	5	7	10	11	12	14	15	16	17	18	19	20	21	22	23	24	27	28	29	30	31	35	36	37	38	39	40	41	42	45	#
89	10759.5	0	1	2	3	5	6	7	8	10	12	13	14	15	16	17	18	20	21	23	24	25	26	27	28	29	30	31	32	34	35	36	37	38	40	43	44	45	46	#
90	42075.7	0	1	2	3	4	5	6	7	8	9	10	11	12	15	17	18	19	20	21	22	23	24	25	26	27	28	29	30	31	32	34	35	36	37	38	39	41	42	43	45	46	47	48	49	#
91	8703.59	0	1	3	5	6	7	8	14	16	17	18	19	20	21	22	23	25	26	27	28	30	31	32	33	34	38	39	41	42	44	46	47	48	49	#
92	2761.66	2	9	11	14	24	39	#
93	15325.8	2	3	5	6	7	8	9	10	14	15	16	18	20	21	23	24	25	26	30	33	35	36	37	38	41	42	43	44	46	49	#
94	4484.97	4	6	8	10	12	14	16	18	28	31	38	41	42	44	45	49	#
95	13813.1	1	2	3	4	5	6	7	8	9	10	11	12	13	14	15	17	18	19	21	22	23	24	25	26	29	30	31	32	33	34	35	36	37	38	39	40	41	42	44	45	46	48	49	#
96	15606.8	3	6	7	8	9	10	11	12	14	15	16	18	21	23	24	27	29	32	36	44	45	47	48	49	#
97	9.16844	3	11	16	26	32	#
98	2756.73	5	9	10	14	17	18	20	25	28	30	31	33	40	42	43	44	46	47	49	#
99	13294.4	1	3	7	8	9	11	12	13	15	16	17	25	27	28	37	42	49	#
