%% File generated by CATS v.2.1Fri Dec 18 21:52:30 2020

%% The CATS webpage is http://robotics.stanford.edu/CATS

%% PARAMETER SETTINGS:
% Goods: 256; Bids: 1000; Distribution: L4; Runs: 1; Seed: 1608360756
% Legacy distribution parameters:
% Number of goods chosen according to Decay distribution (alpha = 0.55).
% Price chosen according to Linear Random distribution (low_linearly = 1, high_linearly = 1000).


goods 256
bids 1000
dummy 0

0	1153.83	107	188	#
1	872.201	106	#
2	1117.27	77	103	140	179	184	206	213	252	#
3	977.229	94	#
4	2202	71	80	84	#
5	396.535	19	#
6	615.488	188	#
7	3560.3	88	132	163	173	220	#
8	844.74	177	#
9	1818.19	11	152	239	#
10	2931.77	31	55	95	102	#
11	814.032	193	#
12	1986.84	55	58	78	84	101	135	139	152	161	184	212	248	#
13	2622.41	15	50	140	228	#
14	2625.41	20	42	89	#
15	1933.64	98	199	235	240	#
16	2368.07	41	100	241	#
17	977.161	66	#
18	949.753	81	#
19	535.657	53	#
20	992.955	8	#
21	880.974	45	#
22	649.415	13	#
23	825.051	74	#
24	518.254	87	#
25	942.784	219	#
26	984.386	17	#
27	1402.01	170	243	#
28	2654.68	49	130	181	#
29	718.051	105	#
30	798.449	156	#
31	946.895	73	#
32	791.145	173	#
33	2571.19	78	195	201	206	#
34	2646.34	25	103	126	161	219	#
35	985.16	166	#
36	981.326	122	#
37	1012.86	202	244	#
38	1451.45	13	35	62	74	139	154	182	217	253	#
39	211.332	197	#
40	2282.99	38	57	209	#
41	2814.96	19	111	126	139	160	#
42	3140.37	99	150	167	173	209	#
43	394.294	5	#
44	717.409	50	#
45	289.119	232	#
46	817.858	216	#
47	1443.55	12	97	#
48	937.445	215	#
49	784.041	60	#
50	2035.54	93	130	231	#
51	900.891	154	#
52	957.246	201	#
53	881.224	57	#
54	935.758	211	#
55	650.633	58	#
56	977.555	80	#
57	583.121	101	#
58	647.523	144	#
59	982.806	21	#
60	5514.51	5	51	81	87	105	178	#
61	998.757	82	#
62	949.145	68	#
63	853.418	203	#
64	880.266	43	#
65	982.867	191	#
66	340.704	25	#
67	1890.08	17	224	#
68	3369.22	14	43	143	222	#
69	913.755	244	#
70	984.634	98	#
71	785.82	127	#
72	246.082	33	#
73	469.145	91	#
74	136.807	246	#
75	2175.22	16	228	255	#
76	1341.98	16	114	151	220	#
77	1276.73	13	100	#
78	884.074	153	#
79	1682.64	39	185	200	230	#
80	978.152	18	#
81	944.789	162	#
82	2898.48	156	228	240	#
83	942.679	9	#
84	751.886	64	#
85	969.829	116	#
86	808.538	2	#
87	2280.2	77	101	154	#
88	984.552	157	#
89	939.663	84	205	#
90	806.167	152	#
91	986.303	120	#
92	1051.93	2	3	91	197	#
93	815.465	95	#
94	1329.31	102	159	#
95	845.782	225	#
96	690.692	148	#
97	818.929	47	#
98	3218.9	24	125	174	233	#
99	933.182	189	#
100	989.914	209	#
101	812.02	182	#
102	920.961	214	#
103	579.471	49	#
104	2473.52	6	27	156	202	219	#
105	1649.14	34	117	#
106	1695.41	63	69	136	174	177	210	#
107	210.342	249	#
108	997.012	172	#
109	987.331	61	#
110	1266.77	47	48	77	163	174	228	#
111	824.331	34	#
112	780.655	54	#
113	1211.99	68	109	124	227	248	#
114	1256.98	119	213	#
115	1431.36	8	33	85	138	#
116	5441.13	35	106	165	225	239	243	#
117	1831.77	70	241	#
118	909.026	247	#
119	710.569	183	#
120	1654.21	164	255	#
121	978.822	136	#
122	2619.97	49	114	146	158	#
123	964.257	41	#
124	962.73	184	#
125	4411.11	18	49	77	127	155	187	#
126	1072.96	6	69	117	#
127	869.544	204	#
128	1974.76	229	255	#
129	928.471	6	#
130	1309.95	168	186	#
131	683.184	207	#
132	1723.38	2	178	#
133	1490.18	115	244	#
134	536.638	137	#
135	1294.12	4	46	175	#
136	969.571	46	#
137	994.454	92	#
138	1815.49	141	172	#
139	994.856	248	#
140	2193.01	13	154	170	181	#
141	937.677	220	#
142	1357.78	40	90	#
143	3061.66	103	119	120	248	251	#
144	5213.83	28	52	113	115	210	244	#
145	944.772	254	#
146	2357.33	43	101	118	131	149	184	#
147	2697.58	28	35	137	#
148	918.438	99	138	#
149	968.015	110	#
150	1820.2	46	77	94	100	167	202	#
151	3419.13	23	59	67	71	#
152	3552.5	39	71	96	180	#
153	1099.04	76	174	#
154	195.681	104	#
155	928.898	242	#
156	994.865	103	179	#
157	867.049	7	#
158	2058.71	71	102	109	160	233	#
159	2683.8	12	83	212	#
160	834.916	53	87	#
161	755.054	109	#
162	938.895	0	#
163	3399.71	44	55	96	166	#
164	1921.27	39	71	155	246	#
165	400.736	111	#
166	1653.29	98	153	#
167	929.236	114	#
168	1848.65	135	142	#
169	2702.93	19	69	91	110	#
170	814.59	205	#
171	1175.77	161	212	#
172	898.101	89	#
173	996.219	129	#
174	904.435	231	#
175	932.087	3	#
176	1167.59	113	228	#
177	1040.72	48	243	#
178	961.24	245	#
179	959.378	228	#
180	3219.84	12	20	21	97	191	198	226	#
181	707.911	253	#
182	2429.67	0	8	177	#
183	994.967	37	#
184	979.364	20	#
185	936.524	42	#
186	4116.67	21	27	105	155	251	#
187	3585.73	92	111	127	172	#
188	2767.42	102	113	131	201	#
189	610.902	208	#
190	467.437	149	#
191	1796.64	19	99	194	#
192	1095.51	190	230	#
193	1271.99	95	231	#
194	1229.05	145	173	#
195	1060.8	0	42	#
196	963.069	36	#
197	941.972	51	#
198	793.285	229	#
199	691.523	161	246	#
200	2967.28	91	131	147	#
201	1561.42	122	148	#
202	1187.51	17	241	#
203	1379.05	138	219	#
204	334.814	141	#
205	698.976	128	#
206	1221.03	14	95	97	149	178	198	#
207	843.479	218	#
208	399.776	179	#
209	2968.92	37	106	115	246	#
210	811.339	96	#
211	1892.83	57	63	#
212	972.223	83	#
213	1649.22	30	80	#
214	2601.94	14	129	207	#
215	701.224	236	#
216	995.969	243	#
217	1003.08	32	111	142	#
218	811.15	28	#
219	1616.49	55	69	216	243	#
220	840.597	70	#
221	2473.23	121	177	247	#
222	3449.84	32	43	79	161	177	246	#
223	1885.03	11	184	#
224	5050.42	10	38	54	60	77	79	80	85	93	109	136	140	199	#
225	847.481	44	#
226	1460.54	29	208	215	231	#
227	817.536	151	#
228	1057.96	43	56	173	#
229	942.177	48	#
230	1450.86	74	103	#
231	1463.73	174	201	#
232	1127.67	147	208	#
233	3913.19	25	56	121	123	141	#
234	1330.24	55	184	#
235	2649.21	209	217	229	#
236	690.413	72	#
237	829.884	99	#
238	1688.47	225	227	#
239	2095.49	27	72	200	207	#
240	751.897	27	#
241	633.418	4	#
242	968.03	239	#
243	2093.93	23	38	82	#
244	2941.03	41	52	75	#
245	643.867	139	#
246	8705.89	11	14	22	51	75	116	181	225	233	242	244	249	#
247	2774.73	6	55	160	#
248	953.723	77	#
249	821.329	125	#
250	2805.18	19	133	240	#
251	973.893	210	#
252	1871.02	167	241	#
253	1423.53	24	74	136	165	240	#
254	2700.67	16	112	119	#
255	1131.45	32	197	#
256	1485.85	135	198	#
257	2139.92	37	191	221	#
258	2044.51	61	161	179	#
259	1790.97	118	165	#
260	1592.5	42	215	#
261	604.321	195	#
262	1232.84	33	187	#
263	3040.99	14	104	220	229	#
264	1083.06	117	247	#
265	950.96	140	#
266	1514.14	157	168	#
267	1582.39	205	234	255	#
268	818.812	84	#
269	1005.34	21	23	92	#
270	2555.45	56	63	84	#
271	5951.73	49	69	80	165	196	209	#
272	2858.01	0	172	188	199	#
273	1192.48	49	222	#
274	1735	9	98	145	187	#
275	1258.34	37	65	160	208	#
276	4740.46	49	70	135	139	157	225	#
277	1565.9	80	199	#
278	2903.67	6	7	75	188	#
279	1103.67	7	51	#
280	2478.73	26	132	160	#
281	986.09	86	#
282	959.449	165	#
283	943.739	212	#
284	1218	87	227	#
285	3686.19	78	95	110	114	146	155	#
286	421.447	206	#
287	3392.88	14	37	109	120	152	#
288	1329.62	23	218	#
289	917.743	241	#
290	2069.81	3	49	167	178	214	#
291	761.557	25	100	144	#
292	2777.21	24	42	201	213	#
293	1675.69	25	146	164	#
294	1117.16	33	189	204	#
295	1971.74	66	117	#
296	823.885	131	#
297	281.834	202	#
298	476.615	85	#
299	1178.15	84	121	174	#
300	752.567	24	#
301	2682.88	59	154	225	#
302	4614.97	41	73	102	125	148	183	#
303	754.981	168	#
304	928.889	56	#
305	1938.05	58	95	238	#
306	1745.33	103	224	226	#
307	2655.38	89	136	165	173	#
308	1434.63	98	216	#
309	1456.16	61	211	#
310	1773.85	22	27	94	158	203	#
311	1589.6	44	56	71	94	217	#
312	1789.13	240	251	#
313	7250.09	102	123	127	135	179	214	241	250	#
314	778.358	222	#
315	1942.97	123	130	#
316	2162.11	68	84	169	#
317	1604.76	47	65	66	116	214	255	#
318	1699.68	61	159	#
319	419.181	12	#
320	920.374	28	241	#
321	881.294	226	#
322	2512.55	66	76	187	#
323	1454.08	166	189	#
324	973.337	79	#
325	1936.84	73	107	#
326	1945.1	111	151	#
327	1296.31	1	105	#
328	1588.97	98	161	241	#
329	1387.76	157	204	#
330	1223.43	22	80	106	166	218	220	227	#
331	1316.71	21	27	#
332	1368.45	79	224	#
333	1938.49	35	68	#
334	638.239	1	#
335	850.386	163	#
336	2235.8	90	200	243	#
337	4673.39	73	75	122	183	186	#
338	487.174	159	#
339	734.059	67	#
340	746.517	252	#
341	1686.95	117	127	190	#
342	805.236	233	#
343	1322.75	16	119	210	#
344	4247.62	74	106	206	215	237	#
345	2967.25	117	156	224	#
346	763.961	181	#
347	520.727	55	#
348	1917.43	96	105	145	204	#
349	885.686	29	#
350	1847.34	10	180	#
351	1308.94	33	115	133	142	#
352	960.071	124	#
353	834.818	67	134	#
354	1494.11	32	75	121	235	#
355	1740.28	31	57	70	72	89	110	185	#
356	288.444	142	#
357	7273.48	9	14	25	42	90	146	194	214	#
358	2103.23	34	67	146	158	183	#
359	887.359	141	230	233	#
360	684.496	217	#
361	940.382	170	#
362	1014.3	115	155	#
363	801.235	194	#
364	1228.05	27	151	#
365	1992.37	171	221	#
366	1027.77	77	151	#
367	3489.36	5	24	64	233	#
368	2771.11	126	139	234	245	#
369	963.513	90	214	#
370	2279.25	31	40	228	#
371	634.068	251	#
372	317.174	213	#
373	1935.3	87	112	#
374	3906.57	33	44	70	239	#
375	2709.57	37	73	79	217	223	#
376	3383.46	41	80	116	244	#
377	553.627	190	#
378	1690.09	1	198	#
379	977.513	180	#
380	1294.04	127	179	204	206	#
381	1157.5	83	161	#
382	3526.76	23	27	164	227	#
383	1103.52	125	154	164	188	#
384	1213.67	46	49	136	247	#
385	895.934	35	#
386	963.606	10	#
387	873.919	200	#
388	636.307	250	#
389	923.792	133	134	#
390	1941.97	35	63	#
391	950.8	198	#
392	1015.18	46	199	#
393	713.575	32	#
394	1018.95	50	182	194	#
395	910.377	237	#
396	6192.18	5	13	16	48	82	135	180	#
397	1408.61	5	14	31	110	#
398	1661.02	68	76	178	#
399	827.925	227	#
400	966.52	11	#
401	1463.35	73	117	#
402	727.942	224	#
403	716.15	143	#
404	2511.43	29	185	254	#
405	971.554	196	#
406	1134.14	127	236	#
407	1980.61	132	168	#
408	1264.9	5	116	145	#
409	1925.04	38	142	255	#
410	3971.6	3	23	135	177	#
411	1600.87	1	122	#
412	2448.78	0	17	102	#
413	740.741	93	#
414	845.288	54	55	218	229	#
415	1677.64	16	168	170	196	#
416	1033.41	141	232	#
417	1241.25	26	53	61	207	253	#
418	1548.29	73	103	#
419	1850.12	9	74	168	#
420	1904.55	60	124	#
421	2600.66	172	191	239	#
422	1543.03	120	123	#
423	1605.54	109	233	#
424	2582.42	9	22	23	29	229	#
425	2605.28	48	182	187	240	#
426	791.771	234	#
427	1894.98	32	238	#
428	934.78	115	#
429	1168.57	23	148	#
430	1657.8	10	129	238	#
431	1206.86	31	32	77	240	#
432	1381.44	10	44	93	149	#
433	1846.71	43	86	171	185	#
434	892.67	71	#
435	577.506	123	#
436	870.098	39	#
437	940.072	31	#
438	2168.31	9	77	229	#
439	941.936	131	156	#
440	1969.35	26	80	#
441	625.017	134	#
442	1585.68	145	150	250	#
443	361.811	76	#
444	1711.96	9	60	#
445	3009.13	40	79	125	138	#
446	440.16	167	#
447	1691.66	50	61	179	#
448	1257.31	22	41	55	69	97	134	177	208	#
449	1514.77	24	46	64	80	203	226	#
450	973.373	113	#
451	1940.9	96	194	#
452	2305.95	39	121	246	#
453	902.561	126	#
454	2454.72	53	100	179	#
455	1017.37	129	220	#
456	2780.81	132	174	233	#
457	541.629	16	#
458	2050.36	89	123	146	195	#
459	831.87	186	#
460	2990.47	119	172	208	#
461	473.01	119	#
462	934.699	88	#
463	993.859	30	#
464	670.422	14	#
465	1312.45	82	100	#
466	2187.41	135	201	243	#
467	1432.24	10	70	177	237	252	#
468	1928.85	121	162	244	#
469	2788.32	70	106	182	#
470	2265.89	197	218	251	#
471	1917.45	89	176	200	#
472	847.308	132	#
473	1477.41	32	106	#
474	1415.53	46	166	#
475	2447.32	27	188	254	#
476	1054.59	21	233	247	#
477	1408.23	180	227	#
478	789.338	176	#
479	735.845	112	#
480	1150.74	152	175	195	#
481	3194.74	29	95	149	162	174	180	207	217	230	#
482	11945.9	26	28	64	85	86	112	157	167	173	204	231	239	#
483	6133.86	7	51	121	154	194	240	249	#
484	1622.33	191	217	251	#
485	1498.23	24	189	191	#
486	1766.19	4	59	#
487	1192.72	74	160	#
488	9453.81	27	113	126	137	143	145	154	155	221	233	239	#
489	891.067	223	#
490	1954.23	71	105	122	#
491	3887.23	33	156	181	192	215	#
492	1697.91	65	184	#
493	1906.67	10	166	#
494	1016.08	2	23	61	68	160	#
495	1747.76	25	156	170	#
496	1258.58	73	121	#
497	3293.33	15	60	160	167	#
498	2746.38	43	51	107	201	209	248	#
499	942.368	171	#
500	2594.79	66	191	229	235	#
501	3357	32	65	94	219	#
502	876.335	26	#
503	4074.47	9	36	132	138	178	202	#
504	1745.25	53	90	107	#
505	326.44	161	#
506	4043.04	13	49	54	77	125	136	208	#
507	1103.45	19	33	78	152	#
508	1538.81	205	219	#
509	2371.6	69	155	208	242	#
510	1261.07	197	200	#
511	1774.23	20	81	176	194	223	#
512	1261.97	148	223	#
513	4094.83	29	79	142	201	227	242	#
514	1629.91	238	251	#
515	1261.48	131	195	#
516	1599.78	212	253	#
517	3236.66	57	97	129	148	191	195	199	240	241	#
518	858.989	52	#
519	933.736	107	#
520	1213.65	50	58	#
521	1661.87	118	151	190	#
522	2502.83	76	102	158	#
523	1037.07	58	139	#
524	6351.53	90	114	115	118	161	237	238	#
525	1302.76	15	96	107	147	#
526	3346.06	27	37	47	50	151	190	215	#
527	1313.47	2	73	78	#
528	2629.45	73	81	128	210	#
529	1914.65	21	225	#
530	3734.55	101	166	190	245	#
531	1157.26	14	37	123	229	#
532	471.035	133	#
533	484.179	175	#
534	1784.41	3	27	233	#
535	2591.05	19	20	174	#
536	367.051	102	#
537	2376.71	4	23	212	#
538	5665.45	44	76	153	181	211	241	246	#
539	452.88	174	#
540	6207.37	49	140	146	147	180	190	191	246	#
541	2422.83	50	89	149	#
542	3388.14	38	187	200	226	234	#
543	568.602	87	130	#
544	2509.84	21	59	107	145	153	218	#
545	1019.14	14	108	#
546	1919.95	94	157	251	#
547	8760.83	29	54	93	134	147	194	196	236	244	#
548	4047.42	10	66	96	198	218	225	238	#
549	4315.6	10	33	39	175	222	#
550	1229.16	35	218	242	#
551	1589.67	114	187	#
552	962.702	145	#
553	2519.56	43	51	81	112	219	#
554	5081.6	34	47	73	103	141	191	#
555	877.317	105	118	#
556	705.109	108	#
557	1596.68	39	203	237	#
558	1556.98	50	154	#
559	886.417	62	#
560	4526.6	64	68	95	129	138	#
561	5993.49	54	134	154	160	198	212	#
562	815.16	85	249	#
563	1517.75	11	68	209	#
564	2978.78	18	82	90	155	252	#
565	4675.9	6	74	84	188	217	#
566	2209.02	98	247	253	#
567	1591.33	128	235	#
568	1689.66	9	135	#
569	988.105	100	224	#
570	1786.64	67	155	#
571	1766.7	40	215	#
572	886.514	119	182	#
573	3615.95	14	26	56	194	239	#
574	1994	59	134	156	170	188	228	#
575	1655.76	19	213	#
576	1238.46	43	57	#
577	1915.21	199	206	#
578	1440.8	48	104	166	201	#
579	973.332	158	#
580	895.864	60	85	#
581	2103.36	94	109	223	#
582	1716.06	24	148	151	176	#
583	1413.66	84	235	#
584	1145.23	145	160	#
585	4153.14	33	59	71	136	169	234	#
586	147.069	169	#
587	1769.34	40	98	#
588	6275.16	46	54	82	83	120	160	206	207	#
589	281.923	150	#
590	1262.82	99	245	#
591	1896.76	83	85	108	109	128	189	199	251	#
592	1332.05	0	146	181	#
593	972.906	199	#
594	799.642	121	#
595	6713.09	30	58	62	64	77	90	196	215	228	#
596	2671.77	84	134	161	#
597	2943.73	2	125	226	#
598	1696.1	67	108	#
599	5179.51	131	146	180	186	220	232	234	#
600	587.847	40	#
601	2205.79	208	232	237	#
602	1072.81	101	122	#
603	1225.11	29	86	101	#
604	955.376	38	#
605	3942.45	81	140	166	197	245	#
606	4532.25	50	63	105	113	159	208	#
607	2725.57	25	110	203	242	#
608	961.037	155	#
609	2285.27	84	146	243	#
610	1556.99	8	96	140	#
611	1358.32	27	39	#
612	1424.34	71	109	#
613	718.303	185	#
614	2583.44	30	47	55	#
615	2644.5	50	56	232	#
616	2466.61	58	158	253	#
617	1800.04	25	47	167	194	#
618	622.839	118	#
619	3327.15	33	65	73	99	#
620	952.159	15	#
621	920.802	164	#
622	611.694	90	160	#
623	2327.89	36	43	119	#
624	2799.23	28	99	143	#
625	939.897	99	246	#
626	1023.44	38	76	176	194	233	#
627	1561.44	147	233	#
628	2890.14	29	97	160	168	179	#
629	1488.76	33	218	#
630	1768.16	202	203	#
631	1417.01	90	206	#
632	4053.41	69	120	179	228	235	#
633	1707.54	19	169	191	#
634	1132.88	133	219	#
635	1649.83	45	68	#
636	1943.99	32	102	#
637	1675.69	114	210	#
638	913.749	131	213	223	#
639	770.75	221	#
640	2290.02	14	108	113	#
641	562.755	255	#
642	1285.1	177	178	#
643	6390.57	5	21	31	44	48	135	251	#
644	741.015	59	#
645	1027.63	65	127	164	#
646	1332.67	71	230	#
647	351.131	117	#
648	1458.66	83	185	238	#
649	911.122	192	#
650	1054.08	37	68	184	#
651	1081.26	13	186	215	#
652	2643.72	31	143	166	190	202	#
653	1225.61	129	147	#
654	1782.05	137	245	#
655	1062.28	93	106	#
656	1652.35	86	140	#
657	3168.74	70	74	81	90	129	#
658	4029.03	0	47	89	203	250	#
659	1603.03	73	87	#
660	2243.78	64	140	175	#
661	1384.92	33	215	#
662	1607.2	229	254	#
663	1884.61	74	208	#
664	2190.92	5	66	137	#
665	801.043	75	251	#
666	1284.89	42	44	53	148	226	#
667	1026.04	35	112	#
668	1653.31	18	64	192	#
669	1634.06	200	245	#
670	1841.26	38	156	#
671	1911.04	21	59	65	155	163	175	201	#
672	1125.66	119	131	243	#
673	1823.28	10	100	203	#
674	958.053	64	241	#
675	1024.49	117	177	#
676	999.378	37	161	197	#
677	1102.42	169	226	#
678	5525.04	88	142	156	208	232	242	#
679	3366.18	13	144	231	249	#
680	2967.29	130	133	179	190	225	#
681	2111.34	189	199	242	#
682	1139.51	52	135	#
683	1991.09	32	99	112	#
684	3477.73	60	85	89	158	#
685	5681.77	5	20	40	51	71	106	193	232	250	#
686	4683.63	5	19	39	218	235	243	#
687	3919.1	29	88	195	225	#
688	2133.01	46	52	183	#
689	1805.12	103	111	127	#
690	1349.47	28	88	122	#
691	2078.34	62	83	176	222	#
692	1805.84	3	253	#
693	2672.69	53	74	126	160	182	#
694	1124.56	22	25	35	223	236	237	#
695	1715.04	60	194	#
696	937.928	53	138	208	#
697	1084.43	118	129	160	174	#
698	795.514	69	#
699	1491	93	124	203	#
700	1431.49	57	117	210	228	#
701	3971.55	46	79	114	231	#
702	2441.9	74	94	212	#
703	2175.06	30	133	173	#
704	1041.22	28	29	#
705	489.056	147	#
706	1727.04	50	130	214	#
707	5300.42	2	16	43	89	139	146	147	204	#
708	1271.43	1	21	160	162	#
709	1515.13	15	206	#
710	2818.58	51	72	124	156	182	244	#
711	3910.97	53	94	100	183	185	#
712	1093.75	219	231	#
713	2538.99	127	246	247	#
714	3788.32	65	79	90	113	128	215	#
715	4301.53	38	39	62	86	108	178	#
716	1345.03	5	43	103	144	168	216	#
717	1524.95	50	161	245	#
718	752.437	65	#
719	1331.91	45	67	192	252	#
720	384.813	178	#
721	2215.69	27	33	58	107	202	#
722	1872.26	57	68	#
723	1648.28	157	204	232	#
724	3799.93	26	47	62	160	200	#
725	1152.89	225	239	#
726	704.342	97	#
727	1836.15	71	147	#
728	954.423	63	70	128	173	#
729	241.063	100	#
730	3027.3	81	106	110	187	#
731	1388.42	17	242	#
732	2853.34	116	146	167	205	#
733	3779.77	42	110	131	133	#
734	2862.12	72	136	167	181	232	#
735	778.408	23	#
736	1736.11	57	221	#
737	1896.6	20	201	#
738	1116.85	34	51	#
739	1202.7	97	181	#
740	3895.5	56	125	138	171	176	188	#
741	2540.7	20	153	231	#
742	897.65	135	#
743	1854.32	52	61	85	192	#
744	2228.35	29	70	138	#
745	2260.43	54	143	166	192	#
746	3552.91	49	148	159	219	#
747	1243.87	209	216	#
748	1355.66	0	176	#
749	1399.67	63	202	204	214	246	#
750	989.962	142	171	#
751	1896.48	26	82	193	#
752	1217.73	41	111	200	#
753	1930.42	0	101	142	143	229	#
754	2430.83	39	208	224	#
755	1194.82	55	67	82	171	201	#
756	1034.71	31	245	#
757	2413.73	20	100	199	204	235	#
758	2573.42	71	119	128	164	#
759	1573.93	16	150	179	232	244	#
760	987.749	86	195	#
761	990.672	4	41	#
762	1553.11	117	145	155	#
763	1936.46	127	131	#
764	2373.96	2	84	217	#
765	1094.97	130	244	#
766	160.382	130	#
767	1370.23	8	71	183	188	#
768	1756.15	0	66	134	#
769	532.031	146	#
770	1402.94	175	178	#
771	1967.95	104	253	#
772	3366.23	2	22	25	99	#
773	5074.6	51	68	91	110	126	154	175	207	225	244	#
774	4310.72	60	62	79	170	179	#
775	1153.62	45	223	#
776	1003.1	6	42	#
777	2333.93	69	124	240	#
778	1345.88	189	226	242	#
779	1730.51	4	35	#
780	1874.69	10	101	161	#
781	1944.15	40	147	253	#
782	1075.37	49	157	227	247	#
783	1097.47	16	196	#
784	2917.04	29	113	211	#
785	997.581	26	43	#
786	1795.18	34	56	#
787	1642.12	138	146	171	218	246	#
788	2322.84	41	73	92	212	252	#
789	810.98	187	#
790	1177.29	12	243	#
791	1326.59	64	203	#
792	1858.2	200	206	#
793	1550.43	35	152	#
794	481.596	78	#
795	3667.54	2	69	145	160	241	245	#
796	1889.25	71	110	180	215	#
797	1355.69	47	239	#
798	997.73	130	150	#
799	1272.74	34	63	68	101	136	204	#
800	5117.55	3	5	39	49	57	107	112	113	118	136	210	228	#
801	1202.13	73	252	#
802	1724.53	73	84	#
803	1153.56	98	210	#
804	5517.09	21	46	60	66	81	127	184	215	216	247	#
805	773.669	27	174	#
806	1925.3	10	240	#
807	2432.55	14	48	149	169	#
808	850.107	230	#
809	1809.54	82	176	#
810	1358.87	167	227	#
811	1655.06	6	15	173	213	#
812	1662.21	17	179	#
813	1563.9	110	210	#
814	1509.89	77	127	#
815	2425.71	19	39	48	52	127	209	#
816	2479.63	85	98	217	#
817	2457.94	72	92	111	218	#
818	1689.14	210	217	#
819	1020.95	23	255	#
820	1479.48	90	106	148	231	#
821	4154.03	64	79	84	100	215	#
822	2192.34	58	98	114	143	209	#
823	3919.86	50	60	86	175	195	198	215	237	#
824	1710.74	148	191	#
825	2872.93	41	221	233	#
826	1355.18	51	138	#
827	1851.77	64	187	#
828	1285.17	224	230	#
829	1605.89	209	237	#
830	1683.41	50	94	166	#
831	1005.43	49	72	#
832	1154.04	86	139	248	#
833	1550.34	27	171	203	228	#
834	1764.03	107	184	#
835	5201.95	64	65	132	163	203	224	226	#
836	1885.67	28	71	138	241	#
837	1493.64	78	249	#
838	3960.53	50	112	157	197	253	#
839	1003.02	15	60	144	149	226	#
840	1926.2	120	176	#
841	3308.19	61	131	136	188	#
842	1656.21	111	127	#
843	5404.32	57	90	112	114	117	157	226	232	233	#
844	1782.88	136	173	225	235	#
845	985.851	204	252	#
846	3011.46	56	57	94	202	#
847	2694.75	26	121	240	#
848	1688.33	58	107	132	167	#
849	2003.6	49	69	254	#
850	1781.2	29	228	#
851	1562.93	45	76	#
852	881.592	65	90	#
853	2651.6	5	78	210	254	#
854	2723.86	79	94	95	208	#
855	1692.99	156	234	#
856	1550.25	125	237	#
857	5824.06	1	17	23	44	104	122	133	167	190	197	217	226	233	#
858	992.205	136	186	#
859	269.92	240	#
860	1522.96	75	120	166	#
861	1360.81	14	21	#
862	1303.05	148	240	#
863	4629.49	41	113	130	141	153	237	#
864	1059.02	199	224	#
865	1869.12	60	211	217	#
866	1217.97	95	102	#
867	2061.72	15	69	86	#
868	1734.1	44	175	217	#
869	1076.67	9	116	153	#
870	2309.7	41	89	166	#
871	1384.72	32	186	#
872	2597.13	17	223	224	#
873	2892.19	122	160	180	#
874	1222.19	100	213	#
875	1223.35	83	244	#
876	1665.74	86	159	#
877	3218.64	109	161	168	182	#
878	1356.31	166	183	#
879	3183.26	19	109	170	202	224	#
880	1326.72	212	240	248	#
881	1188.12	58	214	#
882	73.0484	235	#
883	1247.41	30	90	#
884	1654.25	89	127	#
885	1772.61	168	228	#
886	937.266	25	225	#
887	1596.45	8	127	148	165	206	231	241	#
888	1878.32	16	200	#
889	3159.09	7	58	123	195	231	#
890	1015.18	125	220	#
891	1293.6	66	83	96	104	#
892	1238.04	136	234	#
893	2869.36	140	154	204	#
894	1619.33	51	211	#
895	1118.79	28	164	#
896	2172.21	102	106	111	245	#
897	933.735	13	76	131	#
898	2520.74	5	139	191	#
899	1533.77	128	167	175	#
900	2530.66	10	16	30	98	165	#
901	3524.58	95	177	179	180	#
902	2752.49	85	98	106	157	237	#
903	3424.37	17	123	138	165	#
904	1437.78	79	86	#
905	6424.83	59	92	140	156	170	186	210	238	#
906	1307.19	157	172	#
907	1882.06	40	189	255	#
908	2804.36	138	145	224	#
909	2561.91	37	84	230	#
910	1221.75	131	165	#
911	10.9068	160	#
912	1338.18	6	79	#
913	1185.34	69	217	#
914	6038.73	33	35	44	46	58	95	110	#
915	2991.4	41	109	204	#
916	1207.91	75	116	201	#
917	1934.77	34	230	#
918	3018.45	118	156	196	203	#
919	2906.27	36	111	114	#
920	1015.89	166	212	#
921	1186.71	15	66	72	95	215	218	#
922	935.723	54	152	227	#
923	367.932	238	#
924	1388.56	22	81	#
925	2276.17	49	112	117	142	#
926	1070.85	16	158	#
927	1962.58	52	66	184	252	#
928	1601.03	2	83	#
929	1054.33	128	133	164	213	#
930	1878.94	79	97	99	122	195	201	#
931	1042.16	28	236	#
932	3221.26	47	106	121	159	#
933	1972.67	36	69	180	#
934	2079.63	8	160	174	181	220	231	#
935	1414.74	99	150	253	#
936	2173.4	112	146	216	#
937	1103.02	7	89	#
938	1558.11	19	20	121	124	#
939	728.201	138	#
940	1285.4	18	48	206	#
941	2625.54	87	130	141	161	#
942	2295.66	19	90	200	201	#
943	1703.74	26	243	#
944	3954.14	46	48	119	242	#
945	2195.66	62	86	193	#
946	8786.76	25	26	32	80	111	160	180	189	224	225	235	241	255	#
947	1750.51	14	21	181	212	#
948	1671.87	20	93	129	#
949	1950.27	67	154	#
950	1972.81	86	128	173	#
951	2684.29	35	78	83	#
952	1334.73	26	86	100	#
953	957.804	128	192	194	#
954	1376.56	125	211	#
955	1045.83	99	226	#
956	1579.1	7	153	#
957	3412.04	2	8	38	66	160	#
958	1278.25	177	249	#
959	1891.09	56	79	161	#
960	1635.54	98	117	125	218	249	#
961	1559.65	41	79	#
962	2925.68	72	165	237	#
963	1480.12	72	166	#
964	1670.29	26	134	185	#
965	811.7	65	217	224	#
966	1648.54	57	163	#
967	1134.76	19	67	125	161	198	228	#
968	1200.42	27	104	228	#
969	1640.18	74	81	#
970	3588.02	26	79	100	124	#
971	1126.23	35	86	#
972	3852.52	51	65	156	157	#
973	1377.56	143	208	#
974	2924.68	10	171	241	#
975	1085.38	77	99	170	201	#
976	1757.48	100	177	#
977	1886.92	31	59	#
978	3154.04	0	26	82	98	#
979	1753.82	62	65	#
980	5548.54	55	80	123	129	167	191	#
981	1854.42	25	97	165	#
982	1013.51	150	239	#
983	981.774	103	#
984	5207.42	40	101	111	133	165	220	#
985	1858.62	32	146	#
986	2628.03	41	46	53	105	202	226	#
987	2347.28	91	166	167	190	197	#
988	1537.28	29	65	147	#
989	1041.86	51	98	175	#
990	3556.94	59	141	181	238	#
991	353.593	75	#
992	2067.6	121	123	230	#
993	2840.76	85	128	173	185	#
994	4722.34	48	107	115	124	231	236	#
995	2463.15	128	197	222	229	#
996	1931.21	28	206	#
997	1508.72	173	214	#
998	1341.59	14	209	#
999	3918.41	5	50	231	251	#
