%% File generated by CATS v.2.1Fri Dec 18 21:53:26 2020

%% The CATS webpage is http://robotics.stanford.edu/CATS

%% PARAMETER SETTINGS:
% Goods: 256; Bids: 1000; Distribution: L5; Runs: 1; Seed: 1608360897
% Legacy distribution parameters:
% Number of goods chosen according to Normal distribution (mu_goods = 4, sigma_goods = 1).
% Price chosen according to Normal distribution (mu_price = 16, sigma_price = 3).


goods 256
bids 1000
dummy 0

0	14.7323	4	197	213	249	#
1	11.8435	76	79	207	#
2	8.26962	31	#
3	22.8167	52	72	161	210	216	218	#
4	9.92715	102	156	#
5	13.7492	35	181	186	#
6	17.082	112	157	172	182	#
7	21.4459	14	133	193	194	209	237	#
8	21.7566	54	63	65	117	146	221	#
9	18.2474	41	52	175	198	205	#
10	13.4684	88	168	178	#
11	12.823	26	97	115	#
12	22.5949	33	123	145	201	216	247	#
13	23.508	40	50	63	97	183	200	202	#
14	17.5302	75	140	156	198	227	#
15	14.4917	6	96	195	#
16	21.3847	1	10	82	105	138	200	#
17	17.4362	146	224	225	237	#
18	17.978	59	68	109	223	254	#
19	13.4548	56	115	226	#
20	11.6173	214	230	240	#
21	19.502	46	57	131	142	236	#
22	19.4727	7	36	99	195	210	#
23	18.4586	43	86	204	233	241	#
24	20.336	93	96	162	194	229	#
25	20.4521	134	155	205	232	245	#
26	18.1889	1	39	67	71	129	#
27	14.5282	89	111	126	251	#
28	6.82107	11	#
29	24.0685	16	67	120	124	144	177	249	#
30	12.5722	1	128	189	#
31	19.1784	19	41	120	240	247	#
32	11.801	72	146	154	#
33	11.74	96	98	166	#
34	22.8923	11	48	80	157	192	220	#
35	10.6518	121	173	#
36	22.1669	16	37	71	115	180	231	#
37	19.66	42	86	90	162	177	#
38	14.8584	157	178	188	223	#
39	17.0948	15	74	88	106	#
40	18.2147	33	74	135	173	188	#
41	12.3068	44	75	153	#
42	13.2136	117	217	249	#
43	19.5402	111	128	208	232	233	#
44	17.5353	54	137	157	171	246	#
45	9.57916	137	152	#
46	21.4187	53	79	159	163	185	186	#
47	23.7842	65	97	120	145	147	167	176	#
48	21.0339	22	76	91	166	174	221	#
49	18.6583	3	115	165	179	182	#
50	21.2165	49	87	96	147	192	214	#
51	12.3179	42	154	232	#
52	11.3648	125	130	#
53	14.7261	20	76	147	234	#
54	16.2109	37	42	72	206	#
55	17.516	33	52	84	154	229	#
56	19.3975	55	141	146	153	200	#
57	14.4067	26	182	183	#
58	21.0283	63	68	139	157	200	239	#
59	11.6746	12	190	219	#
60	9.55733	46	57	#
61	17.9642	83	110	127	226	249	#
62	10.2895	65	165	#
63	12.9672	10	48	63	#
64	16.101	83	171	184	206	#
65	22.8555	8	16	37	98	206	217	#
66	18.8042	41	55	56	100	112	#
67	13.27	54	191	210	#
68	17.9939	3	52	169	179	184	#
69	9.42229	5	226	#
70	14.3335	35	41	119	#
71	10.1503	162	199	#
72	18.8039	5	46	49	190	197	#
73	18.3984	14	70	131	155	225	#
74	9.50537	48	139	#
75	16.6213	64	96	158	210	#
76	19.6293	94	141	206	212	227	#
77	17.72	3	72	158	221	244	#
78	20.5761	55	78	150	196	247	251	#
79	18.1357	10	49	74	80	143	#
80	11.82	136	145	191	#
81	10.2079	126	205	#
82	15.0701	29	174	189	225	#
83	10.7212	22	235	#
84	8.81875	155	167	#
85	20.6125	19	27	130	141	206	253	#
86	17.8512	34	39	52	56	213	#
87	14.6087	40	49	212	217	#
88	22.8991	21	107	168	172	182	192	#
89	12.6738	18	35	220	#
90	11.4508	14	220	#
91	12.2561	106	146	191	#
92	22.5414	33	36	51	78	159	177	#
93	19.1732	0	10	11	171	214	#
94	18.2318	6	27	31	32	251	#
95	18.4696	3	95	102	185	199	#
96	14.7769	3	52	71	221	#
97	10.8486	33	175	#
98	12.8486	27	221	229	#
99	11.6198	99	141	210	#
100	10.8559	42	206	#
101	11.5754	36	53	70	#
102	12.8008	28	65	182	#
103	13.6656	4	52	131	#
104	13.9344	8	104	225	#
105	22.8829	18	50	102	132	137	173	#
106	7.33848	148	#
107	18.1446	40	74	107	126	182	#
108	22.0015	18	85	112	117	174	202	#
109	12.1936	20	43	216	#
110	9.84822	20	163	#
111	21.0008	66	72	148	180	195	198	#
112	21.0621	11	31	115	146	147	187	#
113	17.362	89	141	154	175	#
114	11.172	206	222	#
115	21.0552	14	35	88	110	202	237	#
116	14.4399	43	196	233	#
117	14.7392	20	105	133	242	#
118	14.1494	222	240	244	#
119	15.1961	133	135	151	212	#
120	19.4634	5	74	163	231	238	#
121	17.5041	1	41	42	124	202	#
122	20.0488	48	51	139	156	231	#
123	12.3791	34	119	161	#
124	18.6754	17	75	96	140	169	#
125	17.2649	15	37	42	173	#
126	18.9046	47	69	113	144	248	#
127	19.8079	155	186	225	232	250	#
128	11.9357	27	96	172	#
129	20.5778	8	24	94	163	165	191	#
130	10.9347	105	245	#
131	17.4425	50	148	160	232	#
132	18.1426	12	36	76	139	151	#
133	13.1575	31	138	215	#
134	20.7482	2	9	135	179	227	232	#
135	23.6161	13	65	149	165	166	203	254	#
136	20.2402	19	62	72	114	155	#
137	14.6416	17	65	85	246	#
138	13.0988	32	107	175	#
139	9.98939	143	201	#
140	20.0367	27	135	145	165	218	#
141	18.6004	81	146	172	181	208	#
142	10.9627	136	162	#
143	20.4435	16	155	183	209	251	#
144	20.4394	41	84	118	139	169	#
145	14.63	144	153	182	202	#
146	12.6859	82	190	243	#
147	14.1957	30	120	203	#
148	20.6914	92	101	116	128	186	228	#
149	21.6619	14	56	96	99	114	218	#
150	22.031	2	20	111	151	179	209	#
151	10.3727	44	62	#
152	10.0739	147	163	#
153	12.7018	105	186	240	#
154	14.2664	133	171	226	#
155	14.0175	86	144	221	#
156	14.1186	209	251	255	#
157	21.2929	8	23	148	162	232	251	#
158	10.922	20	229	#
159	19.8653	14	95	134	135	244	#
160	11.9837	64	198	213	#
161	21.0299	10	18	96	134	148	249	#
162	11.3808	49	215	#
163	13.0006	31	158	201	#
164	10.2301	44	156	#
165	20.6578	13	29	55	141	143	194	#
166	19.3902	19	38	122	176	220	#
167	16.6807	83	142	146	149	#
168	11.3949	85	194	#
169	19.747	27	108	136	182	215	#
170	19.854	52	126	158	163	218	#
171	22.8206	0	77	161	197	220	237	#
172	17.8926	48	52	137	193	249	#
173	19.8675	70	81	139	176	248	#
174	22.0623	0	53	167	198	206	231	#
175	17.7474	6	98	185	221	233	#
176	18.8276	39	42	64	120	133	#
177	13.4547	37	42	213	#
178	13.4271	88	101	212	#
179	8.61264	15	193	#
180	9.44177	36	160	#
181	24.9293	14	47	63	76	84	109	140	#
182	17.3064	3	57	107	234	#
183	14.4569	166	186	231	#
184	13.1245	112	113	251	#
185	10.1463	89	193	#
186	19.938	38	51	122	161	168	#
187	15.5104	109	152	164	173	#
188	8.27524	24	#
189	19.9337	149	168	172	243	251	#
190	22.4809	18	19	21	86	99	187	#
191	11.9666	50	104	167	#
192	11.3414	83	157	#
193	18.8943	67	100	133	134	212	#
194	18.8563	2	135	192	204	205	#
195	12.7112	11	26	142	#
196	18.6277	74	87	93	150	217	#
197	13.6618	44	147	186	#
198	19.908	75	92	133	162	255	#
199	11.7821	22	48	83	#
200	16.4691	7	75	144	199	#
201	10.6933	130	235	#
202	8.82623	66	192	#
203	25.8047	41	48	76	101	127	149	221	#
204	20.6291	43	55	125	168	173	245	#
205	18.4917	94	104	108	161	180	#
206	19.0088	98	181	221	224	227	#
207	13.2986	36	198	245	#
208	15.3505	57	151	157	166	#
209	18.4028	28	82	127	145	246	#
210	20.9105	90	99	113	124	225	230	#
211	20.7833	41	84	159	169	193	224	#
212	13.4159	17	103	194	#
213	10.9875	114	132	#
214	12.0178	110	111	231	#
215	18.3173	41	47	106	146	251	#
216	11.1338	108	124	#
217	14.1365	0	67	174	#
218	10.7546	20	116	#
219	21.5377	0	31	65	139	144	227	#
220	21.2545	7	23	30	61	103	167	#
221	9.41463	113	173	#
222	9.58117	130	188	#
223	18.3356	17	59	83	111	147	#
224	12.7684	167	178	187	#
225	10.8872	144	255	#
226	19.2285	19	138	150	222	226	#
227	14.6509	65	90	199	206	#
228	18.7696	50	149	182	189	209	#
229	12.7655	38	192	195	#
230	17.2513	39	83	174	222	#
231	10.2904	61	207	#
232	20.9604	6	137	151	223	235	244	#
233	25.3712	13	23	87	186	196	215	228	#
234	18.8548	6	7	33	87	127	#
235	13.3411	55	64	252	#
236	9.90749	36	119	#
237	13.3316	212	214	240	#
238	23.1217	31	62	66	220	230	231	#
239	17.7985	14	130	131	229	233	#
240	14.2457	15	197	216	#
241	9.21321	112	217	#
242	20.0174	11	44	68	145	149	#
243	21.3779	8	112	137	241	242	255	#
244	24.3162	67	81	85	122	155	157	243	#
245	19.7862	49	53	67	69	174	#
246	18.7008	24	78	95	112	209	#
247	19.354	67	99	161	207	229	#
248	17.5507	71	140	180	190	241	#
249	13.6419	109	217	255	#
250	18.3001	67	73	109	136	253	#
251	18.2222	0	8	10	127	167	#
252	22.18	5	34	53	130	197	214	#
253	8.74239	1	153	#
254	10.9477	181	245	#
255	22.8193	57	109	164	170	179	226	#
256	24.3105	23	107	131	162	169	183	223	#
257	18.4746	41	47	102	159	245	#
258	18.2933	29	61	113	151	196	#
259	18.5659	16	58	97	194	208	#
260	13.9741	125	162	213	#
261	21.0557	8	42	129	181	230	248	#
262	13.6362	33	194	195	#
263	11.3051	194	238	#
264	9.99156	19	156	#
265	13.7935	23	152	248	#
266	8.10063	77	#
267	21.3695	33	35	145	183	191	201	#
268	16.184	0	54	60	197	#
269	13.9767	25	32	108	#
270	11.0696	98	155	#
271	22.6734	34	63	94	99	110	203	#
272	21.3299	30	54	81	90	177	187	#
273	26.3669	25	50	69	104	123	219	253	#
274	18.8557	44	67	157	215	248	#
275	7.87169	26	#
276	12.131	101	128	252	#
277	11.8129	40	41	122	#
278	24.77	32	36	51	103	121	161	191	#
279	12.9384	129	152	162	#
280	13.6574	95	141	252	#
281	18.9717	151	168	169	177	208	#
282	18.0899	30	67	70	191	254	#
283	13.5797	14	17	26	#
284	10.5608	0	130	#
285	20.9306	14	44	56	83	170	245	#
286	23.5809	22	39	46	145	191	202	212	#
287	18.2236	60	98	127	172	224	#
288	18.9	6	48	150	177	226	#
289	17.6562	9	67	164	222	227	#
290	18.6333	3	17	75	100	130	#
291	24.5348	27	40	59	135	190	235	243	#
292	17.3747	0	76	115	205	#
293	21.2633	62	124	149	204	208	209	#
294	21.8983	12	86	94	113	143	250	#
295	17.1465	1	80	102	208	#
296	19.0597	23	37	130	212	255	#
297	12.919	116	200	207	#
298	19.6096	10	31	51	83	111	#
299	12.7943	50	95	155	#
300	10.5076	27	82	#
301	13.1718	2	63	162	#
302	10.9131	93	237	#
303	17.3274	104	111	113	204	#
304	13.3576	117	188	248	#
305	15.69	76	105	169	214	#
306	13.9311	5	194	255	#
307	12.0268	144	187	192	#
308	18.3236	69	100	117	183	241	#
309	10.8018	0	84	#
310	19.3903	33	128	132	212	216	#
311	22.8196	53	122	151	172	209	252	#
312	12.3713	32	129	174	#
313	11.668	43	121	152	#
314	18.5742	1	13	142	151	165	#
315	18.7836	79	88	131	154	206	#
316	18.7544	22	103	176	191	201	#
317	14.797	18	45	82	228	#
318	21.7398	69	78	138	144	172	251	#
319	19.4071	12	13	72	79	184	#
320	21.6934	28	34	75	92	135	237	#
321	12.1513	15	57	107	#
322	22.4263	1	9	112	135	178	240	#
323	18.4584	24	103	128	161	195	#
324	19.3865	56	86	202	222	237	#
325	12.2791	123	143	179	#
326	11.9049	23	78	232	#
327	19.0914	52	53	63	89	164	#
328	19.7398	7	31	106	197	250	#
329	11.28	22	104	#
330	11.0783	29	162	#
331	19.6668	13	19	94	104	131	#
332	13.9597	2	25	53	#
333	20.4517	105	140	212	218	243	#
334	13.9945	6	188	196	#
335	14.1769	117	156	180	#
336	11.6825	47	89	171	#
337	11.2356	122	150	#
338	12.8826	4	55	87	#
339	22.9435	44	50	54	76	91	131	#
340	17.853	33	108	175	203	231	#
341	11.2865	55	154	#
342	18.8233	5	69	76	106	227	#
343	19.2406	25	98	150	207	235	#
344	20.2114	35	45	168	218	242	#
345	18.7346	71	120	183	203	216	#
346	14.9181	63	77	99	196	#
347	14.0065	81	175	208	#
348	14.8666	75	83	102	207	#
349	14.884	46	115	117	135	#
350	22.7257	0	18	74	236	237	254	#
351	12.6156	66	92	127	#
352	10.2486	15	80	#
353	22.4405	35	46	117	149	188	227	#
354	20.0391	5	40	69	128	179	#
355	16.7703	12	33	160	197	#
356	12.2161	132	169	210	#
357	11.7935	71	194	228	#
358	19.022	165	168	188	207	244	#
359	13.3837	41	96	129	#
360	16.9148	19	155	173	228	#
361	19.3739	52	127	132	234	244	#
362	19.3618	41	87	111	136	248	#
363	17.5613	63	82	163	167	213	#
364	22.9259	64	70	96	139	142	214	#
365	21.1036	24	97	115	154	216	248	#
366	19.4298	21	110	164	174	226	#
367	9.72789	93	223	#
368	18.3557	3	31	47	135	219	#
369	13.1298	29	37	160	#
370	12.5581	7	14	212	#
371	15.6837	32	59	97	137	#
372	9.21407	221	237	#
373	13.654	18	66	181	#
374	12.3611	116	169	201	#
375	13.3459	31	193	230	#
376	14.8534	19	23	209	247	#
377	8.90221	7	172	#
378	14.0022	13	141	151	#
379	18.1608	27	50	69	83	170	#
380	14.1488	42	186	230	#
381	13.782	54	81	224	#
382	14.9834	20	160	194	207	#
383	13.2882	9	196	253	#
384	17.6398	27	115	190	225	244	#
385	13.3841	6	94	171	#
386	14.0271	22	38	184	#
387	19.7026	79	81	91	118	127	#
388	20.3122	26	162	213	220	226	#
389	17.8468	30	113	161	203	251	#
390	12.133	31	125	168	#
391	20.2368	120	125	169	187	230	#
392	13.4949	68	149	202	#
393	17.5942	75	93	207	236	239	#
394	11.1347	31	192	#
395	10.3916	20	99	#
396	18.4057	107	117	156	179	206	#
397	17.9803	4	11	114	146	246	#
398	8.78852	108	179	#
399	18.9796	67	77	128	190	196	#
400	11.4565	29	44	#
401	10.8821	157	200	#
402	20.5426	0	38	137	142	167	254	#
403	17.0076	135	171	184	185	#
404	18.3841	15	139	171	178	194	#
405	20.6458	0	1	7	11	40	199	#
406	11.1225	105	201	#
407	13.6829	72	152	187	#
408	21.0694	12	14	88	143	179	208	#
409	7.93637	160	#
410	16.6635	80	86	181	221	#
411	19.1444	56	137	150	181	190	#
412	19.301	144	147	214	229	253	#
413	10.6736	83	99	#
414	18.7497	19	40	136	153	164	#
415	13.146	10	56	105	#
416	12.2853	118	158	224	#
417	12.5996	21	100	179	#
418	13.9763	177	214	219	#
419	20.6283	11	28	55	105	212	255	#
420	21.1831	7	61	74	93	97	103	#
421	8.85041	0	31	#
422	15.1338	51	160	214	224	#
423	12.897	69	92	146	#
424	19.818	15	45	122	201	243	#
425	19.0299	66	91	133	195	236	#
426	21.7562	75	105	136	151	161	232	#
427	10.9937	0	26	#
428	9.72404	71	140	#
429	19.2056	5	17	38	54	129	#
430	19.384	40	49	140	149	185	#
431	22.451	19	98	114	130	139	211	#
432	21.2598	42	139	161	188	197	213	#
433	22.1813	8	69	86	102	171	198	#
434	20.7497	36	86	96	111	184	248	#
435	11.7276	25	118	223	#
436	13.5666	74	193	203	#
437	10.9887	202	248	#
438	21.3946	24	36	132	158	224	227	#
439	12.937	0	164	230	#
440	17.0611	82	132	140	212	#
441	13.2481	43	208	223	#
442	13.3318	124	153	215	#
443	7.54781	90	#
444	13.7518	41	148	194	#
445	20.4524	38	189	194	205	255	#
446	19.1521	95	113	151	197	216	#
447	13.3755	35	37	243	#
448	17.6631	78	88	114	140	212	#
449	11.1381	60	78	#
450	17.5675	76	78	129	130	155	#
451	15.1221	77	111	142	220	#
452	10.2677	96	157	#
453	19.3299	24	54	118	223	234	#
454	22.161	16	35	38	152	159	231	#
455	24.2502	22	98	119	153	201	209	245	#
456	10.381	85	102	#
457	17.0289	109	175	233	237	#
458	19.689	28	34	66	140	185	#
459	15.5081	31	62	151	159	#
460	19.5606	15	56	113	121	210	#
461	12.5784	17	75	241	#
462	21.1411	120	126	145	219	246	247	#
463	14.0494	32	75	177	#
464	19.2969	9	27	62	79	135	#
465	12.6991	145	164	255	#
466	17.6307	5	70	142	149	186	#
467	18.5859	35	152	159	191	221	#
468	21.2318	3	21	55	62	84	193	#
469	16.6452	107	148	203	207	#
470	19.9814	3	6	87	141	253	#
471	20.3461	32	52	63	95	179	#
472	17.6488	90	106	165	186	231	#
473	10.2159	114	134	#
474	16.3727	8	160	176	247	#
475	16.7816	48	151	211	230	#
476	19.4403	96	183	236	238	241	#
477	21.8486	33	68	143	162	190	194	#
478	12.0902	18	106	197	#
479	18.4492	14	78	118	137	145	#
480	14.1131	39	154	199	#
481	10.7772	183	236	#
482	13.4319	46	74	177	#
483	22.56	33	50	111	116	124	200	#
484	20.2846	13	19	137	145	186	#
485	18.1442	175	181	185	212	226	#
486	20.2809	2	79	108	123	200	#
487	17.8841	7	53	136	173	239	#
488	18.1506	3	87	107	131	138	#
489	8.82609	157	164	#
490	18.1412	10	53	71	224	229	#
491	12.9994	169	171	215	#
492	12.9137	195	200	245	#
493	14.3168	58	216	254	#
494	12.8397	4	60	120	#
495	9.01211	110	251	#
496	12.6001	32	36	236	#
497	11.1401	34	118	#
498	20.9531	31	83	134	148	225	231	#
499	10.9212	163	192	#
500	18.3145	101	161	200	214	221	#
501	10.4788	33	63	#
502	7.95392	118	#
503	22.5209	0	82	91	213	216	227	#
504	9.85878	18	77	#
505	11.5011	71	151	225	#
506	9.62079	65	209	#
507	12.3319	8	112	254	#
508	19.1635	47	109	128	154	157	#
509	13.6384	82	90	206	#
510	14.3069	57	129	178	#
511	19.2639	7	80	192	205	254	#
512	14.9016	43	166	197	253	#
513	14.5255	26	47	84	104	#
514	12.6516	89	130	143	#
515	14.4437	2	30	206	#
516	12.9447	65	69	146	#
517	13.5255	67	82	128	#
518	16.4837	69	210	229	240	#
519	10.6614	19	94	#
520	9.81618	29	194	#
521	19.0553	8	13	77	101	240	#
522	27.2245	202	253	209	87	132	159	193	211	#
523	12.7891	25	44	48	#
524	12.2117	42	192	250	#
525	17.1625	38	142	172	244	#
526	11.8118	112	174	253	#
527	13.1661	6	145	173	#
528	20.61	17	112	124	174	179	254	#
529	18.2874	73	135	240	243	254	#
530	13.9794	38	100	196	#
531	14.38	66	140	215	#
532	11.6968	186	194	249	#
533	19.8543	26	35	131	175	239	#
534	14.2476	166	232	237	#
535	10.6252	12	32	#
536	10.4152	136	164	#
537	19.6875	27	39	64	179	213	#
538	12.711	42	136	159	#
539	11.037	53	207	#
540	14.0561	62	128	229	#
541	19.2148	9	51	138	244	253	#
542	13.0198	57	225	251	#
543	12.8961	63	194	233	#
544	20.192	72	132	133	159	174	#
545	21.9999	0	24	29	164	193	250	#
546	21.0182	123	133	169	186	190	249	#
547	18.5364	26	74	111	134	210	#
548	18.8209	5	17	72	205	219	#
549	10.349	4	187	#
550	11.5869	175	188	220	#
551	19.0474	3	75	122	124	181	#
552	12.9269	44	58	110	#
553	14.7758	150	155	159	207	#
554	11.4514	20	65	#
555	19.0021	42	99	150	182	201	#
556	9.68682	22	116	#
557	12.2735	142	162	239	#
558	17.2095	12	72	134	154	#
559	21.0469	9	32	89	98	116	212	#
560	19.1514	2	34	64	171	242	#
561	20.2207	33	76	78	127	150	#
562	11.9502	109	205	229	#
563	17.8523	48	95	116	125	252	#
564	20.3119	38	41	62	165	239	#
565	9.84277	107	204	#
566	18.5018	104	144	202	241	245	#
567	12.8972	88	117	167	#
568	20.3623	48	112	233	244	252	#
569	22.7723	3	26	68	138	140	177	#
570	17.7546	19	82	85	114	236	#
571	19.2318	79	183	216	241	254	#
572	13.679	53	57	237	#
573	14.2271	50	123	212	#
574	21.2157	24	87	129	163	220	229	#
575	21.7435	10	20	216	224	241	245	#
576	10.4012	49	115	#
577	11.1995	87	193	#
578	8.93019	18	189	#
579	22.0635	1	11	56	87	132	242	#
580	9.08654	28	47	#
581	18.7866	39	50	95	127	147	#
582	13.7178	55	76	248	#
583	11.9567	114	175	206	#
584	15.5056	198	233	242	246	#
585	14.7943	1	68	78	174	#
586	19.4943	39	40	120	131	179	#
587	14.406	58	104	188	#
588	18.5115	14	91	166	219	250	#
589	12.5404	1	27	210	#
590	19.0971	27	43	44	140	165	#
591	23.4637	13	95	101	141	174	178	#
592	19.2282	8	29	116	171	187	#
593	17.1388	10	58	106	240	#
594	18.5297	11	53	82	120	128	#
595	17.1109	2	30	102	254	#
596	18.0673	37	87	105	155	250	#
597	19.6694	22	75	162	241	243	#
598	19.7019	4	36	84	85	91	#
599	13.5218	185	219	223	#
600	21.1156	5	10	99	195	234	250	#
601	11.5976	75	76	200	#
602	14.7522	68	77	90	162	#
603	20.7905	50	74	79	138	198	234	#
604	18.4031	37	88	115	138	220	#
605	20.4631	25	36	136	197	229	#
606	21.7327	12	55	177	213	215	244	#
607	21.5983	56	65	103	104	108	222	#
608	13.8645	67	177	209	#
609	21.749	1	89	98	171	181	207	#
610	17.4213	34	132	137	179	#
611	21.0769	58	64	65	67	96	106	#
612	18.7019	12	22	24	48	70	#
613	12.8931	17	70	86	#
614	9.16277	168	197	#
615	15.2362	120	168	204	228	#
616	14.9936	22	54	211	213	#
617	18.7206	28	144	183	232	238	#
618	17.1707	42	100	195	248	#
619	18.8063	39	121	171	214	231	#
620	22.3085	54	57	98	116	170	219	#
621	13.6846	73	184	198	#
622	12.6646	139	169	255	#
623	18.797	118	124	151	184	201	#
624	13.428	29	90	220	#
625	8.52283	53	175	#
626	23.8448	1	42	43	58	84	164	199	#
627	16.192	37	72	132	197	#
628	12.6416	2	20	160	#
629	10.7967	11	54	#
630	20.8402	23	45	54	93	110	209	#
631	12.4013	67	119	220	#
632	9.82056	100	105	#
633	9.34164	20	51	#
634	21.8728	2	24	40	92	149	170	#
635	20.1567	97	136	154	162	219	#
636	9.3655	65	132	#
637	14.0895	0	109	182	#
638	9.78141	21	200	#
639	18.8429	0	40	51	170	208	#
640	14.7239	7	51	57	211	#
641	18.2886	78	80	97	121	217	#
642	12.954	43	54	107	#
643	12.0379	48	128	242	#
644	13.4956	173	208	251	#
645	13.286	16	19	212	#
646	12.4868	22	71	173	#
647	17.622	75	114	132	205	247	#
648	18.8819	70	92	128	144	190	#
649	8.83538	21	137	#
650	13.3465	47	133	227	#
651	8.80184	163	237	#
652	25.0299	20	53	60	61	124	133	237	#
653	20.0894	6	50	71	94	222	#
654	20.5619	13	57	78	91	114	195	#
655	10.5594	103	203	#
656	14.0544	29	87	179	#
657	10.4593	133	244	#
658	21.287	77	93	148	162	164	184	#
659	12.0629	98	214	237	#
660	13.3701	14	94	163	#
661	12.7834	18	84	198	#
662	16.6227	56	70	76	124	#
663	18.8585	85	157	168	224	245	#
664	15.1944	24	52	87	127	#
665	11.8583	113	165	185	#
666	21.6741	22	43	83	124	197	214	#
667	19.615	69	79	84	142	149	#
668	12.5671	6	59	66	#
669	23.3374	11	52	53	82	186	239	#
670	17.3477	19	77	81	125	#
671	17.8695	37	59	78	114	130	#
672	16.7228	169	184	211	240	#
673	23.147	48	68	83	124	145	164	#
674	21.6086	18	29	67	116	151	172	#
675	11.1535	121	200	#
676	18.1507	68	97	125	127	210	#
677	19.6824	63	147	171	216	240	#
678	17.0881	71	146	197	227	#
679	11.278	113	125	#
680	13.8903	75	128	211	#
681	18.9062	44	59	97	240	251	#
682	13.6763	25	79	225	#
683	20.0326	26	197	200	247	255	#
684	22.085	20	120	151	158	174	198	#
685	19.6711	32	49	138	238	239	#
686	14.5267	63	118	133	182	#
687	23.6344	10	61	69	86	164	202	222	#
688	14.6583	12	118	129	202	#
689	20.777	2	46	59	68	159	160	#
690	21.9537	42	75	122	144	215	242	#
691	12.4357	70	147	247	#
692	13.5992	5	187	206	#
693	19.6229	40	44	48	76	113	#
694	19.5106	6	38	148	178	242	#
695	13.7162	14	162	208	#
696	17.7081	16	176	180	228	250	#
697	21.6398	14	24	77	158	208	236	#
698	21.1855	44	79	163	179	197	255	#
699	20.7408	21	57	136	145	224	240	#
700	22.518	28	30	36	41	61	241	#
701	21.3463	42	51	161	169	183	233	#
702	17.1431	114	206	217	239	#
703	9.84238	77	177	#
704	13.026	52	118	227	#
705	21.3796	1	45	82	146	190	239	#
706	14.0349	98	134	225	#
707	14.2203	30	78	229	#
708	18.2717	14	21	41	143	151	#
709	21.2682	47	49	63	114	157	162	#
710	16.3444	38	40	133	193	#
711	17.715	19	113	154	163	243	#
712	19.2247	96	104	145	161	211	#
713	20.9581	98	127	129	166	208	229	#
714	12.5699	124	139	141	#
715	12.0846	82	188	204	#
716	18.5479	13	23	55	83	122	#
717	17.0072	4	84	153	224	#
718	9.78627	47	251	#
719	12.5919	31	122	150	#
720	11.2542	61	174	#
721	14.3603	67	136	219	#
722	19.2493	22	103	144	168	190	#
723	10.4775	106	200	#
724	16.6801	24	113	123	211	#
725	12.0636	163	202	221	#
726	22.9239	33	87	127	195	218	220	#
727	23.1627	5	49	81	122	138	162	#
728	18.3658	17	30	59	106	133	#
729	24.8998	69	72	89	135	145	232	245	#
730	14.004	132	163	254	#
731	9.3464	33	151	#
732	21.7006	61	94	118	170	203	223	#
733	24.0618	3	57	112	132	168	171	212	#
734	21.0198	1	16	43	45	123	138	#
735	18.796	2	25	58	65	212	#
736	19.2199	26	35	36	40	245	#
737	24.1562	33	81	89	109	159	190	202	#
738	17.09	112	165	207	247	#
739	13.9973	49	77	165	#
740	22.0643	52	82	130	223	240	250	#
741	18.8271	36	93	239	244	248	#
742	22.256	0	14	18	161	181	191	#
743	17.2991	53	102	125	190	#
744	8.17622	199	#
745	9.26358	28	59	#
746	12.5778	5	28	53	#
747	19.1484	119	145	214	227	252	#
748	11.3389	10	93	#
749	12.0134	22	44	233	#
750	17.7389	8	158	175	206	218	#
751	23.2885	30	77	78	140	180	197	#
752	13.6487	59	147	174	#
753	14.0806	60	89	121	#
754	22.533	47	110	159	188	192	250	#
755	18.4789	5	31	48	156	208	#
756	18.4786	10	16	132	217	239	#
757	17.9421	8	11	53	91	113	#
758	18.8151	52	66	95	144	153	#
759	12.4242	51	98	188	#
760	12.1413	67	122	134	#
761	13.2133	161	172	218	#
762	8.59432	2	38	#
763	12.1895	4	76	204	#
764	10.6152	16	67	#
765	9.83333	99	127	#
766	10.3006	28	153	#
767	13.8869	110	184	225	#
768	14.041	88	145	159	#
769	21.576	2	157	173	195	241	246	#
770	13.7498	59	145	252	#
771	19.4958	32	57	66	141	193	#
772	9.78637	164	168	#
773	21.9447	22	61	76	95	121	237	#
774	18.2461	23	60	83	206	231	#
775	13.0422	46	222	232	#
776	10.3265	102	203	#
777	23.7379	56	59	71	87	142	172	230	#
778	20.0308	45	118	161	224	225	#
779	12.7297	64	105	121	#
780	13.4569	84	128	213	#
781	13.9187	6	76	132	#
782	10.1122	16	161	#
783	18.9278	8	42	108	228	239	#
784	12.3911	98	103	118	#
785	15.5978	38	76	98	127	#
786	18.2911	65	76	87	118	121	#
787	19.4839	149	181	210	249	250	#
788	20.8146	7	34	88	103	132	200	#
789	10.1041	80	121	#
790	23.5679	50	123	159	186	201	205	212	#
791	10.7497	151	253	#
792	14.449	50	194	224	#
793	19.6237	18	62	201	209	248	#
794	20.3778	20	39	154	157	220	#
795	20.2317	75	165	178	179	212	#
796	11.6507	104	131	254	#
797	16.6459	108	190	199	226	#
798	14.8839	62	138	201	217	#
799	13.6588	9	87	234	#
800	21.3337	14	60	63	119	163	194	#
801	16.3416	59	81	110	134	#
802	11.5773	89	131	224	#
803	19.3196	45	51	129	134	202	#
804	17.2571	112	113	180	245	#
805	19.267	4	10	15	23	88	#
806	20.1334	24	50	57	119	188	#
807	11.9922	42	164	242	#
808	23.2047	13	117	158	159	167	193	#
809	10.1511	41	202	#
810	10.175	80	153	#
811	12.1323	59	180	191	#
812	13.3387	144	207	222	#
813	23.492	12	24	97	114	156	195	#
814	13.5712	180	208	223	#
815	9.84466	179	211	#
816	9.97138	80	130	#
817	18.3695	18	110	142	205	245	#
818	12.5858	109	189	227	#
819	19.1631	0	95	137	184	238	#
820	25.0294	8	9	71	76	206	246	248	#
821	11.6159	1	131	209	#
822	12.4429	8	50	203	#
823	20.4423	7	14	30	119	243	#
824	13.0363	139	211	247	#
825	11.0966	25	192	#
826	8.75484	156	194	#
827	11.443	73	254	#
828	12.8357	98	124	136	#
829	13.6781	147	152	188	#
830	11.1124	23	36	#
831	24.2136	0	1	20	64	117	155	180	#
832	13.0491	3	22	105	#
833	20.1717	60	128	135	139	206	#
834	12.4831	165	178	209	#
835	19.6749	24	136	158	189	191	#
836	21.4193	16	43	73	135	151	177	#
837	17.2868	90	140	145	226	#
838	19.9426	29	62	118	164	201	#
839	19.5033	78	147	157	159	215	#
840	16.995	58	94	175	211	#
841	19.438	23	55	64	104	123	#
842	13.4723	93	138	207	#
843	9.27766	9	57	#
844	13.8464	49	158	194	#
845	20.3409	20	64	92	120	127	#
846	22.4311	11	51	83	158	174	241	#
847	18.4104	47	158	166	167	193	#
848	18.6898	30	111	142	144	194	#
849	20.9299	23	25	33	137	198	204	#
850	19.7876	82	97	150	168	195	#
851	9.63284	12	119	#
852	19.2244	38	57	96	174	246	#
853	9.75485	104	145	#
854	17.4294	25	35	71	153	#
855	19.7676	28	51	108	181	202	#
856	23.2555	33	35	85	234	239	240	#
857	13.4378	120	143	184	#
858	20.0599	12	101	131	227	232	#
859	15.0516	45	65	144	164	#
860	15.2559	116	207	236	255	#
861	18.3884	26	151	155	207	251	#
862	17.3378	4	45	175	200	#
863	21.9382	4	73	183	199	202	255	#
864	18.9544	43	193	204	216	228	#
865	21.0004	66	103	115	179	200	237	#
866	14.2417	13	128	194	#
867	14.2825	46	126	191	#
868	10.844	32	229	#
869	16.6654	111	142	200	250	#
870	18.2948	76	162	186	205	245	#
871	12.6857	36	63	126	#
872	12.7299	5	90	121	#
873	11.904	95	183	237	#
874	14.6095	34	54	66	102	#
875	19.605	43	167	185	230	244	#
876	19.3303	12	86	88	156	168	#
877	21.9139	22	33	40	67	88	250	#
878	12.2704	47	166	212	#
879	8.66385	121	183	#
880	11.44	50	90	#
881	17.7149	114	176	214	238	252	#
882	19.9469	30	80	157	164	238	#
883	15.7017	74	93	189	222	#
884	8.74862	30	173	#
885	19.5559	103	121	163	194	199	#
886	11.5419	60	67	234	#
887	13.2689	16	183	222	#
888	21.1329	57	136	211	223	232	253	#
889	14.3565	36	84	242	#
890	19.0815	80	102	190	219	223	#
891	20.3467	14	36	69	209	246	#
892	10.9316	159	251	#
893	17.4354	44	82	221	243	#
894	20.0837	1	62	93	109	147	#
895	14.0793	9	34	142	#
896	11.6515	4	36	241	#
897	8.48891	131	#
898	12.3958	29	53	180	#
899	19.3607	12	51	103	136	172	#
900	12.8347	43	106	234	#
901	13.7753	5	55	83	#
902	14.4828	94	146	208	#
903	14.6986	28	199	216	240	#
904	19.198	32	135	234	242	243	#
905	10.2022	66	109	#
906	20.3971	0	127	155	235	241	#
907	18.6507	71	94	147	161	203	#
908	11.4321	122	165	#
909	14.4332	45	57	85	#
910	11.4053	4	53	#
911	17.5464	16	122	130	142	156	#
912	23.659	105	113	128	138	161	184	240	#
913	12.4073	20	135	193	#
914	14.0576	62	193	208	#
915	18.8503	116	119	167	192	220	#
916	12.1275	150	213	233	#
917	13.282	116	126	190	#
918	14.9634	14	135	175	221	#
919	17.6183	4	111	171	208	244	#
920	21.6575	8	61	150	154	167	210	#
921	12.5688	107	173	250	#
922	24.677	31	103	137	172	192	211	239	#
923	20.4661	10	66	76	96	207	#
924	10.4074	113	253	#
925	20.2463	7	11	103	165	230	#
926	11.6397	26	66	71	#
927	8.80754	17	103	#
928	12.9199	42	126	190	#
929	13.5219	48	105	108	#
930	12.9975	27	128	186	#
931	13.9018	4	39	90	#
932	13.5865	16	30	180	#
933	10.5257	24	116	#
934	23.3233	14	83	115	187	218	243	#
935	21.3145	5	18	99	170	190	218	#
936	12.6055	4	17	74	#
937	11.8363	141	194	203	#
938	17.2085	15	128	171	249	#
939	20.144	129	167	188	198	248	#
940	11.6885	40	71	151	#
941	14.9571	13	93	133	134	#
942	17.7922	54	98	102	188	216	#
943	20.6555	22	40	47	64	182	211	#
944	17.6414	115	117	124	151	226	#
945	17.2211	38	215	217	218	#
946	21.3155	49	99	120	136	156	176	#
947	13.0125	6	67	224	#
948	19.0603	4	148	189	236	240	#
949	17.9113	19	27	84	103	210	#
950	11.1952	126	254	#
951	14.8078	33	44	173	210	#
952	14.1252	95	112	210	#
953	14.0118	30	141	142	#
954	10.5392	85	160	#
955	21.8878	4	35	52	90	93	242	#
956	11.6079	23	108	231	#
957	15.0732	36	38	150	159	#
958	16.4905	114	164	225	246	#
959	20.3937	3	42	86	151	152	#
960	18.6855	0	37	172	181	217	#
961	10.7704	151	239	#
962	10.511	100	235	#
963	10.1415	106	211	#
964	18.3753	28	67	86	208	224	#
965	19.5569	43	73	97	120	189	#
966	16.8	3	88	107	125	#
967	11.0706	77	214	#
968	11.9539	27	78	145	#
969	12.3034	82	179	251	#
970	22.3334	199	207	222	227	243	246	#
971	21.2782	72	73	111	179	247	254	#
972	15.0648	17	40	174	182	#
973	20.8495	98	142	151	172	201	239	#
974	21.9541	30	75	95	111	176	243	#
975	23.808	24	59	70	130	156	163	221	#
976	19.1082	69	93	112	205	244	#
977	12.3016	56	88	154	#
978	12.6093	27	67	134	#
979	17.6956	54	75	130	169	187	#
980	16.3902	26	121	142	231	#
981	17.9398	122	162	178	180	207	#
982	13.1942	68	87	255	#
983	13.6048	121	226	240	#
984	15.8315	33	70	130	186	#
985	12.6088	149	160	196	#
986	17.4518	59	99	120	218	#
987	10.4855	36	79	#
988	19.1043	2	13	28	127	228	#
989	22.3607	17	54	168	188	197	227	#
990	13.3967	148	166	229	#
991	20.84	8	34	73	142	238	247	#
992	17.538	21	24	146	147	156	#
993	9.01856	39	65	#
994	14.9827	26	51	215	251	#
995	19.5286	14	97	172	173	188	#
996	15.1224	23	145	180	231	#
997	12.4436	6	96	184	#
998	13.3336	134	161	246	#
999	13.5357	40	160	222	#
