%% File generated by CATS v.2.1Fri Dec 18 21:52:50 2020

%% The CATS webpage is http://robotics.stanford.edu/CATS

%% PARAMETER SETTINGS:
% Goods: 256; Bids: 1000; Distribution: L6; Runs: 1; Seed: 1608360783
% Legacy distribution parameters:
% Number of goods chosen according to Exponential distribution (q = 5).
% Price chosen according to Linear Random distribution (low_linearly = 1, high_linearly = 1000).


goods 256
bids 1000
dummy 0

0	515.662	120	#
1	638.195	47	#
2	386.452	87	#
3	2367.2	165	183	223	#
4	956.273	20	148	150	155	#
5	2827.34	1	88	92	101	116	117	132	134	148	156	196	205	224	#
6	5447.75	18	77	91	167	177	235	#
7	505.262	186	#
8	1709.91	75	234	#
9	1399.77	137	185	#
10	791.953	109	#
11	868.745	95	#
12	3622.66	34	133	172	220	#
13	2306.02	47	85	158	#
14	3833.49	61	86	120	199	#
15	966.607	242	#
16	2535.99	22	28	84	95	101	130	131	#
17	916.055	138	#
18	836.508	129	#
19	2431.62	22	30	158	172	#
20	708.951	46	#
21	500.34	191	#
22	945.913	75	#
23	207.716	183	#
24	1725.36	31	68	146	218	#
25	2383.43	101	134	175	207	233	#
26	4413.57	7	20	28	34	236	#
27	189.961	231	#
28	655.486	118	#
29	8403.52	5	7	16	21	73	81	87	104	112	137	166	196	202	203	221	#
30	63.4704	31	#
31	4496.91	35	63	68	152	168	207	#
32	989.29	241	#
33	2154.79	18	24	46	213	246	#
34	3906.92	41	55	114	117	157	176	206	212	#
35	1979.6	26	78	137	166	228	#
36	513.246	99	#
37	137.903	7	#
38	4866.85	20	25	59	109	140	168	189	223	231	233	246	#
39	522.279	51	#
40	1702.5	90	92	115	#
41	1144.13	10	18	58	93	100	117	150	170	191	199	211	#
42	719.441	197	#
43	994.111	254	#
44	533.242	112	#
45	14218.6	10	14	24	29	59	73	111	141	145	159	175	198	200	235	239	252	#
46	8377.11	9	54	96	118	151	158	160	182	199	222	#
47	4439.07	4	12	41	82	130	151	157	179	182	184	185	189	230	239	244	#
48	1637.29	25	44	81	155	#
49	2332.28	2	14	22	118	133	147	189	219	#
50	57.3763	127	234	#
51	2015.28	32	52	69	118	129	152	158	238	244	#
52	98.4203	181	#
53	849.422	156	#
54	1147.53	33	36	104	107	211	#
55	1374.12	16	179	#
56	807.681	55	#
57	1954.98	10	53	55	#
58	11408.5	21	58	65	66	78	100	182	195	202	220	233	237	#
59	47.1076	25	154	#
60	5443.97	38	40	43	80	126	169	230	#
61	653.43	82	#
62	148.74	28	58	184	#
63	976.209	189	#
64	2937.23	43	44	109	#
65	6206.82	7	30	71	85	93	116	255	#
66	3653.23	17	41	135	159	#
67	1092.31	9	49	#
68	2669.3	147	151	172	193	213	242	#
69	4834.81	34	93	138	213	236	249	251	#
70	846.114	65	#
71	1045.43	136	243	#
72	2016.3	35	51	148	171	201	#
73	792.862	34	#
74	3651.78	0	2	19	23	36	49	54	57	91	107	117	141	146	148	156	174	244	250	252	#
75	1117.13	70	96	201	#
76	3575.9	84	103	171	205	214	#
77	8696.48	2	39	87	94	105	156	209	231	234	#
78	6009.64	22	41	43	59	68	79	82	95	107	113	117	126	142	170	187	222	247	#
79	4363.14	72	88	98	104	133	142	144	181	237	243	#
80	5177.5	0	6	26	43	76	86	96	100	176	221	#
81	2688.88	57	143	200	224	242	#
82	2069.92	130	159	181	#
83	3991.09	22	88	136	254	#
84	6528.64	33	55	149	151	167	191	198	217	221	250	#
85	3364.73	98	113	138	211	213	243	#
86	5761.03	27	106	118	163	176	245	#
87	688.842	198	#
88	1928.82	53	175	182	220	#
89	1967.32	29	31	112	178	182	255	#
90	831.642	39	#
91	464.176	1	#
92	654.742	3	#
93	3845.49	4	22	41	78	114	115	159	160	225	#
94	3925.64	3	19	44	120	#
95	670.239	166	234	#
96	224.437	88	#
97	1235.39	202	255	#
98	1989.12	133	253	#
99	5006.71	44	107	112	128	135	139	164	172	199	207	#
100	687.218	19	#
101	6480.38	23	42	53	73	80	101	114	188	224	#
102	1727.83	202	236	#
103	2264.21	27	89	104	147	#
104	1392.02	132	235	242	#
105	362.527	173	#
106	971.973	124	#
107	1100.08	57	251	#
108	851.247	27	28	#
109	1377.04	91	183	#
110	558.093	130	#
111	1902.24	113	146	#
112	2216.69	22	117	134	#
113	285.956	252	#
114	564.289	176	179	#
115	8494.49	12	18	29	58	147	152	167	201	213	217	248	#
116	783.843	230	#
117	172.9	194	#
118	1611.29	81	87	#
119	14146.9	35	36	45	72	77	96	98	112	121	131	151	235	244	246	247	#
120	1219.98	136	194	#
121	1708.62	16	37	53	72	90	238	#
122	638.833	33	#
123	3429.89	11	12	56	93	102	138	239	#
124	1862.96	50	185	214	#
125	4613.32	28	39	42	59	91	199	209	211	218	225	226	#
126	909.806	87	196	218	#
127	938.878	208	#
128	331.192	174	#
129	7418.77	78	102	113	134	136	144	162	173	229	230	238	#
130	771.958	111	#
131	835.744	203	#
132	17085.4	1	2	10	44	54	75	81	123	127	143	174	178	182	183	185	193	205	223	234	#
133	1033.81	2	33	67	104	131	150	183	255	#
134	4658.79	26	64	84	137	166	#
135	518.183	196	204	#
136	862.119	6	65	102	107	176	#
137	964.233	180	#
138	823.738	42	#
139	207.87	11	151	#
140	2887.51	29	39	40	64	98	127	164	169	175	176	180	194	197	198	208	210	237	#
141	932.081	224	236	#
142	1854.37	11	20	#
143	1517.73	26	90	154	162	165	200	254	#
144	2837.59	2	62	224	#
145	6651.46	9	25	91	92	112	132	163	172	176	189	200	215	253	255	#
146	8739.15	22	25	44	75	99	113	151	206	233	#
147	3444.81	72	154	172	176	202	210	220	#
148	638.562	148	#
149	2710.19	13	73	137	142	158	162	169	197	#
150	3888.56	50	56	155	246	#
151	3794.28	43	52	62	89	114	214	#
152	272.437	40	#
153	1593.14	7	28	54	56	86	115	140	166	207	241	249	252	#
154	998.741	80	#
155	7469.35	1	17	37	62	94	128	229	237	#
156	1181.33	32	35	37	93	151	198	#
157	1185.32	175	208	#
158	3460.12	15	74	175	198	#
159	5585.92	4	32	63	122	154	177	184	214	217	222	#
160	426.408	10	#
161	376.428	117	#
162	1445.33	10	39	#
163	383.267	222	#
164	4049.16	5	55	57	67	68	79	83	87	112	131	137	140	202	220	#
165	6661.32	9	27	67	94	104	121	128	146	231	#
166	602.011	250	#
167	840.614	229	#
168	518.077	90	#
169	4242.93	16	64	79	151	247	#
170	4706.34	4	83	107	135	158	171	192	208	#
171	1172.13	25	59	60	75	87	95	196	206	#
172	4233.3	13	21	79	122	124	246	#
173	1710.61	139	206	#
174	1681.31	26	89	92	195	221	231	237	#
175	3006.76	27	31	41	44	52	71	74	75	83	84	111	130	134	150	153	170	179	192	216	220	226	#
176	723.888	47	172	#
177	2259.86	105	141	145	243	#
178	4188.97	71	103	105	150	190	#
179	3331.23	19	76	126	130	156	#
180	5825.56	5	14	49	65	67	69	82	100	132	183	228	#
181	15622.6	16	30	47	50	54	89	105	129	156	170	171	179	191	203	235	240	246	247	#
182	1843.3	0	34	58	94	97	119	186	224	#
183	850.162	122	161	183	#
184	1051.88	68	78	97	125	235	237	238	#
185	3368.31	22	75	111	239	#
186	2042.63	61	90	130	144	171	202	#
187	1965.09	105	186	#
188	1682.58	181	215	#
189	4751.88	12	22	53	57	63	90	91	94	112	175	194	213	229	230	#
190	3082.59	44	95	131	132	#
191	3168.39	2	51	85	112	#
192	950.738	43	#
193	249.183	178	#
194	8479.02	18	35	99	101	120	187	190	222	226	235	247	#
195	746.81	96	#
196	9693.9	4	7	14	50	63	69	82	93	94	96	100	103	115	117	128	129	135	190	195	218	238	245	246	253	#
197	10169.6	2	12	73	88	94	104	108	140	152	173	207	#
198	1161.39	20	42	102	226	#
199	2183.82	126	128	132	246	#
200	795.815	13	#
201	1221.4	128	193	#
202	968.845	238	253	#
203	447.734	244	#
204	7233.32	17	27	45	58	89	105	123	154	157	169	174	224	#
205	1862.06	47	61	78	188	197	217	#
206	946.085	126	#
207	6259.67	7	36	38	73	87	98	140	176	#
208	7766.61	2	21	29	33	44	53	56	62	63	67	70	90	111	117	126	135	143	159	160	161	195	205	212	222	239	247	250	253	#
209	3530.5	93	102	134	171	#
210	6351.95	3	11	26	48	76	92	94	114	202	215	#
211	3668.82	31	33	36	39	99	204	241	244	255	#
212	1666.6	141	151	171	#
213	2159.8	54	136	146	177	247	#
214	1691.39	87	167	#
215	1890.66	41	107	#
216	4691.27	133	176	199	213	218	#
217	2756.57	18	130	223	238	#
218	4254.29	12	21	23	55	72	122	128	133	134	171	191	214	#
219	881.589	2	37	52	100	130	#
220	245.933	152	#
221	8095.22	3	30	62	84	95	141	142	183	201	#
222	4043.65	8	43	68	95	117	196	#
223	1258.15	70	170	#
224	1751.84	31	57	#
225	23639	9	20	23	34	52	58	62	63	69	75	83	85	93	99	109	110	111	121	123	130	138	143	193	201	203	216	220	235	239	#
226	3586.74	3	19	154	163	170	#
227	3047.08	12	41	72	80	120	139	152	162	205	237	249	#
228	5019.3	38	55	67	68	93	94	103	166	#
229	5716.29	17	20	25	44	59	106	129	215	227	230	#
230	4582.54	53	58	62	89	99	209	#
231	5184.06	0	19	27	29	42	60	122	124	129	139	148	165	189	236	237	252	#
232	262.147	105	150	#
233	5984.95	22	49	64	84	119	146	148	165	171	197	200	214	216	#
234	4409.75	8	30	103	174	220	238	#
235	446.131	153	#
236	1733.1	67	242	#
237	13811.1	20	26	50	52	61	73	79	90	110	126	152	171	178	224	230	246	#
238	438.139	201	#
239	1979.61	125	203	#
240	2684.38	3	23	56	119	143	170	186	193	214	#
241	918.523	119	#
242	140.295	37	177	#
243	1536.02	13	17	34	128	161	166	212	#
244	6603.03	56	59	81	86	124	128	137	199	211	245	#
245	6010.12	19	29	48	63	71	83	102	104	113	117	142	146	240	#
246	7826.39	52	82	98	106	181	226	250	253	#
247	75.9847	73	#
248	691.904	210	#
249	1009.37	13	37	43	59	127	#
250	3721.42	5	15	18	41	94	111	113	115	142	175	254	#
251	7524.24	6	27	36	49	133	136	164	167	232	248	250	254	#
252	3870.07	133	235	243	252	#
253	1984.45	45	241	#
254	3318.28	8	10	137	151	239	#
255	2639.65	93	99	176	#
256	19282.3	3	21	25	32	38	40	64	76	77	88	104	115	141	161	177	183	186	189	210	212	215	225	236	253	#
257	5297.72	48	60	67	70	82	103	153	220	230	247	#
258	1252.03	9	103	133	163	#
259	967.094	160	#
260	691.652	236	#
261	913.854	64	115	#
262	486.927	15	#
263	2766.06	39	77	199	211	233	#
264	549.354	144	#
265	7852.95	21	42	47	100	117	147	162	206	#
266	3893.05	6	10	15	39	40	50	99	102	158	169	200	218	229	232	239	#
267	2439.26	24	34	37	43	61	63	78	89	91	97	103	105	109	115	120	141	163	176	180	185	189	191	193	195	203	215	219	234	237	#
268	273.414	100	#
269	913.448	63	#
270	2111.86	92	123	133	235	#
271	7381.86	16	80	100	110	113	125	126	137	194	217	220	227	243	249	#
272	6159.64	34	62	75	85	96	122	135	155	157	170	237	249	#
273	4120.39	3	30	52	105	196	201	205	219	#
274	3443.87	104	155	156	251	#
275	1808.5	18	27	29	113	165	#
276	2413.21	31	36	64	192	248	#
277	4138.39	8	22	99	131	156	180	231	#
278	696.575	217	#
279	995.628	192	#
280	598.32	169	#
281	4071.73	3	68	83	203	227	#
282	2030.2	37	83	134	225	243	#
283	2929.12	126	159	169	#
284	1862.03	76	168	184	190	235	#
285	2407.81	2	15	244	#
286	396.825	187	#
287	510.078	23	#
288	2438.46	55	126	166	#
289	1687.69	22	122	#
290	345.266	29	#
291	5067.51	5	25	43	79	110	132	199	238	253	#
292	1560.13	33	121	193	#
293	3819.54	32	131	139	158	#
294	5422.22	8	70	129	141	164	244	#
295	2266.63	117	137	242	#
296	3893.35	26	32	167	219	237	#
297	2291.04	70	105	149	#
298	8049.46	4	22	26	60	77	141	182	228	245	#
299	2121.21	94	98	123	142	196	197	204	#
300	4553.7	95	171	206	218	243	#
301	886.972	113	#
302	704.665	173	205	214	#
303	550.873	211	#
304	945.319	44	45	#
305	2670.76	60	95	236	#
306	1260.23	18	126	244	#
307	1764.24	35	76	104	207	208	237	#
308	489.663	72	#
309	1736.44	146	252	#
310	59.1045	52	#
311	2600.44	35	71	99	150	156	179	197	249	#
312	2069.48	139	149	231	#
313	2615.64	33	107	151	239	#
314	977.624	202	#
315	4736.01	75	169	217	222	237	#
316	107.659	215	#
317	4133.05	13	15	39	73	98	100	148	150	154	223	224	#
318	608.633	224	#
319	2311.67	114	119	250	#
320	1052.26	120	132	#
321	1064.31	35	195	210	#
322	1200.34	16	109	#
323	2357.25	123	124	246	254	#
324	3565.85	9	125	159	207	#
325	452.831	87	117	128	215	#
326	35.4187	24	#
327	1994.27	82	221	#
328	1397.82	46	54	66	212	#
329	25.9862	248	#
330	5145.55	15	46	49	50	166	229	247	#
331	861.384	0	#
332	2061.21	63	109	129	150	157	185	234	#
333	1491.64	6	84	94	104	134	230	#
334	1505.11	3	232	#
335	5202.34	1	43	61	105	158	176	183	197	239	240	#
336	582.701	225	#
337	1211.96	5	147	#
338	1271.01	28	50	123	159	#
339	2765.29	30	142	203	220	#
340	6717.11	4	21	33	45	49	57	62	106	125	131	144	151	174	192	251	#
341	394.142	84	158	#
342	10324.3	5	27	63	82	108	118	145	181	190	208	255	#
343	824.391	128	199	#
344	8365.15	6	7	12	14	155	182	220	224	242	#
345	7699.29	5	23	42	75	79	83	105	106	114	121	133	141	188	#
346	491.588	149	#
347	2951.79	42	55	84	100	109	121	193	201	237	#
348	674.435	158	245	#
349	1468.11	109	131	192	219	#
350	2813.51	13	49	61	84	167	173	#
351	1170.23	19	55	81	93	117	131	187	201	219	#
352	5622.9	35	36	43	46	60	80	127	140	150	151	176	177	182	195	214	244	255	#
353	12141.4	9	53	54	80	101	112	143	144	152	154	157	172	176	178	#
354	922.923	176	182	213	232	#
355	1039.64	116	185	189	#
356	1538.6	14	41	170	#
357	4339.21	17	70	94	104	107	116	117	143	155	158	170	176	184	198	216	217	225	232	238	249	#
358	151.806	56	#
359	2376.6	23	178	240	#
360	926.297	83	#
361	1390.16	18	20	57	61	82	87	120	122	125	202	247	255	#
362	3842.95	11	46	93	99	230	242	#
363	1891.19	87	213	#
364	207.687	182	#
365	1270.03	6	50	57	154	156	#
366	975.646	9	#
367	1835.65	61	64	92	169	#
368	1296.05	35	40	62	176	#
369	2423.59	97	150	171	188	#
370	3201.81	33	75	119	135	153	193	210	254	#
371	1112.64	1	92	192	206	229	#
372	4973.25	11	108	202	217	236	#
373	1379.65	4	66	100	126	192	235	#
374	1304.41	45	47	130	156	233	#
375	891.393	39	175	#
376	1807.06	42	212	#
377	3459.42	24	92	113	170	176	189	249	#
378	3255.43	11	12	23	248	#
379	839.371	142	#
380	9148.6	0	7	27	45	108	137	144	168	174	226	235	#
381	5152.94	18	31	55	74	129	235	252	#
382	1216.23	25	31	97	168	194	195	206	227	249	#
383	5134.86	5	100	102	123	155	190	191	219	223	225	247	253	#
384	2574.86	20	29	195	#
385	3724.75	57	60	80	97	98	#
386	3127.02	85	123	140	164	172	#
387	762.234	31	47	#
388	4402.02	13	15	23	28	46	49	53	86	105	138	140	173	190	#
389	2981.54	13	115	160	#
390	1688.16	3	79	112	180	200	247	#
391	1103.99	81	245	#
392	778.96	7	161	248	#
393	5258.41	62	115	117	132	148	167	174	219	223	229	#
394	3130.7	45	66	118	157	239	#
395	449.883	161	#
396	6602.62	13	69	78	103	112	146	200	244	247	#
397	1251.15	20	191	242	#
398	1322.33	47	143	#
399	4198.66	3	21	112	116	150	169	174	215	#
400	3855.66	59	63	66	84	85	92	97	116	147	186	191	194	231	#
401	10912.7	29	54	61	86	96	122	127	128	130	165	191	197	239	#
402	2194.62	93	118	203	204	216	236	#
403	719.268	45	123	#
404	3654.4	9	71	155	158	164	172	234	#
405	3499.84	33	58	174	178	190	242	#
406	598.751	255	#
407	3988.21	3	8	14	18	27	39	68	71	72	86	101	109	120	135	137	146	167	188	191	194	195	199	215	235	243	246	249	#
408	2888.88	154	170	185	#
409	1452.37	32	140	#
410	1650.57	2	22	30	37	53	74	108	114	117	120	132	135	165	178	185	197	207	255	#
411	4048.59	56	106	132	138	156	237	#
412	536.42	141	#
413	1391.8	87	114	243	#
414	3070.74	2	20	102	118	133	245	#
415	6308.92	42	65	87	91	97	132	161	192	#
416	5067.72	21	29	50	79	116	180	191	225	254	#
417	871.305	174	216	244	#
418	2960.63	92	99	111	116	190	228	#
419	1427.88	14	182	219	255	#
420	2851.8	4	40	51	114	118	131	151	163	223	#
421	7042.9	61	67	86	89	102	109	119	130	142	176	178	180	186	191	203	238	#
422	7998.62	33	50	75	79	89	104	119	128	177	182	202	243	247	#
423	4879.79	43	113	171	238	248	#
424	1986.27	8	147	#
425	533.312	219	#
426	2253.95	74	104	160	236	245	#
427	293.012	85	#
428	803.932	38	211	217	#
429	2775.16	62	149	184	#
430	9015.71	18	25	54	87	96	151	180	211	214	237	239	#
431	1206.47	42	85	87	114	129	#
432	2028.6	1	72	202	240	#
433	3438.6	12	28	40	56	73	90	111	165	168	180	193	213	235	#
434	120.896	91	#
435	3175.18	74	83	122	123	#
436	884.531	101	201	#
437	4545.11	23	31	53	79	125	126	158	197	203	239	#
438	1247.08	46	82	117	140	226	235	250	#
439	2056.32	56	61	64	94	146	148	169	#
440	754.238	247	#
441	1268.45	81	96	107	117	191	196	#
442	1545.58	3	103	183	#
443	52.1876	199	#
444	3790.16	27	80	191	219	#
445	3043.07	0	1	5	80	160	218	230	239	#
446	779.045	122	#
447	12241.2	15	25	82	102	110	152	153	158	201	214	223	231	232	238	#
448	5635.17	4	90	108	126	132	145	205	#
449	1130.27	32	38	104	139	#
450	1934.9	37	183	#
451	6772.39	1	35	47	54	63	125	157	207	#
452	1549.82	61	90	168	178	230	249	#
453	7826.74	33	44	77	80	86	94	144	159	167	215	230	250	#
454	3570.31	29	39	50	76	93	195	208	218	237	#
455	3459.07	82	133	211	221	#
456	5294.03	26	38	117	135	145	204	#
457	3257.84	14	121	140	206	#
458	4444.13	3	47	56	86	139	176	203	209	247	#
459	2177.42	70	75	98	#
460	11541.8	1	12	61	74	89	103	107	115	132	139	165	166	172	192	201	#
461	1198.28	126	183	237	#
462	3412.73	5	115	140	154	157	233	#
463	3736.98	12	48	86	133	169	#
464	2425.55	82	142	160	#
465	2022.9	38	98	213	#
466	1928.44	79	120	243	#
467	2063.89	56	220	255	#
468	4351.69	41	90	134	248	254	#
469	1915.64	18	49	#
470	12147.6	1	13	30	85	86	91	118	125	130	158	168	173	178	179	187	194	196	210	228	#
471	1419.91	24	108	#
472	3682.28	94	153	154	210	#
473	1632.1	189	236	244	#
474	9432.07	1	17	23	27	46	62	85	123	124	133	170	201	205	#
475	861.341	61	#
476	792.839	226	#
477	1775.96	35	122	208	211	#
478	2048.83	6	101	136	148	204	225	239	#
479	1251.4	2	85	139	157	#
480	943.977	69	#
481	15675.4	3	7	12	14	36	37	38	39	43	52	53	60	70	71	75	90	115	119	124	139	162	169	172	178	181	182	208	215	222	226	230	232	234	237	240	249	251	#
482	2793.82	88	94	150	#
483	1691	0	19	25	34	51	99	106	173	190	210	229	239	253	#
484	510.208	40	248	#
485	1035.6	19	41	56	#
486	2550.94	99	111	120	180	209	#
487	3155.27	40	53	179	195	249	#
488	13274.7	13	14	28	46	57	110	135	137	145	149	152	166	182	190	#
489	1840.62	61	92	145	#
490	4059.99	23	37	86	95	166	179	194	247	#
491	1492.95	28	196	#
492	1009.94	194	214	#
493	1569.21	212	240	#
494	5631.07	25	29	55	59	145	198	224	#
495	4.95611	27	#
496	574.384	60	194	#
497	1338.56	113	139	170	178	#
498	1853.92	96	215	#
499	1835.1	41	85	191	#
500	5867.16	13	53	92	115	141	159	225	245	254	#
501	774.186	32	#
502	4299.94	14	42	62	112	178	189	194	215	#
503	2678.91	144	207	217	#
504	937.313	27	220	#
505	1458.45	13	25	86	161	244	#
506	3802.89	34	74	92	100	111	156	222	#
507	1375.38	36	147	194	#
508	2541.24	22	204	220	#
509	1716.25	37	74	88	91	136	181	#
510	3140.18	63	65	142	186	219	228	#
511	1973.68	36	55	57	91	104	139	#
512	17.3876	28	237	#
513	458.571	91	176	234	#
514	3990.9	46	75	221	226	#
515	2327.22	45	211	226	#
516	5888.78	19	59	158	171	172	204	#
517	1602.46	156	240	#
518	607.705	74	#
519	8930.29	1	50	97	121	122	161	176	214	239	#
520	479.141	45	#
521	12822.3	8	13	16	40	43	44	64	71	74	75	79	97	115	120	143	178	182	187	188	#
522	1633.43	59	243	244	255	#
523	7802.98	56	64	68	81	95	117	149	165	180	193	225	233	252	#
524	487.272	58	116	173	215	#
525	7079.17	2	6	7	52	111	117	150	167	251	#
526	8165.54	18	25	42	46	62	66	72	78	129	135	159	195	245	#
527	4729.03	3	47	62	78	117	128	133	218	#
528	712.327	190	#
529	972.155	69	91	113	#
530	1824.4	242	251	#
531	1029.85	3	160	#
532	1147.73	62	79	#
533	1309.79	37	135	#
534	1899.57	26	183	#
535	1219.18	120	131	#
536	1629.64	64	244	#
537	657.442	58	159	#
538	2757.1	44	99	201	#
539	7820.92	19	25	27	60	63	95	100	137	145	179	196	202	229	237	#
540	1593.88	36	255	#
541	1209.11	11	47	51	53	82	113	130	140	150	192	202	208	210	250	#
542	377.9	76	#
543	1116.55	5	21	125	127	171	195	#
544	11409.6	10	16	38	68	97	115	181	192	193	196	252	253	#
545	1674.24	0	231	#
546	6720.07	13	41	44	90	170	179	213	#
547	1012.48	56	185	189	218	#
548	365.636	36	166	#
549	1615.4	151	178	#
550	4852.92	16	23	43	58	67	77	110	131	167	186	217	222	245	251	#
551	3326.07	31	72	93	106	225	#
552	19288.3	4	18	27	39	52	54	62	86	100	105	109	124	126	140	157	164	177	178	221	231	241	245	#
553	1836.95	121	140	225	239	#
554	2914.28	95	137	161	202	207	219	226	#
555	587.467	77	#
556	780.574	62	147	190	#
557	1535.94	6	36	214	216	#
558	4793.86	30	39	51	61	81	129	133	136	137	146	163	171	193	198	229	249	#
559	283.406	97	#
560	642.36	147	#
561	2390.58	31	67	150	177	#
562	1401.06	180	197	#
563	1791.74	123	163	#
564	2574.92	3	30	84	86	117	159	232	238	#
565	938.976	3	95	110	136	157	221	252	#
566	853.318	16	161	197	201	235	#
567	494.677	28	110	139	166	#
568	9579.32	16	17	31	41	74	77	79	90	115	116	160	162	164	166	186	208	210	213	220	232	252	#
569	5338.02	99	134	155	171	206	209	219	#
570	1966.96	46	202	#
571	6452.47	101	111	147	160	233	238	254	255	#
572	1240.41	97	144	202	#
573	5475.71	13	26	29	34	36	99	104	125	134	151	162	170	188	#
574	5630.63	35	36	58	60	68	73	89	93	101	112	126	145	152	156	169	177	215	221	228	235	#
575	3507.1	3	9	57	77	79	227	230	252	#
576	3458.12	32	65	140	144	145	229	#
577	4528.12	3	29	50	81	171	176	#
578	1002.82	22	77	83	87	114	149	218	#
579	1069.16	25	30	187	199	#
580	3785.19	109	132	156	171	211	#
581	2628.48	60	101	151	208	#
582	1794.86	149	217	222	235	#
583	2113.51	33	34	145	#
584	1390.45	76	107	149	241	247	#
585	3550.39	10	21	31	44	122	136	148	185	193	243	255	#
586	2915.04	71	135	229	#
587	1272.87	188	219	#
588	779.513	249	#
589	2828.53	16	116	163	228	#
590	571.027	49	#
591	1847.29	113	206	#
592	4107.14	71	91	108	143	173	185	#
593	2127.42	25	41	87	149	189	190	#
594	2932.61	50	68	107	#
595	3297.27	56	94	128	155	217	222	241	#
596	1163.78	11	52	#
597	1353.5	222	228	#
598	2952.98	26	59	92	180	191	#
599	1317	48	140	#
600	2281.16	1	32	110	145	146	147	217	222	248	#
601	3534.73	46	55	93	187	203	#
602	11870.6	56	66	73	77	137	153	165	172	212	214	217	233	#
603	7522.55	3	37	44	46	88	121	152	235	#
604	801.644	86	#
605	4793.71	38	138	147	238	255	#
606	2983.46	143	149	226	#
607	8433.01	6	37	44	45	72	93	94	103	144	149	164	213	233	235	#
608	133.128	125	159	#
609	1797.08	90	234	#
610	1390.63	225	254	#
611	784.832	16	123	#
612	9173.91	8	27	51	62	101	119	122	162	170	201	210	243	#
613	5796.62	45	56	68	238	240	248	#
614	11806.8	0	9	15	23	28	29	44	49	79	83	84	169	229	#
615	654.537	41	149	220	253	#
616	1917.59	69	74	119	211	227	#
617	2773.12	3	113	217	243	#
618	1911.12	54	158	201	247	#
619	4324.93	115	120	126	128	139	143	#
620	1062.21	41	209	213	247	#
621	1819.83	5	32	139	246	252	#
622	9138.82	7	15	38	41	42	43	77	87	101	104	106	110	134	137	166	201	210	229	#
623	26822.1	12	14	19	30	33	35	40	47	53	56	59	61	68	75	95	120	132	155	178	190	201	212	215	218	221	226	234	249	254	#
624	976.438	158	186	#
625	6191.48	42	54	99	109	116	133	137	141	174	183	195	252	#
626	2571.44	18	82	221	#
627	730.227	50	89	#
628	2863.58	32	106	223	#
629	678.803	121	#
630	28.2871	50	#
631	912.077	108	165	#
632	9582.92	9	73	91	95	107	120	187	191	197	206	209	211	212	223	#
633	1078.11	20	52	118	131	163	173	191	204	#
634	1702.47	129	211	#
635	328.878	37	140	151	177	237	#
636	13833.8	21	22	49	60	100	110	140	165	194	200	212	235	253	254	#
637	5012.28	14	15	35	53	98	131	138	157	176	199	207	228	234	#
638	1721.99	81	162	167	#
639	856.24	15	62	#
640	7612.1	11	20	40	58	84	129	159	204	244	247	249	#
641	1701.64	24	61	#
642	2780.15	84	221	249	#
643	2300.31	0	23	42	95	151	170	187	201	217	#
644	4459.13	5	16	45	47	49	152	163	#
645	1704.66	18	91	110	136	199	210	#
646	1624.84	72	180	#
647	2065.69	5	21	38	49	64	109	130	162	#
648	707.28	1	8	25	74	77	82	144	#
649	11372.9	19	62	104	114	120	125	133	156	174	179	194	253	#
650	3665.28	19	56	111	112	192	224	#
651	1924.45	16	24	47	142	149	234	254	#
652	1162.57	172	189	#
653	4753.71	94	107	125	127	238	#
654	8660.15	12	30	73	93	116	175	182	193	248	#
655	1584.58	56	147	177	254	#
656	1112.62	48	59	109	117	118	120	145	159	163	190	238	247	249	#
657	12020.3	12	15	45	68	77	102	118	139	145	159	164	181	182	193	215	#
658	3589.99	37	96	99	222	#
659	14258.7	3	10	43	59	81	83	84	89	116	135	138	171	172	188	208	209	215	244	252	#
660	629.503	214	#
661	6017	64	94	114	148	172	173	194	196	201	231	#
662	1963.91	91	125	138	149	178	#
663	1893.22	134	192	#
664	2791.97	7	25	31	#
665	2150.18	117	176	185	207	213	#
666	10254.3	3	19	23	68	94	102	130	132	147	205	212	223	255	#
667	8257.92	40	77	106	113	121	147	170	194	203	254	#
668	2981.13	9	41	57	#
669	192.193	204	#
670	1820.67	120	202	204	236	#
671	5423.04	39	85	180	181	204	219	#
672	671.727	22	#
673	634.874	253	#
674	3450.59	8	61	75	79	81	95	123	126	209	215	#
675	1946.41	80	248	#
676	728.878	11	54	#
677	1462.46	8	9	#
678	966.466	238	#
679	13994.7	11	13	50	68	74	101	102	106	111	126	153	156	183	190	192	222	225	241	#
680	25647.7	8	15	18	33	60	72	80	88	94	108	118	124	140	143	166	175	176	177	183	201	210	212	236	241	243	248	#
681	3810.42	16	38	88	98	115	126	136	193	224	#
682	2212.28	59	104	200	#
683	2466.45	43	156	238	#
684	3878.26	19	38	51	144	159	171	#
685	1799.87	73	118	189	193	208	213	214	232	252	#
686	26.4951	227	#
687	1558.61	14	71	166	#
688	3515.76	39	59	77	98	233	254	#
689	3254.73	15	54	163	176	#
690	4159.11	54	80	162	176	181	#
691	26045.7	3	21	26	27	32	41	47	54	58	61	85	90	96	101	105	107	151	156	161	173	177	181	195	197	205	208	211	216	222	224	233	247	248	250	#
692	1834.53	0	2	41	67	85	95	109	135	148	237	#
693	6799.93	46	52	55	74	132	152	207	216	218	242	#
694	550.546	41	#
695	1082.43	45	56	143	#
696	788.369	58	231	239	#
697	841.989	99	115	#
698	1065.65	15	34	84	86	89	93	182	212	246	#
699	2587.15	10	117	129	135	142	171	183	218	220	255	#
700	13595.8	10	11	13	23	30	44	45	54	67	77	78	84	93	103	119	147	167	186	220	248	249	#
701	6177.17	15	59	67	103	120	192	250	#
702	2366.19	181	208	227	#
703	1316.85	6	36	52	61	79	90	143	152	196	204	208	#
704	137.119	36	209	#
705	14941.1	3	36	51	102	113	136	138	161	173	188	195	204	205	209	210	226	239	252	253	#
706	5742.95	1	17	27	31	57	62	75	76	95	99	205	#
707	952.249	19	39	87	#
708	2238.26	35	158	186	237	#
709	17297.2	0	3	13	35	44	53	61	81	84	124	126	131	173	186	203	207	209	215	232	245	#
710	1480.12	3	31	60	111	112	137	140	#
711	2168.4	56	147	162	186	197	#
712	5719.93	32	74	133	176	227	246	#
713	8687.13	31	41	59	87	136	146	179	183	198	199	220	224	226	251	#
714	2.57542	79	#
715	836.682	151	224	#
716	5823.18	2	19	24	80	95	97	107	123	153	176	212	#
717	6997.85	2	36	57	84	161	164	213	#
718	4171.67	43	84	86	201	245	247	#
719	883.209	103	#
720	3893.84	52	66	91	124	128	230	#
721	5734.01	36	104	108	111	115	161	179	218	#
722	2637.99	31	33	52	#
723	6001.99	9	24	30	39	44	56	95	103	143	156	167	185	190	#
724	5661.99	19	20	53	75	92	99	104	138	145	150	163	164	#
725	1378.5	0	97	#
726	4505.17	24	40	98	104	169	191	225	#
727	1495.59	63	78	80	105	#
728	1136.62	61	169	#
729	12132.2	41	43	62	105	118	127	128	129	156	167	171	191	215	#
730	5491.08	8	38	92	93	131	150	#
731	6117.76	40	42	58	104	162	169	176	186	#
732	1819.4	4	55	66	#
733	3929.95	16	59	60	79	95	105	109	113	134	137	148	160	177	194	209	211	241	252	#
734	1911.49	2	53	90	172	#
735	1949.64	74	152	170	236	#
736	713.563	132	#
737	974.153	15	32	48	#
738	794.291	35	87	114	184	209	245	249	#
739	2580.67	20	59	134	156	161	163	222	242	245	251	#
740	1632.36	62	97	127	129	135	142	209	214	237	246	247	#
741	2153.92	140	166	169	#
742	714.286	21	196	#
743	7139.76	43	44	69	85	142	147	183	188	190	195	196	198	216	220	250	#
744	2786.33	94	101	142	144	160	167	227	#
745	2489.94	30	106	133	153	165	195	225	#
746	1992.45	1	88	97	104	152	213	#
747	102.268	243	#
748	1548.48	70	176	#
749	1436.5	124	251	#
750	5576.64	10	35	41	61	70	77	95	129	131	143	148	149	153	169	180	199	236	249	255	#
751	743.061	6	62	#
752	2456.19	26	114	222	253	#
753	830.318	36	171	187	235	#
754	624.172	2	#
755	916.382	41	46	95	137	227	#
756	1058.98	80	108	#
757	1923.71	103	104	#
758	1271.03	43	149	240	#
759	2126.22	1	29	32	38	53	98	172	181	204	227	229	232	244	#
760	1111.32	137	182	#
761	1918.33	125	177	182	217	#
762	1638.37	2	29	71	229	#
763	3925.46	112	148	188	199	#
764	2459.41	42	97	136	197	198	199	242	#
765	2423.99	2	37	60	241	#
766	3696.14	3	37	90	93	113	172	191	#
767	5068.68	17	37	66	70	138	158	188	194	228	238	#
768	7.80165	48	#
769	21076.9	33	36	38	41	79	87	88	89	99	105	125	130	134	152	154	161	170	222	231	232	235	250	#
770	5179.12	28	105	121	169	178	194	252	#
771	680.465	125	243	#
772	1074.88	11	128	209	#
773	2760.56	5	11	18	20	36	41	56	68	75	82	102	134	152	160	177	191	209	224	233	253	255	#
774	2679.74	46	50	195	#
775	2742.75	56	121	132	161	212	245	#
776	5568.76	26	90	91	148	203	246	#
777	986.814	101	148	154	208	#
778	2701.78	20	52	163	165	#
779	1542.04	17	30	45	55	59	68	73	74	96	99	101	128	129	177	178	206	242	247	#
780	631.769	215	232	244	#
781	8400.95	20	22	42	63	73	119	143	157	161	163	166	175	177	180	197	203	214	237	243	253	255	#
782	2791.54	42	48	85	128	149	203	229	#
783	1194.67	39	185	223	#
784	1421.78	34	95	98	179	#
785	632.188	221	#
786	9590.23	0	1	23	32	57	92	94	125	137	227	#
787	2036.49	13	33	73	123	139	240	#
788	2190.59	0	35	71	106	123	127	188	217	222	#
789	1600.65	44	178	179	201	249	#
790	1193.78	87	138	#
791	2956.97	74	164	176	#
792	3756.36	48	156	157	184	222	#
793	2862.03	103	128	186	#
794	1278.64	13	113	153	161	#
795	907.111	81	#
796	1704.08	216	254	#
797	1137.45	23	31	#
798	974.161	63	244	#
799	1596.88	111	245	#
800	1676.14	30	118	144	217	#
801	1356.08	44	144	199	#
802	32.8193	179	#
803	1586.06	36	39	129	131	134	180	245	#
804	6518.62	30	62	106	108	111	120	150	151	159	165	180	183	232	233	#
805	2859.78	10	16	18	24	26	45	55	64	98	120	131	143	148	159	167	199	201	203	204	244	#
806	3600.58	6	11	41	49	59	85	251	#
807	1251.03	11	25	50	86	162	165	171	213	#
808	3583.64	7	35	133	159	#
809	1364.44	114	154	#
810	4552.67	14	20	91	103	119	125	126	146	153	158	165	179	201	213	238	250	255	#
811	9641.54	0	71	72	78	92	96	103	113	146	230	#
812	894.049	53	82	150	#
813	2468.91	13	18	37	43	69	99	124	140	160	175	191	207	223	#
814	3127.97	10	36	37	40	96	141	155	175	222	231	238	#
815	447.131	21	29	#
816	8383.35	28	42	65	88	99	191	203	211	213	239	#
817	1260.05	28	69	90	111	175	204	207	214	#
818	1627.09	110	138	162	#
819	8201.27	19	35	51	107	124	128	146	161	194	201	#
820	1518.66	165	211	#
821	913.054	4	93	169	#
822	401.329	179	246	#
823	329.386	134	#
824	1760.07	52	70	74	117	136	196	204	223	228	237	#
825	9234.56	17	51	52	96	100	126	176	187	192	216	221	#
826	8688.37	5	29	57	61	96	98	106	146	176	194	#
827	2876.26	6	17	40	55	103	117	135	158	172	174	180	192	194	246	#
828	4963.94	20	32	200	233	238	251	#
829	6608.3	26	72	95	100	126	157	158	165	197	210	234	240	242	253	#
830	1917.19	3	6	17	76	84	148	152	167	192	221	231	246	#
831	16754.8	7	8	40	49	50	52	56	62	74	98	101	132	175	181	195	246	251	#
832	2832.52	25	134	190	218	#
833	154.372	170	#
834	1628.42	86	91	128	#
835	5838.02	7	34	49	97	99	117	171	186	237	244	#
836	605.119	92	231	237	246	#
837	2702.13	15	69	151	185	191	#
838	5635.17	9	45	48	151	157	163	201	#
839	1961.23	91	133	254	#
840	835.117	116	121	134	217	#
841	3714.79	32	53	63	108	158	222	#
842	6460.56	13	18	45	103	109	137	139	146	186	190	192	202	250	255	#
843	9937.68	28	34	76	121	148	154	161	185	197	232	241	244	#
844	8083.8	14	16	23	39	44	74	76	102	107	117	127	147	155	157	166	172	185	191	205	207	216	223	#
845	1913.99	22	65	88	176	204	#
846	1361.19	143	174	#
847	2603.96	52	200	249	#
848	3583.39	74	128	141	154	158	190	253	#
849	3038.87	42	53	64	153	234	240	#
850	1654.33	86	219	#
851	5745.78	63	85	102	143	163	190	191	#
852	7412.54	10	13	24	59	89	140	182	208	229	235	242	248	#
853	2804.77	19	78	145	178	219	#
854	6225.94	5	8	12	33	42	52	80	152	249	#
855	10656.4	4	5	30	36	71	151	195	209	218	232	233	236	#
856	1179.44	124	141	215	#
857	1511.77	30	61	130	#
858	1057.56	103	167	253	#
859	3011.29	72	97	123	174	#
860	19287.2	1	7	10	14	18	23	26	71	75	76	102	104	112	122	128	134	160	185	191	197	211	217	221	223	235	#
861	2575.93	113	115	230	#
862	2341.77	8	15	21	219	#
863	4758.85	21	32	74	80	82	86	164	189	219	221	225	239	#
864	5485.09	49	50	57	59	95	131	149	161	178	202	#
865	818.109	87	217	#
866	192.566	91	93	#
867	3056.58	117	125	166	229	#
868	4393.83	30	105	118	173	183	#
869	2865.53	27	30	32	201	217	#
870	1699.71	123	145	#
871	2177.91	10	141	147	#
872	3382.62	26	41	155	181	188	#
873	1406.86	61	133	#
874	9764.06	19	23	45	66	83	86	89	103	106	108	114	116	119	135	139	146	162	172	176	185	198	206	231	250	252	#
875	426.985	12	#
876	3721.48	103	132	183	225	250	#
877	8402.01	19	43	53	88	104	120	122	174	233	246	#
878	1973.28	107	137	#
879	2355.9	145	184	197	221	#
880	2589.63	44	75	164	252	#
881	2108.97	193	249	254	#
882	2268.08	12	150	192	204	228	249	#
883	3560.78	56	57	59	85	240	#
884	5241.13	21	32	36	61	97	141	207	209	230	250	#
885	2482.91	30	36	47	111	165	189	193	203	221	223	253	#
886	2330.67	29	35	55	163	182	189	216	#
887	15263.6	13	34	40	65	70	76	108	113	125	129	133	141	147	174	186	239	#
888	1968.23	129	156	217	#
889	2810.29	12	15	178	#
890	2621.97	13	72	166	192	218	224	235	246	#
891	2881.91	30	172	232	#
892	3524.13	37	107	144	240	#
893	285.306	206	#
894	6618.83	18	32	56	145	190	231	244	#
895	2668.96	29	42	49	157	251	#
896	3487.95	53	84	119	204	#
897	2026.95	164	209	216	#
898	1446.58	71	149	156	255	#
899	2439.99	33	43	75	156	#
900	2546.86	31	97	119	#
901	3914.88	93	117	133	236	237	#
902	12207.1	5	18	22	48	74	97	112	135	148	179	182	211	229	238	#
903	461.258	218	#
904	4783.42	12	14	82	95	110	130	146	148	193	212	226	243	#
905	5697.14	73	78	109	135	243	255	#
906	1807.18	6	67	#
907	3454.62	1	35	76	94	138	188	#
908	1770.33	58	101	121	125	150	180	#
909	4554.19	35	44	152	156	169	239	#
910	2978.57	54	147	171	#
911	1173.06	28	39	42	96	161	166	#
912	3477.9	102	128	129	166	239	#
913	2285.53	32	117	254	#
914	562.313	66	243	#
915	1361.94	14	66	161	#
916	3561.86	72	76	87	89	101	107	119	120	131	211	233	239	#
917	423.475	128	#
918	2392.63	101	141	177	178	209	#
919	1073.56	61	178	250	#
920	367.9	176	183	#
921	1699.29	28	34	43	44	94	250	#
922	2272.24	47	48	67	99	111	116	125	147	225	232	#
923	182.171	107	131	#
924	2701.42	1	72	145	183	187	247	#
925	2752.21	30	66	114	#
926	12514	56	57	69	81	85	90	107	111	126	130	150	168	222	233	239	240	241	#
927	953.059	23	33	#
928	1173.13	47	108	#
929	1777.98	183	190	#
930	956.484	94	111	136	150	166	179	211	232	#
931	5232.54	105	124	143	151	162	244	#
932	2447.92	37	51	229	#
933	1205.37	61	79	84	129	240	#
934	1233.14	116	188	228	#
935	4985.84	36	53	109	131	182	#
936	4078.26	35	56	167	181	203	#
937	10100	3	7	25	26	45	49	59	137	138	169	179	184	204	213	#
938	2571.56	22	59	102	#
939	1729.66	84	87	#
940	3386.7	1	5	14	85	87	93	134	210	#
941	4282.07	24	53	112	133	143	185	228	#
942	1513.6	8	72	86	106	112	195	222	249	#
943	11071.7	25	36	75	85	92	125	140	196	222	225	227	255	#
944	110.626	125	#
945	6271.14	17	72	86	110	113	130	139	215	238	#
946	4115.88	27	34	37	78	99	209	226	243	#
947	5164.13	6	35	137	162	219	236	#
948	5774.39	8	13	16	32	92	128	144	190	198	199	#
949	2045.09	29	92	116	161	228	#
950	6926.36	34	62	114	125	149	214	239	#
951	7127.76	18	93	129	171	184	217	236	239	#
952	2319.15	61	72	156	#
953	1791.32	74	90	#
954	959.496	21	147	#
955	1342.1	65	79	155	#
956	4261.35	24	182	191	196	240	#
957	2345.69	7	22	89	94	136	178	215	#
958	5643.55	36	47	59	60	82	87	95	123	130	139	154	162	171	174	175	182	229	231	#
959	8485.99	0	7	20	42	56	62	102	114	128	137	156	170	219	221	223	#
960	1553.02	15	131	141	192	#
961	6838.48	59	116	134	148	220	222	225	231	232	#
962	603.013	56	117	#
963	9.0346	114	#
964	5303.71	30	36	39	101	134	145	147	190	201	219	255	#
965	4118.34	59	153	182	183	222	234	239	#
966	1854.4	48	239	#
967	1516.57	80	147	179	182	251	#
968	976.983	14	#
969	6953.52	47	96	120	122	142	152	178	221	223	235	241	#
970	3832.11	84	124	160	218	#
971	1666.52	117	125	#
972	10119.4	13	35	36	41	93	101	119	145	151	168	181	225	229	#
973	1513.01	23	44	90	91	116	171	236	#
974	3817.89	15	52	78	126	222	240	#
975	5233.27	30	50	111	131	198	213	220	#
976	5299.52	22	72	79	111	133	176	193	219	226	#
977	7885.93	48	50	56	63	102	118	195	206	234	#
978	608.587	26	#
979	1077.1	90	240	252	#
980	2339.24	62	121	218	#
981	3851.23	9	31	46	57	86	106	147	149	166	175	191	196	202	#
982	1612.01	69	249	#
983	3045.64	19	78	91	173	#
984	921.583	138	185	#
985	476.923	212	#
986	5613.3	19	106	172	175	178	181	225	#
987	4830.46	74	91	120	153	187	216	252	#
988	1292.08	7	67	#
989	2942.56	8	53	151	#
990	1999.75	21	24	193	#
991	6393.76	6	30	39	42	112	186	207	241	246	#
992	2783.37	90	195	232	#
993	3435.1	28	108	117	156	211	#
994	3351.61	30	38	107	153	186	245	#
995	1328.62	24	126	#
996	1876.95	44	71	92	184	232	239	#
997	1507.56	1	13	19	32	52	63	97	108	109	110	145	146	184	189	217	255	#
998	5439.76	10	31	51	100	225	247	#
999	1070.49	106	225	#
