%% File generated by CATS v.2.1Fri Dec 18 21:50:29 2020

%% The CATS webpage is http://robotics.stanford.edu/CATS

%% PARAMETER SETTINGS:
% Goods: 256; Bids: 1000; Distribution: paths; Runs: 1; Seed: 1608360447
% Paths Distribution Parameters:
% Initial connections:       = 2
% Edge density:              = 3.000000
% Shipping cost factor:      = 1.500000
% Max bid set size:          = 5
% Building penalty:          = 1.700000



goods 256
bids 1003
dummy 541

0	0.127675	32	69	256	#
1	0.127675	32	68	85	256	#
2	0.551699	0	1	83	104	236	#
3	1.02188	68	114	130	156	232	257	#
4	1.02188	8	9	24	197	257	#
5	1.02188	48	68	112	114	130	231	232	257	#
6	1.02188	47	48	112	114	130	200	232	257	#
7	1.02188	69	85	114	130	156	232	257	#
8	0.237234	8	89	114	258	#
9	0.237234	8	88	96	114	258	#
10	0.63758	93	118	159	259	#
11	0.63758	93	111	113	117	215	259	#
12	0.63758	65	78	92	97	159	259	#
13	0.947054	237	260	#
14	0.947054	39	59	64	103	107	129	184	241	260	#
15	0.947054	39	58	64	74	103	107	129	184	241	260	#
16	0.947054	40	59	63	103	107	129	184	241	260	#
17	0.947054	40	58	63	74	103	107	129	184	241	260	#
18	0.84528	22	126	213	261	#
19	0.84528	4	5	22	126	170	261	#
20	0.84528	5	22	134	242	261	#
21	0.84528	22	54	125	213	261	#
22	0.84528	39	149	178	261	#
23	0.685847	103	107	181	205	262	#
24	0.685847	38	107	205	242	262	#
25	0.685847	104	107	131	181	205	262	#
26	0.685847	2	5	45	107	127	242	249	262	#
27	0.29408	47	48	100	112	#
28	1.20091	179	186	263	#
29	1.20091	111	113	221	263	#
30	1.20091	82	108	111	113	245	263	#
31	1.20091	19	74	120	183	190	263	#
32	1.20091	18	74	84	120	183	190	263	#
33	0.901839	17	229	264	#
34	0.901839	16	128	229	264	#
35	0.901839	25	251	264	#
36	0.901839	24	129	251	264	#
37	0.901839	25	28	182	225	264	#
38	1.01916	76	193	265	#
39	1.01916	77	133	265	#
40	1.04364	29	45	46	62	127	213	266	#
41	1.04364	52	192	202	266	#
42	1.04364	4	5	29	45	46	62	127	170	266	#
43	1.04364	28	45	46	54	62	127	213	266	#
44	1.04364	37	75	110	192	205	266	#
45	0.691474	48	112	130	171	267	#
46	0.691474	47	48	84	100	101	112	120	130	267	#
47	0.908783	64	237	268	#
48	0.908783	39	59	103	107	129	184	241	268	#
49	0.908783	39	58	74	103	107	129	184	241	268	#
50	0.908783	39	40	63	237	268	#
51	0.908783	39	59	98	99	103	107	184	241	268	#
52	0.439824	8	9	102	109	114	#
53	0.933602	8	189	269	#
54	0.933602	5	45	127	220	222	242	269	#
55	0.933602	5	37	38	45	127	206	220	269	#
56	0.933602	9	24	45	98	172	269	#
57	0.933602	9	23	24	45	95	139	269	#
58	0.405234	112	222	#
59	0.638024	37	66	111	215	#
60	0.826429	5	89	112	130	222	242	270	#
61	0.826429	5	88	96	112	130	222	242	270	#
62	0.826429	5	37	38	89	112	130	206	270	#
63	0.826429	5	37	38	88	96	112	130	206	270	#
64	0.628889	59	103	107	169	271	#
65	0.628889	58	74	103	107	169	271	#
66	0.628889	101	145	271	#
67	0.628889	15	74	166	271	#
68	0.628889	59	107	135	242	271	#
69	0.670524	15	99	144	#
70	0.681372	37	38	49	66	106	196	272	#
71	0.681372	4	37	38	49	66	72	105	272	#
72	0.681372	37	38	49	66	71	105	196	272	#
73	0.681372	4	37	38	49	66	71	72	106	272	#
74	0.488177	185	#
75	0.699506	61	170	273	#
76	0.699506	61	162	240	273	#
77	0.699506	60	126	170	273	#
78	0.699506	61	72	105	132	273	#
79	0.699506	61	71	72	106	132	273	#
80	1.021	6	24	102	109	197	#
81	0.406309	76	254	274	#
82	0.406309	86	209	274	#
83	0.626762	128	129	255	275	#
84	0.626762	98	99	128	255	275	#
85	0.626762	94	99	128	230	275	#
86	0.626762	16	17	129	255	275	#
87	0.626762	95	128	129	230	275	#
88	0.906508	23	45	46	139	276	#
89	0.906508	22	45	46	127	139	276	#
90	0.471169	39	219	#
91	0.31731	82	208	277	#
92	0.31731	15	82	90	277	#
93	1.09889	65	78	97	141	#
94	1.0835	81	124	247	278	#
95	1.0835	41	42	124	247	278	#
96	1.0835	76	77	81	247	278	#
97	1.0835	0	57	91	102	109	239	254	278	#
98	1.0835	57	76	87	99	128	144	209	278	#
99	0.779208	57	90	230	279	#
100	0.779208	57	94	144	279	#
101	0.779208	57	95	98	144	279	#
102	0.779208	14	208	230	279	#
103	0.779208	14	15	90	230	279	#
104	1.02785	80	211	280	#
105	1.02785	79	123	211	280	#
106	1.02785	43	44	211	280	#
107	1.03732	0	57	91	173	281	#
108	1.03732	14	54	195	281	#
109	1.03732	14	28	29	195	281	#
110	1.03732	0	14	15	91	173	281	#
111	1.03732	0	1	57	83	90	173	281	#
112	1.01723	29	30	31	162	214	282	#
113	1.01723	41	70	147	168	282	#
114	1.01723	41	70	126	162	168	282	#
115	1.01723	28	30	31	54	162	214	282	#
116	1.01723	32	69	155	282	#
117	0.678398	37	65	66	78	159	#
118	1.22804	41	210	283	#
119	1.22804	41	103	107	110	181	204	205	283	#
120	1.22804	2	3	41	103	107	181	204	205	283	#
121	1.22804	42	81	210	283	#
122	1.22804	3	5	41	45	107	127	204	242	249	283	#
123	1.10826	5	38	127	165	284	#
124	1.10826	5	37	38	66	93	118	127	159	284	#
125	1.10826	5	37	38	66	93	111	113	117	127	215	284	#
126	1.10826	5	37	38	65	66	78	92	97	127	159	284	#
127	1.10826	5	22	23	38	165	284	#
128	0.672191	5	59	101	107	127	242	285	#
129	0.672191	5	58	74	101	107	127	242	285	#
130	0.672191	5	127	158	196	285	#
131	0.672191	4	5	71	72	127	158	285	#
132	1.02152	33	217	286	#
133	1.02152	6	7	217	286	#
134	1.02152	34	67	217	286	#
135	0.672267	13	35	36	68	162	287	#
136	0.672267	13	35	36	69	85	162	287	#
137	0.672267	12	32	35	36	69	162	287	#
138	0.672267	12	32	35	36	68	85	162	287	#
139	0.672267	39	64	68	148	162	287	#
140	0.29733	46	52	62	288	#
141	0.29733	3	53	249	288	#
142	0.844966	40	59	103	107	184	241	289	#
143	0.844966	40	58	74	103	107	184	241	289	#
144	0.400842	8	9	109	207	#
145	1.08147	11	37	192	205	290	#
146	1.08147	29	160	213	290	#
147	1.08147	4	5	29	160	170	290	#
148	1.08147	28	54	160	213	290	#
149	1.08147	4	11	29	38	170	205	290	#
150	1.02224	16	87	238	291	#
151	1.02224	16	87	212	246	291	#
152	1.02224	17	87	128	238	291	#
153	1.02224	17	87	128	212	246	291	#
154	1.02224	10	223	291	#
155	0.813609	37	38	66	111	215	292	#
156	0.813609	82	111	135	208	292	#
157	0.813609	15	82	90	111	135	292	#
158	0.813609	0	1	37	38	49	66	82	83	111	292	#
159	0.813609	37	38	66	113	119	159	292	#
160	1.029	25	116	175	#
161	1.27729	50	78	151	293	#
162	1.27729	26	151	194	293	#
163	1.27729	37	66	73	157	159	293	#
164	1.27729	51	65	78	151	293	#
165	1.27729	20	21	78	183	188	293	#
166	1.00376	26	81	118	124	191	294	#
167	1.00376	26	41	42	118	124	191	294	#
168	1.00376	26	76	77	81	118	191	294	#
169	1.00376	9	26	102	109	118	177	254	294	#
170	1.00376	26	41	76	118	191	253	294	#
171	0.335469	4	68	240	#
172	0.714526	102	109	185	295	#
173	0.714526	16	86	87	203	295	#
174	0.714526	49	66	102	109	239	295	#
175	0.714526	9	102	109	206	220	295	#
176	0.714526	17	86	87	128	203	295	#
177	0.505874	82	83	93	111	113	117	#
178	0.923452	45	61	127	213	296	#
179	0.923452	4	5	45	61	127	170	296	#
180	1.04026	65	92	97	188	297	#
181	1.04026	50	51	92	97	188	297	#
182	1.04026	55	56	65	92	188	297	#
183	1.04026	78	93	118	188	297	#
184	1.04026	19	93	120	154	297	#
185	1.16975	54	93	176	243	298	#
186	1.16975	28	29	93	176	243	298	#
187	1.16975	29	30	31	55	92	211	298	#
188	1.16975	9	27	29	65	92	97	177	225	298	#
189	1.16975	9	26	29	93	118	177	225	298	#
190	0.509767	112	250	#
191	0.640164	99	128	144	299	#
192	0.640164	98	128	129	144	299	#
193	0.640164	16	17	99	144	299	#
194	0.640164	0	25	91	128	239	299	#
195	0.640164	16	17	98	129	144	299	#
196	0.780349	41	70	107	204	#
197	0.799655	18	20	171	183	300	#
198	0.799655	20	47	108	150	300	#
199	0.799655	19	20	47	100	101	120	183	300	#
200	0.799655	20	108	187	231	300	#
201	0.799655	18	20	47	84	100	101	120	183	300	#
202	1.10022	193	301	#
203	1.10022	124	133	301	#
204	1.10022	76	77	133	301	#
205	1.10022	39	64	103	143	184	301	#
206	1.10022	40	63	103	143	184	301	#
207	0.714509	229	#
208	1.04117	45	46	61	127	213	302	#
209	1.04117	4	5	45	46	61	127	170	302	#
210	1.04117	45	46	60	126	127	213	302	#
211	1.04117	45	46	61	69	162	201	302	#
212	1.04117	45	46	61	68	85	162	201	302	#
213	0.386185	48	112	121	130	303	#
214	0.386185	48	96	112	122	130	303	#
215	0.547081	14	169	#
216	0.956175	35	36	63	248	304	#
217	0.956175	44	63	79	198	304	#
218	0.956175	35	36	39	40	64	248	304	#
219	0.956175	43	63	123	198	304	#
220	0.956175	29	30	31	40	43	68	148	162	304	#
221	0.771513	13	156	305	#
222	0.771513	13	48	112	231	305	#
223	0.771513	13	47	48	68	112	200	305	#
224	0.771513	13	85	112	216	305	#
225	0.771513	13	68	69	112	216	305	#
226	0.890563	9	252	306	#
227	0.890563	32	216	220	306	#
228	0.890563	32	48	136	220	306	#
229	0.890563	32	48	85	220	231	306	#
230	0.890563	32	48	68	69	220	231	306	#
231	1.20361	56	68	227	240	307	#
232	1.20361	56	69	85	227	240	307	#
233	1.20361	55	68	97	227	240	307	#
234	1.20361	4	37	38	56	65	66	68	78	159	240	307	#
235	1.20361	55	69	85	97	227	240	307	#
236	0.658733	24	28	125	225	308	#
237	0.658733	24	29	126	225	308	#
238	0.448946	45	46	52	62	127	309	#
239	0.448946	3	45	53	127	249	309	#
240	0.69877	74	120	166	310	#
241	0.69877	100	101	120	234	310	#
242	0.69877	58	59	120	166	310	#
243	0.69877	0	59	91	107	120	131	236	310	#
244	0.69877	0	58	74	91	107	120	131	236	310	#
245	0.4185	8	9	96	102	109	114	#
246	0.796399	120	163	241	#
247	0.278043	13	36	85	311	#
248	0.278043	13	36	68	69	311	#
249	0.278043	12	32	36	311	#
250	0.568826	0	24	98	239	312	#
251	0.568826	0	25	99	239	312	#
252	0.568826	0	25	98	129	239	312	#
253	0.608611	68	163	232	313	#
254	0.608611	69	85	163	232	313	#
255	1.22227	35	50	78	119	138	314	#
256	1.22227	26	35	119	138	194	314	#
257	1.22227	35	51	65	78	119	138	314	#
258	1.22227	26	27	35	50	119	138	314	#
259	1.22227	35	39	50	64	78	104	184	228	314	#
260	0.384373	48	220	#
261	1.16144	32	117	224	315	#
262	1.16144	4	37	38	66	118	159	226	315	#
263	1.16144	72	117	186	226	315	#
264	1.16144	4	37	38	66	111	113	117	215	226	315	#
265	1.16144	1	82	83	111	113	117	146	315	#
266	0.276039	8	89	114	316	#
267	0.276039	8	88	96	114	316	#
268	1.02269	12	116	252	317	#
269	1.02269	13	24	116	120	163	241	317	#
270	1.02269	12	109	115	252	317	#
271	1.10938	9	29	177	225	318	#
272	1.10938	9	28	54	177	225	318	#
273	1.10938	26	126	141	318	#
274	1.10938	9	28	125	126	177	225	318	#
275	1.10938	26	54	125	141	318	#
276	0.954067	2	20	68	108	187	218	319	#
277	0.954067	18	20	161	183	205	319	#
278	0.753566	2	18	161	205	320	#
279	0.753566	5	45	127	137	249	320	#
280	0.753566	5	18	45	127	142	196	249	320	#
281	0.753566	2	38	137	205	320	#
282	0.753566	2	18	38	142	196	205	320	#
283	0.58034	9	25	26	177	#
284	0.478261	161	321	#
285	0.478261	38	142	196	321	#
286	0.478261	4	38	140	321	#
287	0.478261	4	38	71	72	142	321	#
288	0.132753	118	#
289	0.892776	68	187	233	322	#
290	0.892776	3	68	187	218	322	#
291	0.892776	69	85	187	233	322	#
292	0.892776	3	69	85	187	218	322	#
293	0.892776	3	45	85	187	201	249	322	#
294	0.288541	48	112	130	#
295	0.863808	16	20	87	229	323	#
296	0.863808	17	20	87	128	229	323	#
297	0.706246	24	102	109	255	324	#
298	0.706246	0	1	83	102	109	239	324	#
299	0.706246	24	95	102	109	230	324	#
300	0.706246	24	94	98	102	109	230	324	#
301	0.706246	86	87	128	129	255	324	#
302	0.969838	2	37	192	205	325	#
303	0.969838	29	45	127	213	249	325	#
304	0.969838	29	162	218	325	#
305	0.969838	4	5	29	45	127	170	249	325	#
306	0.969838	28	45	54	127	213	249	325	#
307	0.966243	35	133	#
308	0.762317	37	66	111	113	215	326	#
309	0.762317	37	66	119	159	326	#
310	0.762317	0	1	37	49	66	82	83	111	113	326	#
311	0.762317	0	37	49	66	82	90	91	111	113	326	#
312	0.762317	37	66	117	118	159	326	#
313	0.889247	39	64	103	112	184	222	327	#
314	0.889247	40	63	103	112	184	222	327	#
315	0.889247	13	35	36	156	327	#
316	0.889247	39	48	64	103	107	112	174	184	327	#
317	0.889247	40	48	63	103	107	112	174	184	327	#
318	0.725773	235	328	#
319	0.725773	21	28	30	31	182	328	#
320	0.155794	49	#
321	1.05207	39	64	103	112	121	130	184	222	329	#
322	1.05207	40	63	103	112	121	130	184	222	329	#
323	1.05207	39	64	96	103	112	122	130	184	222	329	#
324	1.05207	40	63	96	103	112	122	130	184	222	329	#
325	1.05207	39	64	88	89	103	112	122	130	184	222	329	#
326	0.900908	252	330	#
327	0.900908	24	120	199	241	330	#
328	0.900908	24	32	85	120	163	241	330	#
329	0.900908	24	32	68	69	120	163	241	330	#
330	0.900908	29	32	69	162	225	330	#
331	0.893353	26	81	113	119	191	331	#
332	0.893353	26	41	42	113	119	191	331	#
333	0.302804	6	34	108	332	#
334	0.302804	7	67	108	332	#
335	0.186347	82	83	#
336	0.63885	4	5	72	180	#
337	1.01003	9	79	153	177	333	#
338	1.01003	80	177	220	250	333	#
339	1.01003	41	79	167	191	333	#
340	1.01003	27	56	65	80	211	333	#
341	1.01003	9	80	123	153	177	333	#
342	0.988623	4	38	165	334	#
343	0.988623	92	97	227	334	#
344	0.988623	4	37	38	66	93	118	159	334	#
345	0.988623	72	93	117	186	334	#
346	0.988623	4	37	38	66	93	111	113	117	215	334	#
347	0.430168	8	9	24	98	207	335	#
348	0.430168	8	9	24	98	114	121	335	#
349	0.430168	8	9	25	99	207	335	#
350	0.126373	9	#
351	0.460548	8	9	25	96	114	128	336	#
352	0.460548	8	9	24	96	114	128	129	336	#
353	0.460548	122	152	336	#
354	0.460548	8	9	16	17	25	96	114	336	#
355	0.460548	8	9	25	88	89	114	128	336	#
356	0.105361	86	102	#
357	0.667084	54	68	148	162	#
358	0.714871	117	128	129	244	338	#
359	0.56729	9	24	98	177	337	#
360	0.56729	9	25	99	177	337	#
361	0.591289	48	80	250	#
362	0.282041	37	38	#
363	0.126892	130	#
364	0.806857	26	41	118	191	#
365	0.714871	9	25	26	118	128	177	338	#
366	1.17363	97	164	#
367	0.850782	16	246	231	339	#
368	0.850782	128	129	241	120	163	339	#
369	0.850782	16	246	47	200	68	339	#
370	0.850782	128	99	98	241	120	163	339	#
371	0.850782	16	246	136	85	339	#
372	1.13693	20	108	245	340	#
373	1.13693	20	108	150	234	90	340	#
374	1.13693	20	183	19	120	74	166	90	340	#
375	1.13693	20	183	18	84	120	74	166	90	340	#
376	1.13693	20	221	82	340	#
377	0.807911	41	204	107	103	341	#
378	0.807911	41	204	107	131	104	341	#
379	0.807911	42	81	204	107	103	341	#
380	0.652522	123	250	48	47	342	#
381	0.652522	79	80	250	48	47	342	#
382	0.462659	113	111	82	83	1	0	343	#
383	0.462659	113	111	82	90	91	0	343	#
384	0.115962	8	#
385	0.1664	87	128	129	#
386	0.820143	9	24	95	139	344	#
387	0.820143	9	24	98	94	139	344	#
388	0.65298	110	205	181	103	345	#
389	0.65298	3	2	205	181	103	345	#
390	0.65298	3	249	45	127	5	242	345	#
391	0.65298	110	205	38	242	345	#
392	0.65298	3	2	205	38	242	345	#
393	0.0866928	27	#
394	0.15419	92	97	#
395	0.903304	32	85	156	130	121	346	#
396	0.903304	32	216	112	130	121	346	#
397	0.903304	32	69	68	156	130	121	346	#
398	0.903304	32	136	48	112	130	121	346	#
399	0.903304	32	85	231	48	112	130	121	346	#
400	0.272385	124	42	347	#
401	0.272385	124	81	41	347	#
402	0.272385	76	253	347	#
403	0.272385	76	77	42	347	#
404	0.272385	76	77	81	41	347	#
405	0.767504	57	144	99	348	#
406	0.767504	57	144	98	129	348	#
407	0.767504	57	91	0	239	25	348	#
408	0.767504	57	91	0	239	24	129	348	#
409	0.767504	57	144	98	24	25	348	#
410	0.644021	59	107	242	5	127	45	349	#
411	0.644021	74	58	107	242	5	127	45	349	#
412	0.644021	59	107	242	5	22	23	45	349	#
413	0.644021	74	58	107	242	5	22	23	45	349	#
414	0.644021	59	107	103	181	38	5	127	45	349	#
415	1.0328	116	25	175	350	#
416	1.0328	116	251	21	350	#
417	1.0328	116	25	17	229	21	350	#
418	1.0328	116	25	128	16	229	21	350	#
419	1.0328	116	24	129	175	350	#
420	0.931402	107	131	228	78	65	97	351	#
421	0.931402	107	103	104	228	78	65	97	351	#
422	0.931402	107	131	228	26	27	65	97	351	#
423	0.931402	107	103	104	228	26	27	65	97	351	#
424	0.931402	58	190	119	78	65	97	351	#
425	0.249172	117	93	#
426	0.886981	133	#
427	0.722104	90	166	74	120	352	#
428	0.722104	90	234	100	101	120	352	#
429	0.1703	187	68	#
430	0.91457	67	187	68	233	353	#
431	0.91457	67	187	68	218	3	353	#
432	0.91457	7	232	233	353	#
433	0.91457	7	232	218	3	353	#
434	0.91457	157	205	110	353	#
435	0.799775	54	243	88	354	#
436	0.799775	29	28	243	88	354	#
437	0.799775	54	243	89	96	354	#
438	0.799775	29	225	9	8	114	96	354	#
439	0.799775	29	28	243	89	96	354	#
440	0.833069	172	355	#
441	0.833069	94	139	23	355	#
442	0.833069	98	95	139	23	355	#
443	0.833069	94	139	22	127	355	#
444	0.833069	98	95	139	22	127	355	#
445	0.544681	54	162	68	13	356	#
446	0.544681	28	29	162	68	13	356	#
447	0.544681	54	162	69	85	13	356	#
448	0.544681	54	162	69	32	12	356	#
449	0.544681	54	162	68	85	32	12	356	#
450	0.636509	98	24	9	177	27	65	#
451	1.05382	20	108	187	68	233	53	357	#
452	1.05382	20	108	187	68	218	3	53	357	#
453	1.02354	29	225	9	177	358	#
454	1.02354	54	28	225	9	177	358	#
455	0.54543	107	103	181	205	2	#
456	0.853565	68	147	168	359	#
457	0.853565	68	162	126	168	359	#
458	0.77447	49	66	37	38	4	240	68	360	#
459	0.77447	49	66	37	38	4	240	69	85	360	#
460	1.02735	153	24	255	361	#
461	1.02735	153	239	0	1	83	361	#
462	1.02735	153	24	95	230	361	#
463	1.02735	153	24	98	94	230	361	#
464	1.02735	153	25	129	255	361	#
465	1.1045	56	65	78	159	66	37	38	5	22	#
466	1.25991	227	240	68	187	362	#
467	1.25991	65	188	183	108	362	#
468	1.25991	227	240	69	85	187	362	#
469	1.25991	65	78	119	113	111	82	245	362	#
470	1.25991	65	78	159	66	37	38	4	240	68	187	362	#
471	0.0343743	65	#
472	0.689422	29	192	66	#
473	0.684257	163	148	40	363	#
474	0.684257	120	59	107	103	184	40	363	#
475	0.684257	120	74	58	107	103	184	40	363	#
476	0.684257	163	13	36	35	63	363	#
477	0.684257	199	12	36	35	63	363	#
478	0.192504	98	24	109	#
479	0.848318	40	184	103	222	112	130	#
480	0.890935	198	35	364	#
481	0.890935	123	31	30	29	162	68	13	36	364	#
482	0.890935	79	80	31	30	29	162	68	13	36	364	#
483	0.890935	79	44	248	36	364	#
484	0.890935	123	43	248	36	364	#
485	1.11118	116	24	98	172	45	46	365	#
486	1.11118	116	24	95	139	23	45	46	365	#
487	1.11118	116	24	98	94	139	23	45	46	365	#
488	1.11118	116	25	99	172	45	46	365	#
489	1.11118	116	25	99	94	139	23	45	46	365	#
490	0.36839	5	242	107	#
491	0.834665	121	130	156	68	366	#
492	0.834665	121	130	112	48	231	68	366	#
493	0.834665	121	130	112	48	47	200	366	#
494	0.834665	122	96	130	156	68	366	#
495	0.834665	121	130	156	85	69	366	#
496	0.970034	5	38	37	66	159	78	65	97	367	#
497	0.970034	5	38	165	92	367	#
498	0.761907	171	48	112	130	96	368	#
499	0.761907	171	48	112	130	89	88	368	#
500	0.761907	84	120	101	100	47	48	112	130	96	368	#
501	0.761907	171	48	112	130	121	122	368	#
502	0.761907	84	120	59	174	48	112	130	96	368	#
503	0.712838	47	150	369	#
504	0.712838	231	187	369	#
505	0.712838	47	200	68	187	369	#
506	0.712838	136	85	187	369	#
507	0.712838	136	69	68	187	369	#
508	0.57525	137	5	22	370	#
509	0.57525	18	142	196	5	22	370	#
510	0.57525	18	140	4	5	22	370	#
511	0.57525	18	142	71	72	4	5	22	370	#
512	0.475477	24	239	0	#
513	0.844698	163	120	241	98	371	#
514	0.844698	163	120	241	129	99	371	#
515	0.792896	85	163	120	241	372	#
516	0.792896	69	68	163	120	241	372	#
517	0.681768	110	205	181	103	107	58	373	#
518	0.681768	3	2	205	181	103	107	58	373	#
519	0.681768	110	205	181	103	107	59	74	373	#
520	1.14854	20	221	374	#
521	1.14854	20	108	245	82	374	#
522	0.218467	19	120	#
523	1.18799	97	227	240	69	375	#
524	1.18799	97	227	240	68	85	375	#
525	1.18799	97	65	78	119	224	375	#
526	1.18799	97	227	226	32	375	#
527	1.18799	92	93	117	224	375	#
528	0.95578	250	48	47	234	#
529	0.748632	37	203	16	87	376	#
530	0.748632	37	203	17	128	87	376	#
531	0.59161	255	98	377	#
532	0.59161	230	94	377	#
533	0.59161	230	95	98	377	#
534	0.59161	90	144	377	#
535	0.59161	255	129	99	377	#
536	1.0399	121	130	112	206	202	378	#
537	1.0399	122	96	130	112	206	202	378	#
538	1.0399	121	130	112	206	37	205	110	53	378	#
539	1.0399	122	88	89	130	112	206	202	378	#
540	1.0399	121	130	112	206	37	205	2	3	53	378	#
541	0.238642	50	78	118	379	#
542	0.238642	194	26	118	379	#
543	0.85553	149	39	219	73	380	#
544	0.85553	149	148	187	67	73	380	#
545	0.85553	22	5	4	72	180	73	380	#
546	0.85553	149	148	68	232	7	73	380	#
547	0.85553	22	5	196	71	180	73	380	#
548	0.946882	26	177	9	153	#
549	0.581523	153	24	95	381	#
550	0.581523	153	24	98	94	381	#
551	0.2224	220	#
552	0.466496	0	49	66	37	38	#
553	1.05351	67	150	47	48	112	130	121	382	#
554	1.05351	67	150	47	48	112	130	96	122	382	#
555	1.05351	67	187	156	130	121	382	#
556	1.05351	33	34	150	47	48	112	130	121	382	#
557	1.05351	7	232	68	156	130	121	382	#
558	0.0583396	128	#
559	0.352223	167	#
560	0.969112	27	177	9	153	383	#
561	0.969112	65	56	211	123	383	#
562	0.969112	78	26	177	9	153	383	#
563	0.969112	65	56	211	80	79	383	#
564	0.969112	50	194	177	9	153	383	#
565	1.02444	13	68	147	168	41	384	#
566	1.02444	13	68	162	126	168	41	384	#
567	1.02444	13	85	69	147	168	41	384	#
568	1.02444	13	85	69	162	126	168	41	384	#
569	1.02444	13	68	162	54	125	168	41	384	#
570	1.01061	86	87	16	229	21	385	#
571	1.01061	86	87	128	175	385	#
572	1.01061	102	109	25	175	385	#
573	1.01061	86	87	128	17	229	21	385	#
574	1.01061	102	109	251	21	385	#
575	0.962838	255	129	128	87	209	386	#
576	0.962838	255	98	99	128	87	209	386	#
577	0.962838	230	94	99	128	87	209	386	#
578	0.962838	255	129	17	16	87	209	386	#
579	0.962838	230	95	129	128	87	209	386	#
580	0.722486	120	101	100	47	48	112	130	121	387	#
581	0.722486	120	101	100	47	48	112	130	96	122	387	#
582	0.722486	120	59	174	48	112	130	121	387	#
583	0.722486	120	74	58	174	48	112	130	121	387	#
584	0.722486	120	59	107	222	112	130	121	387	#
585	0.726611	73	180	72	4	388	#
586	0.726611	73	180	71	196	388	#
587	0.726611	73	67	187	68	240	4	388	#
588	0.726611	73	7	232	240	4	388	#
589	0.726611	73	67	187	85	69	240	4	388	#
590	0.617158	166	90	82	#
591	0.976852	46	45	172	99	128	389	#
592	0.976852	46	45	23	139	94	99	128	389	#
593	0.976852	46	45	172	98	129	128	389	#
594	0.976852	46	45	23	139	95	129	128	389	#
595	0.976852	46	45	23	139	94	98	129	128	389	#
596	0.74175	113	111	82	90	234	100	#
597	0.725795	205	161	18	390	#
598	0.725795	205	38	137	390	#
599	0.725795	205	38	196	142	18	390	#
600	0.725795	205	38	4	140	18	390	#
601	0.725795	205	38	4	72	71	142	18	390	#
602	0.743655	91	0	239	116	391	#
603	0.743655	144	98	24	116	391	#
604	0.743655	91	0	239	109	115	391	#
605	0.743655	144	99	25	116	391	#
606	0.743655	144	98	24	109	115	391	#
607	0.836452	191	81	77	392	#
608	0.836452	191	41	253	392	#
609	0.836452	191	81	124	76	392	#
610	1.10029	223	75	393	#
611	1.10029	223	53	52	393	#
612	1.10029	87	16	203	202	52	393	#
613	1.10029	87	16	203	37	205	110	75	393	#
614	1.10029	87	16	203	37	205	2	3	75	393	#
615	0.879472	87	128	99	94	139	22	394	#
616	0.879472	87	16	203	37	38	5	394	#
617	0.879472	87	128	129	95	139	22	394	#
618	0.879472	87	128	129	241	59	107	242	5	394	#
619	0.879472	87	128	129	98	94	139	22	394	#
620	0.6163	185	24	98	395	#
621	0.6163	203	17	99	395	#
622	0.6163	203	16	128	99	395	#
623	0.6163	185	25	99	395	#
624	0.6163	66	49	239	24	98	395	#
625	1.10382	245	108	396	#
626	1.10382	90	234	150	108	396	#
627	1.10382	90	166	74	120	19	183	396	#
628	1.10382	90	166	74	120	84	18	183	396	#
629	1.10382	82	221	396	#
630	0.798876	110	205	161	18	397	#
631	0.798876	3	2	205	161	18	397	#
632	0.798876	3	249	45	127	5	137	397	#
633	0.798876	110	205	38	137	397	#
634	0.798876	3	249	45	127	5	196	142	18	397	#
635	1.12437	204	107	103	181	205	398	#
636	1.12437	204	107	242	38	205	398	#
637	1.12437	210	110	398	#
638	1.12437	210	3	2	398	#
639	1.12437	204	107	131	104	181	205	398	#
640	0.960271	108	187	68	218	399	#
641	0.960271	108	187	85	69	218	399	#
642	0.960271	108	187	85	201	45	249	399	#
643	0.960271	108	187	68	69	201	45	249	399	#
644	0.960271	108	187	68	240	4	5	127	45	249	399	#
645	0.98666	67	150	47	48	112	130	400	#
646	0.98666	67	187	156	130	400	#
647	0.98666	33	34	150	47	48	112	130	400	#
648	0.98666	7	232	68	156	130	400	#
649	0.98666	67	187	231	48	112	130	400	#
650	0.383169	9	8	207	401	#
651	0.383169	9	8	114	121	401	#
652	0.383169	9	8	114	96	122	401	#
653	0.0383897	76	#
654	1.21424	180	186	402	#
655	1.21424	67	245	82	111	113	402	#
656	1.21424	157	37	66	215	111	113	402	#
657	1.21424	33	34	245	82	111	113	402	#
658	1.21424	67	187	85	224	402	#
659	0.292182	111	113	119	#
660	0.403844	148	85	403	#
661	0.403844	148	68	69	403	#
662	0.120339	31	#
663	1.0644	73	217	404	#
664	1.0644	21	182	125	168	404	#
665	1.0644	235	123	167	41	404	#
666	1.0644	235	80	79	167	41	404	#
667	0.548346	68	231	405	#
668	0.548346	200	47	405	#
669	0.548346	69	136	405	#
670	0.548346	69	85	231	405	#
671	0.681952	181	205	11	406	#
672	0.681952	181	205	110	10	406	#
673	0.681952	181	205	2	3	10	406	#
674	0.681952	103	242	5	160	406	#
675	0.918698	248	36	35	64	#
676	0.885583	128	99	172	45	407	#
677	0.885583	128	99	94	139	23	45	407	#
678	0.885583	128	129	98	172	45	407	#
679	0.885583	128	129	95	139	23	45	407	#
680	0.885583	128	129	98	94	139	23	45	407	#
681	1.11181	22	5	38	165	408	#
682	1.11181	22	5	38	37	66	159	118	93	408	#
683	1.11181	22	5	38	37	66	215	111	113	117	93	408	#
684	1.11181	22	5	38	37	66	159	78	65	97	92	408	#
685	1.11181	23	127	5	38	165	408	#
686	0.663094	156	85	409	#
687	0.663094	112	216	409	#
688	0.663094	156	68	69	409	#
689	0.663094	112	48	136	409	#
690	0.663094	112	48	231	85	409	#
691	0.561247	28	225	109	#
692	0.738627	121	130	112	48	171	18	410	#
693	0.738627	122	96	130	112	48	171	18	410	#
694	0.96334	113	190	74	120	19	411	#
695	0.96334	113	190	74	120	84	18	411	#
696	0.96334	111	215	66	37	161	18	411	#
697	0.96334	111	82	90	166	74	120	19	411	#
698	0.96334	113	119	78	188	411	#
699	0.428072	254	412	#
700	0.428072	76	209	86	412	#
701	0.74622	34	187	85	201	413	#
702	0.74622	34	187	68	69	201	413	#
703	0.74622	6	232	69	201	413	#
704	0.74622	34	187	68	240	4	5	127	413	#
705	0.74622	6	232	68	85	201	413	#
706	0.658177	170	4	414	#
707	0.658177	162	240	4	414	#
708	0.658177	132	106	196	414	#
709	0.658177	132	105	72	4	414	#
710	0.658177	132	105	71	196	414	#
711	0.641746	46	45	201	69	415	#
712	0.641746	46	45	201	85	68	415	#
713	0.641746	46	45	127	5	4	240	415	#
714	0.777473	113	244	129	128	87	416	#
715	0.777473	113	244	98	99	128	87	416	#
716	0.777473	113	244	129	17	16	87	416	#
717	0.777473	113	119	26	177	9	109	102	86	416	#
718	0.777473	113	119	26	177	9	25	128	87	416	#
719	0.894076	20	108	187	85	201	45	417	#
720	0.894076	20	108	187	68	69	201	45	417	#
721	0.894076	20	108	187	68	240	4	5	127	45	417	#
722	0.894076	20	179	72	4	5	127	45	417	#
723	0.894076	20	179	71	196	5	127	45	417	#
724	1.09041	20	108	187	68	233	10	418	#
725	1.09041	20	108	187	68	218	3	10	418	#
726	1.09041	20	108	187	68	240	4	5	160	418	#
727	1.09041	20	108	187	68	218	2	11	418	#
728	1.09041	20	183	18	161	205	11	418	#
729	0.975158	213	127	45	249	419	#
730	0.975158	162	218	419	#
731	0.975158	170	4	5	127	45	249	419	#
732	0.975158	170	4	38	205	2	419	#
733	0.975158	162	69	201	45	249	419	#
734	0.0895345	0	#
735	0.0336254	18	#
736	0.823606	127	5	38	37	66	49	0	1	420	#
737	0.823606	127	5	135	208	83	420	#
738	0.823606	127	5	135	15	90	83	420	#
739	0.823606	23	22	5	38	37	66	49	0	1	420	#
740	0.823606	127	5	135	15	91	1	420	#
741	0.335351	39	148	85	421	#
742	0.335351	39	148	68	69	421	#
743	0.735847	68	156	130	#
744	0.616507	30	28	182	21	#
745	0.478179	236	131	107	58	422	#
746	0.478179	236	104	103	107	58	422	#
747	0.478179	236	131	107	59	74	422	#
748	0.478179	236	104	103	107	59	74	422	#
749	0.904368	5	38	37	66	215	111	113	423	#
750	0.904368	5	135	208	82	111	113	423	#
751	0.904368	5	135	15	90	82	111	113	423	#
752	0.904368	5	38	37	66	159	119	423	#
753	0.904368	5	38	37	66	49	0	1	83	82	111	113	423	#
754	0.872358	191	27	65	97	92	424	#
755	0.872358	191	26	118	93	424	#
756	0.872358	191	194	51	97	92	424	#
757	0.872358	191	26	78	65	97	92	424	#
758	0.872358	191	194	50	65	97	92	424	#
759	0.796548	69	233	10	425	#
760	0.796548	69	218	3	10	425	#
761	0.796548	85	68	233	10	425	#
762	0.796548	69	240	4	5	160	425	#
763	0.796548	85	68	218	3	10	425	#
764	0.949776	102	109	24	98	172	426	#
765	0.949776	102	109	24	95	139	23	426	#
766	0.949776	102	109	24	98	94	139	23	426	#
767	0.949776	86	87	128	99	172	426	#
768	0.949776	86	87	128	99	94	139	23	426	#
769	1.11491	40	184	103	107	204	41	427	#
770	1.11491	63	133	42	427	#
771	1.11491	63	133	81	41	427	#
772	1.11491	63	64	39	184	103	107	204	41	427	#
773	1.11491	40	184	104	131	107	204	41	427	#
774	0.303326	9	8	114	96	#
775	1.11792	70	41	217	33	428	#
776	1.11792	70	41	217	7	6	428	#
777	1.11792	70	41	217	67	34	428	#
778	0.817618	130	112	222	242	4	429	#
779	0.817618	130	112	206	37	38	4	429	#
780	0.817618	130	112	48	47	100	158	71	72	429	#
781	0.817618	130	112	48	174	107	242	4	429	#
782	0.976852	128	99	172	45	46	430	#
783	0.976852	128	99	94	139	23	45	46	430	#
784	0.976852	128	129	98	172	45	46	430	#
785	0.976852	128	129	95	139	23	45	46	430	#
786	0.976852	128	129	98	94	139	23	45	46	430	#
787	1.00421	192	66	215	431	#
788	1.00421	28	173	0	1	83	82	431	#
789	1.00421	28	173	0	91	90	82	431	#
790	1.00421	29	54	173	0	1	83	82	431	#
791	1.00421	192	66	49	0	1	83	82	431	#
792	0.0111833	68	#
793	0.900811	20	183	18	161	37	66	#
794	1.00552	202	206	112	130	96	432	#
795	1.00552	202	206	112	130	89	88	432	#
796	1.00552	53	110	205	37	206	112	130	96	432	#
797	1.00552	53	3	2	205	37	206	112	130	96	432	#
798	1.00552	53	10	212	48	112	130	96	432	#
799	0.611715	118	159	433	#
800	0.611715	117	113	111	215	433	#
801	0.611715	117	119	159	433	#
802	0.611715	118	119	113	111	215	433	#
803	1.07694	192	202	434	#
804	1.07694	192	37	205	110	53	434	#
805	1.07694	29	213	127	45	46	62	52	434	#
806	1.07694	192	37	205	2	3	53	434	#
807	1.07694	29	213	127	45	249	3	53	434	#
808	0.652005	73	180	435	#
809	0.652005	21	20	179	435	#
810	0.442253	127	5	242	107	#
811	1.06179	41	217	73	436	#
812	1.06179	167	123	235	436	#
813	1.06179	41	168	125	182	21	436	#
814	1.06179	167	79	80	235	436	#
815	1.06179	42	81	217	73	436	#
816	0.590476	45	201	437	#
817	0.590476	45	127	5	4	240	69	437	#
818	0.590476	45	127	5	4	240	68	85	437	#
819	0.153192	108	20	#
820	0.618414	29	225	25	438	#
821	0.618414	29	225	24	129	438	#
822	0.618414	54	28	225	25	438	#
823	0.295093	39	149	#
824	0.81657	149	148	187	108	439	#
825	0.81657	22	5	4	240	68	187	108	439	#
826	0.81657	22	5	4	72	179	439	#
827	0.81657	22	5	196	71	179	439	#
828	0.81657	22	5	4	240	69	85	187	108	439	#
829	0.426555	181	205	#
830	0.59161	98	255	440	#
831	0.59161	94	230	440	#
832	0.59161	98	95	230	440	#
833	0.59161	144	90	440	#
834	0.59161	99	129	255	440	#
835	0.673175	222	242	5	441	#
836	0.673175	206	37	38	5	441	#
837	0.673175	48	174	107	242	5	441	#
838	0.82296	125	243	89	442	#
839	0.82296	125	243	88	96	442	#
840	0.82296	125	28	225	9	8	114	442	#
841	0.82296	126	54	243	89	442	#
842	0.82296	126	54	243	88	96	442	#
843	0.279708	142	18	#
844	0.672712	11	205	181	103	443	#
845	0.672712	160	5	242	443	#
846	0.672712	10	110	205	181	103	443	#
847	0.672712	11	205	38	242	443	#
848	0.672712	10	3	2	205	181	103	443	#
849	0.565152	107	131	236	0	444	#
850	0.565152	107	103	104	236	0	444	#
851	0.840766	46	45	201	85	187	445	#
852	0.840766	46	45	201	69	68	187	445	#
853	0.840766	46	45	127	5	4	240	68	187	445	#
854	0.294644	5	196	446	#
855	0.294644	5	4	72	71	446	#
856	0.908586	190	74	120	84	#
857	0.0943756	42	#
858	0.520314	209	87	128	99	447	#
859	0.520314	209	87	128	129	98	447	#
860	0.520314	209	87	16	17	99	447	#
861	0.520314	209	87	16	17	129	98	447	#
862	0.520314	76	254	102	109	24	98	447	#
863	0.973324	1	146	448	#
864	0.973324	1	0	49	66	37	38	4	226	448	#
865	0.973324	1	0	49	66	37	38	4	240	69	32	448	#
866	0.973324	1	0	49	66	37	38	4	240	68	85	32	448	#
867	0.973324	83	208	135	4	226	448	#
868	0.252988	142	18	#
869	0.297991	106	142	18	#
870	1.08809	117	224	69	449	#
871	1.08809	117	224	85	68	449	#
872	0.847475	163	120	241	129	450	#
873	0.847475	163	120	241	98	99	450	#
874	0.847475	231	246	17	450	#
875	0.847475	231	246	16	128	450	#
876	0.847475	163	120	241	24	25	450	#
877	0.79306	10	233	451	#
878	0.79306	10	3	218	451	#
879	0.79306	160	5	4	240	451	#
880	0.79306	11	2	218	451	#
881	0.79306	11	205	38	4	240	451	#
882	0.620633	46	45	127	5	242	107	59	452	#
883	0.620633	46	45	127	5	242	107	58	74	452	#
884	0.508167	107	103	169	#
885	0.499854	69	162	61	453	#
886	0.499854	85	68	162	61	453	#
887	1.05866	71	72	227	56	454	#
888	1.05866	71	186	119	78	65	56	454	#
889	1.05866	71	72	227	97	55	454	#
890	1.05866	196	38	37	66	159	78	65	56	454	#
891	1.05866	71	72	4	38	37	66	159	78	65	56	454	#
892	0.755574	15	91	0	239	455	#
893	0.755574	15	144	98	24	455	#
894	0.755574	15	144	99	25	455	#
895	0.755574	208	255	24	455	#
896	0.755574	15	144	98	129	25	455	#
897	0.108834	111	#
898	0.456725	206	112	130	#
899	0.932148	33	217	#
900	0.705909	2	205	181	103	107	59	120	456	#
901	0.705909	2	205	181	103	107	58	74	120	456	#
902	0.238829	107	59	120	457	#
903	0.238829	107	58	74	120	457	#
904	0.872937	65	78	228	131	107	58	458	#
905	0.872937	65	78	228	104	103	107	58	458	#
906	0.872937	65	78	119	190	458	#
907	0.872937	65	78	228	131	107	59	74	458	#
908	0.668564	54	173	#
909	0.767671	89	114	8	9	109	102	254	76	459	#
910	0.767671	88	96	114	8	9	109	102	254	76	459	#
911	0.767671	89	114	8	9	109	102	86	209	459	#
912	0.767671	89	114	8	9	25	128	87	209	459	#
913	0.767671	88	96	114	8	9	109	102	86	209	459	#
914	0.766574	96	130	156	460	#
915	0.766574	96	130	112	48	231	460	#
916	1.33528	56	227	240	68	187	461	#
917	1.33528	56	65	188	183	108	461	#
918	1.33528	56	227	240	69	85	187	461	#
919	1.33528	55	97	227	240	68	187	461	#
920	1.33528	56	65	78	119	113	111	82	245	461	#
921	0.943321	168	126	132	#
922	1.21324	2	205	181	103	107	204	81	462	#
923	1.21324	3	210	81	462	#
924	1.21324	2	205	181	103	107	204	41	42	462	#
925	1.21324	3	210	41	42	462	#
926	1.21324	249	45	127	5	242	107	204	81	462	#
927	0.502788	249	45	127	5	4	463	#
928	0.502788	2	205	38	4	463	#
929	0.852143	79	198	64	#
930	0.936518	5	38	37	66	159	26	464	#
931	0.936518	5	38	37	66	159	78	27	464	#
932	0.7741	65	27	191	41	465	#
933	0.7741	51	194	191	41	465	#
934	0.7741	65	78	26	191	41	465	#
935	0.7741	65	50	194	191	41	465	#
936	0.268443	128	25	9	466	#
937	0.268443	128	129	24	9	466	#
938	0.268443	16	17	25	9	466	#
939	0.268443	128	99	98	24	9	466	#
940	1.18986	97	227	240	68	467	#
941	1.18986	97	227	240	69	85	467	#
942	1.18986	97	65	78	159	66	37	38	4	240	68	467	#
943	1.18986	55	56	227	240	68	467	#
944	1.18986	92	165	38	4	240	68	467	#
945	0.417083	47	100	101	120	468	#
946	0.417083	174	59	120	468	#
947	0.417083	174	58	74	120	468	#
948	0.670921	109	24	241	59	107	103	469	#
949	0.670921	109	24	241	74	58	107	103	469	#
950	1.04485	238	16	87	86	102	470	#
951	1.04485	212	246	16	87	86	102	470	#
952	1.04485	212	48	220	9	109	470	#
953	1.04485	11	205	37	185	109	470	#
954	1.04485	238	17	25	109	470	#
955	0.097382	55	#
956	1.04389	194	177	9	225	471	#
957	1.04389	50	27	177	9	225	471	#
958	1.04389	51	65	27	177	9	225	471	#
959	1.04389	50	78	26	177	9	225	471	#
960	1.10758	134	103	181	205	110	53	472	#
961	1.10758	134	103	181	205	2	3	53	472	#
962	1.10758	126	213	127	45	46	62	52	472	#
963	1.10758	125	28	192	202	472	#
964	1.10758	134	103	181	205	110	75	52	472	#
965	0.588869	107	131	236	0	473	#
966	0.588869	107	103	104	236	0	473	#
967	0.588869	58	166	91	473	#
968	0.0868939	33	#
969	0.531199	58	174	48	112	130	474	#
970	0.531199	74	101	100	47	48	112	130	474	#
971	0.531199	58	107	222	112	130	474	#
972	0.119465	119	#
973	1.14	56	227	240	#
974	1.02727	109	185	202	#
975	0.81735	187	68	240	4	38	37	475	#
976	0.81735	187	85	69	240	4	38	37	475	#
977	0.81735	67	157	37	475	#
978	0.81735	187	85	32	226	4	38	37	475	#
979	0.81735	34	33	157	37	475	#
980	0.258999	36	13	85	476	#
981	0.258999	36	13	68	69	476	#
982	0.258999	36	12	32	476	#
983	0.955147	172	45	249	477	#
984	0.955147	94	139	23	45	249	477	#
985	0.955147	98	24	185	37	205	2	477	#
986	0.955147	98	241	59	107	103	181	205	2	477	#
987	0.955147	98	241	74	58	107	103	181	205	2	477	#
988	0.690259	0	239	109	102	478	#
989	0.690259	0	239	25	128	87	86	478	#
990	0.690259	0	239	116	115	102	478	#
991	0.690259	0	239	24	129	128	87	86	478	#
992	0.908591	49	66	37	38	4	240	68	187	#
993	0.817704	139	94	99	128	87	479	#
994	0.817704	139	95	129	128	87	479	#
995	0.817704	139	94	98	129	128	87	479	#
996	0.817704	139	94	99	17	16	87	479	#
997	0.817704	139	95	98	99	128	87	479	#
998	0.821829	137	5	127	45	46	62	480	#
999	0.821829	18	142	196	5	127	45	46	62	480	#
1000	0.821829	18	161	205	110	75	480	#
1001	0.821829	18	140	4	5	127	45	46	62	480	#
1002	0.821829	18	161	205	2	3	75	480	#
