%% File generated by CATS v.2.1Fri Dec 18 21:51:14 2020

%% The CATS webpage is http://robotics.stanford.edu/CATS

%% PARAMETER SETTINGS:
% Goods: 256; Bids: 1000; Distribution: regions-upv; Runs: 1; Seed: 1608360555
% Regions Distribution Parameters:
% Max Substitutable Bids = 5
% Removing HV Neighbor   = 0.1
% Adding DIAG Neighbor   = 0.2
% Additional Location    = 0.9
% Jump Probability       = 0.05
% Additivity             = 0.2
% Budget Factor          = 1.5
% Resale Factor          = 0.5
% Uniform Private Value:
%   Deviation            = 0.5
%   Max Good Value       = 100



goods 256
bids 1003
dummy 191

0	834.75	9	10	11	23	24	26	27	40	42	43	58	59	74	256	#
1	1012.41	8	9	10	11	12	26	42	58	59	73	74	75	215	256	#
2	962.464	26	27	42	43	57	58	59	61	73	74	75	76	77	256	#
3	961.917	10	11	26	27	29	42	43	44	57	58	59	75	76	256	#
4	961.732	10	11	26	42	43	58	59	74	75	76	155	169	170	256	#
5	952.71	10	11	26	42	58	59	75	81	96	97	98	112	240	256	#
6	104.742	175	191	257	#
7	69.0183	159	175	257	#
8	206.233	45	46	258	#
9	142.456	30	46	258	#
10	141.302	43	44	259	#
11	155.617	42	43	259	#
12	533.71	203	219	220	222	235	236	237	238	253	254	260	#
13	789.284	186	187	188	203	204	218	219	220	235	251	260	#
14	728.704	186	187	201	202	203	218	219	220	234	235	260	#
15	673.268	185	201	202	203	204	219	235	250	251	252	260	#
16	647.712	185	186	187	202	203	204	219	220	221	235	260	#
17	565.835	187	188	189	190	206	207	220	221	222	238	260	#
18	619.427	141	151	152	156	157	172	173	188	189	261	#
19	699.181	172	186	187	188	189	202	203	205	218	261	#
20	678.977	121	137	150	151	152	166	167	182	183	261	#
21	616.211	138	141	156	157	158	172	173	174	175	261	#
22	605.311	134	135	150	151	152	167	168	183	184	261	#
23	600.47	141	156	157	158	172	173	174	175	189	261	#
24	151.958	137	153	262	#
25	80.2712	137	138	262	#
26	565.442	1	2	3	4	17	18	34	263	#
27	591.787	1	2	3	18	34	50	51	263	#
28	550.374	0	1	2	18	34	176	177	263	#
29	534.79	0	1	2	3	4	18	19	263	#
30	494.438	1	2	3	17	18	34	35	263	#
31	485.119	16	17	18	34	35	50	51	263	#
32	2120.02	31	47	60	61	62	63	76	77	78	92	93	94	101	105	110	116	117	118	129	130	131	132	133	145	146	147	148	149	162	163	164	178	179	180	181	264	#
33	2419.62	131	132	134	147	148	149	150	151	152	160	161	162	163	164	165	166	167	176	177	178	179	180	181	182	183	196	198	199	200	212	213	214	215	229	245	264	#
34	2292.1	147	149	150	162	163	165	166	167	177	178	179	180	181	182	183	184	195	196	197	198	199	200	211	212	213	214	225	226	227	228	229	242	243	244	245	264	#
35	2283.48	20	36	99	101	114	115	116	117	118	130	131	132	133	135	145	146	147	148	149	150	157	161	162	163	164	172	173	174	178	179	187	188	189	190	203	264	#
36	2271.8	25	99	114	115	116	128	129	130	131	132	133	144	145	146	147	148	149	160	161	162	163	164	176	177	179	180	187	201	202	203	216	217	218	231	233	264	#
37	2221.14	9	25	68	84	100	115	116	128	129	130	131	132	144	145	146	147	148	149	160	162	163	164	165	176	179	180	181	182	183	184	196	197	198	199	214	264	#
38	471.147	115	116	117	132	133	134	147	148	265	#
39	513.596	115	116	117	132	133	134	150	208	265	#
40	461.352	67	83	99	100	115	116	132	133	265	#
41	452.499	147	148	163	164	178	179	180	196	265	#
42	392.278	99	115	116	117	132	133	147	148	265	#
43	378.059	102	116	117	118	133	134	135	150	265	#
44	2723.32	2	3	4	5	6	7	8	9	10	18	19	20	23	24	25	35	39	55	63	173	174	188	189	202	203	204	205	218	219	220	221	222	237	238	253	254	266	#
45	2531.32	0	1	2	3	4	5	6	7	16	17	18	19	20	21	22	23	25	32	33	34	35	36	38	39	50	51	52	53	67	156	157	172	173	188	189	204	266	#
46	2518.28	6	7	8	9	10	11	23	24	25	26	27	28	38	39	41	42	43	59	74	75	90	210	211	212	213	214	225	226	227	228	229	241	242	243	244	245	266	#
47	2427.46	123	124	137	140	153	154	155	156	160	171	172	173	174	176	188	189	192	202	203	204	205	206	217	218	219	221	222	223	235	237	238	239	250	253	254	255	266	#
48	2411.45	4	5	6	7	8	9	18	19	20	21	22	23	24	34	35	38	39	40	41	42	43	50	51	54	55	57	66	67	82	198	199	231	232	233	247	249	266	#
49	2402.32	4	5	6	7	8	9	10	19	20	21	22	23	24	25	37	38	39	41	52	53	54	55	59	69	71	72	73	74	75	86	87	88	89	103	104	105	266	#
50	321.699	107	124	125	141	267	#
51	262.025	125	141	157	173	267	#
52	250.723	91	107	124	125	267	#
53	237.661	93	109	125	141	267	#
54	124.076	33	34	268	#
55	124.592	17	33	268	#
56	846.59	64	65	80	81	83	96	97	99	100	103	112	113	114	128	129	130	131	269	#
57	1194.82	87	89	101	102	103	104	105	106	120	122	170	185	200	201	225	240	241	269	#
58	1153.96	36	37	53	54	55	68	69	71	83	84	85	100	101	102	103	104	204	269	#
59	1119.31	34	50	64	65	66	80	81	96	97	98	112	113	230	231	246	247	248	269	#
60	1105.42	64	80	81	96	97	98	113	114	117	129	130	131	217	248	249	250	251	269	#
61	1070.36	96	97	98	113	114	115	130	146	154	155	162	170	177	178	194	254	255	269	#
62	600.482	61	75	76	77	90	91	92	100	101	270	#
63	661.051	77	90	91	92	93	94	108	110	111	270	#
64	628.933	72	73	74	75	76	88	90	91	92	270	#
65	563.973	61	74	75	76	90	92	93	94	108	270	#
66	560.801	84	85	99	100	101	114	115	116	117	270	#
67	541.041	90	91	92	94	108	109	110	126	142	270	#
68	611.933	7	19	20	21	22	23	24	35	52	241	271	#
69	714.605	5	6	7	21	96	97	112	128	204	220	271	#
70	705.235	19	34	35	36	37	51	52	67	68	191	271	#
71	659.305	6	7	8	9	10	22	23	24	25	26	271	#
72	634.465	7	8	23	24	38	39	66	67	100	164	271	#
73	614.205	1	2	3	17	18	19	20	33	35	36	271	#
74	148.812	127	142	143	272	#
75	195.892	142	143	158	272	#
76	143.669	110	111	127	272	#
77	124.256	141	142	235	272	#
78	573.899	2	3	4	18	20	21	34	96	239	255	273	#
79	688.338	33	34	35	49	50	65	125	126	141	142	273	#
80	628.099	203	204	205	220	221	236	238	239	254	255	273	#
81	603.042	3	4	5	19	20	21	22	23	123	169	273	#
82	597.085	204	205	220	221	235	236	237	238	239	253	273	#
83	568.086	2	3	4	5	18	19	34	35	36	52	273	#
84	366.633	9	25	41	254	255	274	#
85	429.087	25	26	41	57	73	274	#
86	336.692	8	9	10	23	24	274	#
87	303.849	223	238	239	254	255	274	#
88	263.432	222	238	239	254	255	274	#
89	243.233	25	41	138	139	154	274	#
90	1807.17	6	7	8	9	10	11	21	22	23	25	38	40	41	46	47	54	56	57	63	72	73	88	211	225	226	227	228	244	275	#
91	2016.15	40	41	42	53	54	56	57	58	71	73	74	86	87	88	103	104	119	120	135	136	151	166	167	181	182	183	198	199	275	#
92	1947.21	134	150	151	164	166	167	180	181	183	184	185	186	192	193	195	196	201	208	209	210	211	212	213	225	226	227	228	243	275	#
93	1941.74	39	40	41	42	43	56	57	58	59	71	72	73	74	75	86	87	88	90	91	92	103	104	105	106	107	205	221	238	275	#
94	1924.2	38	39	40	55	56	57	70	71	72	73	85	86	87	88	100	101	103	104	105	106	107	108	117	119	120	124	145	161	275	#
95	1910.03	6	7	8	9	10	11	22	23	25	27	38	39	40	41	42	43	44	45	54	56	57	58	72	73	74	75	88	104	275	#
96	361.147	226	227	228	241	242	243	276	#
97	529.128	178	210	226	227	242	243	276	#
98	418.242	224	226	240	241	242	243	276	#
99	400.509	227	228	229	230	243	245	276	#
100	357.105	211	226	227	228	242	243	276	#
101	330.541	195	211	227	241	242	243	276	#
102	26.0752	35	#
103	1593.53	51	71	150	164	165	166	179	180	181	182	196	198	212	213	214	215	216	228	229	230	231	245	246	247	277	#
104	1846.92	86	87	88	89	90	103	104	105	120	164	180	181	182	198	199	213	214	215	216	229	231	244	245	247	277	#
105	1733.78	163	164	165	180	181	197	198	212	213	214	215	216	228	229	231	232	233	244	245	246	247	248	249	250	277	#
106	1732.08	44	45	46	60	181	197	198	211	212	213	214	215	216	226	227	228	229	231	242	243	244	245	246	247	277	#
107	1700.5	147	148	150	151	164	165	166	179	180	181	182	198	199	212	213	214	215	216	229	231	244	245	246	247	277	#
108	1686.34	165	166	180	181	182	194	196	198	199	210	211	212	213	214	215	216	226	228	229	230	231	244	245	246	277	#
109	1257.75	42	44	56	57	58	59	60	74	75	76	90	91	92	107	118	122	123	135	136	138	139	278	#
110	1546.98	11	12	26	27	28	42	43	44	57	58	59	74	75	76	77	90	91	92	93	107	108	278	#
111	1527.01	40	42	43	44	56	57	58	72	87	88	89	103	104	105	119	120	135	146	203	204	242	278	#
112	1482.84	10	11	12	25	26	27	42	43	44	57	58	59	60	61	74	89	90	105	230	245	246	278	#
113	1455.92	36	91	107	123	135	136	137	138	139	140	150	151	152	153	166	167	168	169	170	183	184	278	#
114	1433.69	9	10	11	12	24	25	26	27	28	42	43	44	57	58	59	71	72	73	74	75	198	278	#
115	1527.29	26	27	42	58	59	74	75	91	106	107	108	123	124	132	133	148	149	161	162	163	164	279	#
116	1517.06	26	27	42	58	59	61	65	71	72	73	74	75	76	77	87	88	89	90	106	233	249	279	#
117	1422.56	8	9	10	24	25	26	27	41	42	44	57	58	59	60	74	75	76	91	136	137	152	279	#
118	1385.84	131	145	146	147	160	161	162	163	164	165	166	179	180	181	183	196	197	198	212	228	244	279	#
119	1373.29	59	64	75	76	81	82	83	84	91	97	98	99	106	107	115	116	129	130	131	141	146	279	#
120	1371.38	11	25	26	27	42	56	57	58	59	60	71	72	73	74	75	88	89	105	156	172	173	279	#
121	855.665	46	62	137	152	153	154	155	156	157	169	170	171	172	173	185	186	188	189	280	#
122	1226.83	31	47	136	137	151	152	153	155	169	170	171	184	185	186	201	202	203	218	280	#
123	1178.48	107	108	124	125	137	140	141	142	152	153	154	155	156	157	158	169	170	171	280	#
124	1177.1	107	110	123	124	125	126	139	140	141	142	143	155	156	157	158	174	175	191	280	#
125	1167.48	8	23	24	66	82	98	111	125	126	127	140	141	142	143	155	156	157	158	280	#
126	1120.28	140	141	155	156	157	171	172	173	186	187	188	202	203	204	218	219	220	236	280	#
127	903.66	75	91	104	105	106	107	108	123	124	125	139	140	230	281	#
128	918.918	57	58	59	73	74	75	76	88	90	91	104	105	106	281	#
129	892.282	40	41	42	57	72	73	88	89	104	105	106	119	120	281	#
130	883.403	57	72	73	74	75	88	89	90	91	105	106	122	138	281	#
131	855.956	122	123	124	125	137	138	139	140	141	152	153	154	155	281	#
132	840.627	93	107	108	109	110	123	124	125	126	139	140	141	214	281	#
133	1342.14	22	38	177	180	181	192	193	194	195	196	209	210	211	212	224	226	227	228	240	241	242	243	282	#
134	1594.8	183	193	194	196	199	210	211	212	213	215	224	226	227	228	229	230	231	240	241	242	243	246	282	#
135	1545.18	21	165	166	180	181	182	183	193	194	196	197	210	211	212	213	214	226	227	228	241	242	243	282	#
136	1494.73	2	3	4	6	7	8	19	20	21	22	36	38	52	54	136	137	151	152	153	168	183	184	282	#
137	1470.7	120	149	165	180	181	182	193	194	196	197	198	210	211	212	214	226	227	228	229	241	242	243	282	#
138	1466.88	194	195	197	198	210	211	212	213	214	226	227	228	229	230	231	241	242	243	245	246	247	248	282	#
139	107.483	20	#
140	174.136	61	62	78	93	283	#
141	176.416	77	78	79	93	283	#
142	92.0845	46	47	62	63	283	#
143	1032.6	52	53	68	69	84	85	100	101	102	114	115	116	117	118	134	149	150	172	284	#
144	1339.05	124	125	137	138	140	141	152	153	154	155	156	170	171	172	184	185	186	201	284	#
145	1303.37	49	134	144	149	150	151	152	153	154	163	164	165	166	167	183	210	225	226	284	#
146	1207.22	37	38	51	52	53	54	68	69	70	71	84	85	100	101	102	115	116	117	284	#
147	1197.06	134	148	149	150	164	165	166	167	170	181	183	185	200	201	202	203	217	218	284	#
148	1179.03	32	33	51	52	53	67	68	69	70	71	84	85	86	87	100	115	116	156	284	#
149	845.506	37	38	53	54	55	62	67	68	69	78	83	99	115	117	285	#
150	975.942	12	13	28	99	100	115	116	117	132	133	188	202	203	204	285	#
151	936.805	31	67	69	83	84	99	100	114	115	156	172	173	188	189	285	#
152	882.677	67	68	69	70	83	85	86	99	114	115	116	226	227	228	285	#
153	879.49	82	98	99	100	107	108	114	115	116	117	123	124	139	140	285	#
154	841.074	4	5	6	7	8	22	23	24	37	38	39	53	54	69	285	#
155	1000.09	18	34	35	36	37	50	52	53	69	70	107	123	139	251	252	286	#
156	1145.99	185	188	189	201	202	203	204	205	219	233	234	235	250	251	252	286	#
157	1075.95	18	19	20	34	35	36	50	51	52	53	54	226	227	228	243	286	#
158	1037.78	87	88	89	90	91	104	106	107	108	122	123	124	138	140	141	286	#
159	936.216	3	18	19	34	35	36	50	51	52	53	66	68	84	138	154	286	#
160	892.391	56	68	69	70	71	72	84	87	88	103	119	122	137	138	152	286	#
161	706.572	51	66	67	81	82	83	97	98	99	114	115	131	132	133	287	#
162	962.716	35	36	37	52	98	114	115	116	117	131	183	198	199	200	287	#
163	958.296	50	64	66	67	80	81	82	96	97	98	119	215	231	232	287	#
164	930.057	50	51	66	67	80	81	82	83	97	98	99	100	101	115	287	#
165	925.542	2	18	33	34	35	36	37	49	50	51	52	53	66	67	287	#
166	822.119	35	50	51	52	64	66	80	81	82	97	98	99	100	114	287	#
167	303.354	58	73	74	89	288	#
168	324.877	57	58	73	74	288	#
169	320.836	58	116	117	133	288	#
170	271.376	72	73	88	89	288	#
171	245.81	73	88	89	105	288	#
172	550.159	39	40	56	72	73	88	89	204	289	#
173	647.874	40	41	42	57	72	73	88	154	289	#
174	586.836	91	105	106	107	187	188	189	204	289	#
175	583.105	5	23	24	39	40	41	55	57	289	#
176	577.398	23	37	38	39	40	41	55	56	289	#
177	573.766	41	42	56	57	58	72	73	89	289	#
178	141.442	39	40	56	290	#
179	210.776	56	57	73	290	#
180	140.998	40	41	56	290	#
181	125.413	39	54	55	290	#
182	1098.73	63	187	202	203	204	215	218	220	231	232	233	234	235	247	249	250	251	291	#
183	1230.25	42	44	58	59	60	61	75	76	77	170	185	186	187	201	202	203	218	291	#
184	1213.34	181	198	213	214	215	216	231	232	233	244	245	246	247	248	249	250	251	291	#
185	1194.68	64	80	96	97	113	153	154	155	171	215	216	230	231	232	246	247	248	291	#
186	1102.48	173	186	187	188	189	203	204	220	221	222	236	237	238	239	253	254	255	291	#
187	1093.22	90	91	92	106	107	108	122	123	124	125	202	218	233	234	250	251	252	291	#
188	686.252	189	190	205	206	207	221	222	223	238	239	254	255	292	#
189	909.086	121	136	137	150	151	152	166	183	223	239	254	255	292	#
190	877.102	171	172	173	188	189	205	206	221	222	223	239	255	292	#
191	863.058	186	187	188	189	190	194	204	205	206	207	223	249	292	#
192	851.773	7	8	9	23	24	204	205	206	207	221	222	223	292	#
193	838.291	150	151	167	174	175	189	190	203	204	205	206	219	292	#
194	154.708	244	245	293	#
195	219.744	245	246	293	#
196	895.205	96	97	113	128	129	130	144	181	192	198	199	294	#
197	866.032	176	177	178	179	192	193	194	208	210	226	227	294	#
198	735.705	166	167	180	181	182	183	198	199	200	201	214	294	#
199	700.552	70	71	72	73	129	130	145	146	161	162	178	294	#
200	697.415	12	165	166	167	179	180	181	182	197	198	199	294	#
201	692.687	113	115	116	117	129	130	131	144	145	196	212	294	#
202	622.592	3	4	5	6	8	19	20	21	22	23	39	55	295	#
203	778.939	2	3	4	5	6	7	8	20	21	22	37	38	295	#
204	772.024	2	4	6	7	8	9	18	19	20	21	22	23	295	#
205	765.953	8	9	23	39	40	41	56	57	58	74	174	175	295	#
206	706.885	8	9	21	22	23	24	25	26	27	39	40	55	295	#
207	698.763	3	4	5	6	19	20	21	22	23	37	38	215	295	#
208	74.5082	157	#
209	717.959	48	49	64	65	66	67	68	80	81	82	96	97	113	296	#
210	974.359	37	38	54	80	81	96	97	112	113	128	144	145	160	296	#
211	895.195	64	65	80	81	96	149	150	165	166	167	168	182	183	296	#
212	864.165	19	20	35	36	52	53	67	68	69	84	100	101	116	296	#
213	795.239	2	18	33	34	48	49	50	64	65	66	80	81	96	296	#
214	788.919	2	17	18	32	33	34	50	66	67	83	99	100	116	296	#
215	249.887	185	186	187	202	297	#
216	244.695	187	203	218	219	297	#
217	227.63	168	169	185	186	297	#
218	223.547	167	168	184	185	297	#
219	219.795	104	136	152	298	#
220	222.46	135	136	152	298	#
221	204.014	88	104	105	298	#
222	296.758	85	101	102	103	299	#
223	266.006	102	103	104	118	299	#
224	246.933	86	102	103	118	299	#
225	241.173	101	102	117	118	299	#
226	204.885	85	86	100	101	299	#
227	420.764	85	86	96	99	100	112	113	114	115	116	129	132	300	#
228	454.957	81	82	83	96	97	98	99	112	113	114	129	130	300	#
229	440.553	81	83	97	98	99	112	113	115	128	129	130	194	300	#
230	832.002	83	84	100	167	168	180	181	182	183	198	199	200	201	214	216	217	218	301	#
231	1118.39	14	15	30	111	127	164	165	181	182	183	184	198	199	200	201	229	245	301	#
232	1110.57	40	56	149	150	151	165	166	167	168	169	182	183	184	185	186	199	201	301	#
233	1072.81	151	164	165	166	167	180	181	182	183	192	193	194	196	197	198	199	209	301	#
234	1039.05	119	153	166	168	169	183	184	185	186	199	201	202	203	216	217	218	234	301	#
235	1028.09	150	153	155	164	165	166	168	169	170	182	183	184	185	186	199	200	201	301	#
236	231.74	196	197	212	213	214	302	#
237	333.838	181	182	197	198	214	302	#
238	298.787	181	182	196	197	198	302	#
239	256.454	212	213	214	228	229	302	#
240	235.499	210	211	212	228	244	302	#
241	3876.04	0	1	16	18	19	32	33	34	35	36	37	48	49	50	53	54	56	64	65	66	71	72	73	80	81	82	88	89	96	97	98	104	105	113	136	152	153	154	155	156	157	168	170	172	173	183	184	185	186	187	188	189	190	201	203	204	207	219	220	232	233	235	236	237	247	303	#
242	4352.88	40	41	42	56	57	58	72	73	74	88	89	105	132	133	134	135	148	182	183	184	185	186	187	188	189	190	193	195	200	201	202	203	204	205	207	208	209	211	218	219	220	221	222	225	226	227	228	232	233	234	235	236	237	238	239	241	243	246	247	248	249	250	251	252	253	303	#
243	4164.21	6	7	10	11	12	22	26	27	28	29	30	31	36	37	38	39	40	41	42	43	44	45	46	47	54	55	56	57	58	59	60	61	62	63	71	72	73	74	75	76	77	78	87	88	89	91	92	103	104	105	107	108	109	119	120	122	123	124	125	126	134	135	136	152	155	303	#
244	4137.41	9	10	12	13	26	27	28	29	41	42	43	44	45	57	58	59	60	73	74	75	76	91	92	107	117	119	120	121	122	123	124	125	126	127	133	134	135	136	137	138	139	140	142	143	149	150	151	152	153	154	155	156	158	177	193	194	208	209	225	231	241	247	248	249	250	303	#
245	4097.18	6	7	8	10	22	23	24	26	27	28	29	37	38	39	40	41	42	43	44	45	46	53	54	55	56	57	58	59	60	61	62	71	72	73	74	75	76	85	86	87	88	89	91	92	103	104	105	106	107	108	117	118	119	120	122	124	125	132	133	134	135	136	138	152	202	303	#
246	4092.72	6	7	8	38	39	40	41	42	43	55	56	57	58	59	75	76	91	92	93	94	103	107	108	109	118	119	120	121	122	123	124	125	131	132	133	134	135	136	137	138	139	140	142	148	149	150	151	152	153	154	156	157	158	165	166	172	173	174	181	182	188	189	190	204	207	303	#
247	2270.78	2	3	4	5	18	21	22	23	36	38	52	53	54	55	67	68	69	83	84	85	86	99	101	102	115	118	119	120	135	145	160	161	162	163	164	176	177	178	179	192	193	208	304	#
248	2984.75	112	128	144	160	161	176	177	178	179	181	192	193	194	195	196	201	208	209	210	211	212	213	214	215	216	217	227	228	229	230	231	232	233	242	243	244	245	246	247	249	250	251	304	#
249	2790.93	122	123	133	134	135	136	137	138	147	149	150	151	152	162	163	165	166	167	178	179	180	181	183	184	194	196	199	210	211	212	213	214	215	227	228	229	231	232	242	244	245	246	304	#
250	2786.97	6	7	8	22	23	24	36	38	39	40	41	51	52	53	54	55	56	57	68	69	84	156	157	171	172	173	186	187	188	203	204	215	216	217	218	230	231	232	233	234	249	250	304	#
251	2753.08	10	26	40	41	42	57	59	72	73	87	88	89	90	91	102	103	104	105	106	107	118	119	120	122	123	134	135	138	139	150	151	166	167	183	199	213	214	215	227	228	243	244	304	#
252	2676.34	3	4	5	6	7	8	13	14	16	17	18	19	20	21	22	23	24	29	30	31	32	33	34	36	38	39	40	46	47	50	51	52	53	54	55	68	69	84	207	221	222	223	304	#
253	257.602	5	6	7	21	22	305	#
254	329.021	6	7	8	219	220	305	#
255	267.812	7	21	22	23	38	305	#
256	259.404	2	3	4	5	6	305	#
257	214.242	5	7	20	21	22	305	#
258	49.5273	21	#
259	436.534	233	234	245	246	247	248	249	250	306	#
260	595.946	197	213	229	230	231	244	245	246	306	#
261	527.41	216	230	231	245	246	247	248	249	306	#
262	512.851	213	229	230	231	244	245	246	247	306	#
263	461.212	134	165	234	235	249	250	251	252	306	#
264	453.465	203	204	218	233	234	248	249	250	306	#
265	2225.23	93	94	101	108	109	110	111	115	116	117	126	127	130	131	132	133	134	141	142	143	148	149	150	151	152	159	162	163	164	165	166	167	179	180	181	182	183	196	197	199	200	307	#
266	2825.53	76	77	93	94	109	110	111	125	126	127	141	142	143	155	156	157	159	167	168	169	170	171	172	173	174	175	185	186	187	188	189	190	199	201	202	204	205	206	220	222	223	307	#
267	2665.66	132	133	134	137	138	148	149	150	151	152	166	167	168	169	170	171	176	177	178	180	181	182	183	184	185	186	187	192	193	196	197	199	201	203	208	209	218	222	223	225	255	307	#
268	2659.74	78	79	93	94	107	108	109	110	111	122	123	124	125	126	127	141	142	143	153	156	157	158	159	171	172	173	174	175	187	188	189	190	191	203	204	205	206	207	218	222	223	307	#
269	2605.68	4	5	20	35	36	37	52	53	73	75	76	78	79	87	88	92	93	94	95	103	104	107	108	109	110	111	121	122	123	124	126	127	141	142	143	159	174	175	190	191	195	307	#
270	2596.69	136	137	148	149	150	151	152	153	154	155	156	157	163	164	166	167	168	169	170	171	172	178	179	180	181	182	183	184	185	187	188	189	196	197	199	200	201	202	206	225	226	307	#
271	1439.47	2	18	33	34	45	47	49	50	64	65	66	80	81	82	83	96	97	98	99	112	113	114	115	116	117	118	129	133	308	#
272	1716.91	61	62	64	76	77	78	80	81	92	93	94	96	97	98	99	100	101	108	110	113	114	115	116	129	130	145	146	162	308	#
273	1701.52	11	12	14	15	25	26	27	28	29	30	31	42	45	46	61	62	63	77	78	79	177	193	194	210	216	230	231	232	308	#
274	1698.23	49	64	65	66	80	81	82	96	97	99	112	113	114	115	128	129	145	194	195	210	211	225	226	227	228	240	241	243	308	#
275	1679.52	81	82	96	97	98	99	101	113	114	115	116	117	129	130	132	133	134	148	156	157	172	173	174	193	210	211	225	226	308	#
276	1665.09	8	23	24	30	31	38	39	46	49	55	64	65	66	80	81	82	96	97	98	99	112	113	114	115	149	165	166	183	308	#
277	194.561	69	83	84	100	309	#
278	267.452	36	37	53	69	309	#
279	189.368	6	22	83	99	309	#
280	159.795	85	99	100	114	309	#
281	159.608	68	69	84	100	309	#
282	416.345	71	72	73	86	87	88	104	310	#
283	549.453	56	57	58	73	89	105	106	310	#
284	508.035	57	73	87	88	89	104	120	310	#
285	466.362	41	56	57	58	72	73	89	310	#
286	448.913	73	87	88	89	102	103	119	310	#
287	392.2	71	72	73	86	87	88	89	310	#
288	50.6285	170	#
289	562.743	205	220	221	222	237	238	254	255	311	#
290	789.888	44	108	124	182	183	205	221	238	311	#
291	629.304	172	174	187	188	189	190	204	205	311	#
292	620.014	122	138	189	190	205	207	220	221	311	#
293	551.614	205	220	221	222	238	239	254	255	311	#
294	536.989	205	219	220	221	222	236	237	238	311	#
295	60.9133	23	#
296	519.993	87	101	102	103	117	118	119	134	135	136	150	312	#
297	660.794	73	89	90	101	102	103	104	105	118	119	135	312	#
298	649.906	119	121	135	136	137	152	201	215	216	217	231	312	#
299	648.819	132	134	148	149	150	151	164	165	180	181	182	312	#
300	621.755	118	134	135	136	148	149	150	163	164	165	180	312	#
301	614.127	85	100	101	102	103	104	105	117	118	119	120	312	#
302	280.125	195	211	226	227	313	#
303	230.014	195	210	211	212	313	#
304	214.023	209	211	225	226	313	#
305	204.529	195	211	227	242	313	#
306	169.239	226	227	242	243	313	#
307	213.714	234	250	251	252	314	#
308	248.921	234	249	250	251	314	#
309	222.289	233	234	248	249	314	#
310	222.089	219	235	251	252	314	#
311	185.938	235	236	251	252	314	#
312	978.388	10	11	12	27	28	43	69	72	85	87	88	89	90	93	101	102	103	104	105	117	315	#
313	1426.58	40	41	57	72	73	74	87	88	89	90	91	92	105	106	107	108	122	123	124	138	315	#
314	1359.11	14	15	75	88	89	90	91	104	105	106	107	108	121	122	123	124	137	138	233	234	315	#
315	1317.87	72	73	74	87	88	89	90	91	92	103	104	105	106	107	108	121	122	137	138	253	315	#
316	1315.1	6	7	8	9	10	11	12	22	24	26	27	28	29	30	38	40	41	42	43	44	315	#
317	1293.85	38	39	40	41	55	56	57	72	87	88	89	165	166	180	181	182	183	196	197	198	315	#
318	137.241	177	193	209	316	#
319	103.03	193	194	209	316	#
320	69.5101	156	208	209	316	#
321	292.489	207	222	223	239	255	317	#
322	377.096	189	205	206	207	222	317	#
323	327.404	190	206	207	222	223	317	#
324	286.909	221	222	223	239	255	317	#
325	227.133	206	222	223	239	255	317	#
326	216.673	71	72	87	223	239	317	#
327	2343.51	0	2	3	4	5	6	7	16	17	18	19	20	21	22	32	33	34	35	37	48	49	50	51	52	53	64	65	66	67	68	69	195	204	205	206	207	210	211	223	226	227	242	318	#
328	2559.09	2	4	5	18	19	20	34	35	36	39	40	41	50	51	52	53	57	69	85	101	102	128	129	130	146	176	177	178	179	192	193	195	208	209	210	211	215	225	226	227	241	242	318	#
329	2342.4	108	113	114	115	124	125	130	131	140	147	156	168	169	170	171	172	173	184	185	186	187	188	189	201	202	203	204	205	206	207	218	219	222	223	226	227	238	239	242	243	254	255	318	#
330	2312.81	37	38	39	143	156	158	159	170	171	172	173	174	175	176	177	184	185	186	187	189	190	193	200	201	202	204	205	206	207	209	219	220	221	222	223	225	226	237	238	239	254	255	318	#
331	2283.85	2	4	5	6	7	8	18	19	20	21	22	23	35	36	37	38	39	40	41	52	54	55	57	99	114	115	118	119	120	131	133	134	135	137	138	139	140	147	150	163	178	179	318	#
332	2283.18	8	9	10	11	25	26	27	38	39	40	41	55	56	57	58	60	61	64	71	72	73	74	76	80	87	89	90	96	105	122	145	161	195	208	209	210	211	225	226	227	241	242	318	#
333	198.64	213	229	319	#
334	235.279	213	214	319	#
335	448.938	12	27	28	43	59	74	75	320	#
336	512.169	12	27	28	43	59	74	90	320	#
337	505.943	11	27	43	58	59	74	90	320	#
338	447.535	10	11	12	27	28	43	59	320	#
339	440.156	27	43	58	59	60	75	76	320	#
340	408.52	27	28	43	59	74	75	76	320	#
341	971.434	72	73	88	89	90	103	104	107	119	135	136	152	224	321	#
342	1116.44	57	70	72	73	86	87	88	89	90	104	105	119	120	321	#
343	1113.84	57	70	71	72	73	86	87	88	89	90	103	104	119	321	#
344	1037.69	57	69	70	72	73	75	86	87	88	89	90	91	103	321	#
345	974.631	55	70	71	86	87	103	119	120	135	204	217	219	220	321	#
346	937.717	55	57	70	71	72	73	85	86	87	88	89	105	106	321	#
347	1297.8	92	107	108	121	122	123	124	136	137	138	139	140	141	153	154	155	156	157	172	173	189	252	322	#
348	1625.32	119	120	141	155	157	158	171	173	174	187	188	189	190	191	202	203	205	206	207	218	220	221	322	#
349	1597.9	62	78	79	90	92	93	94	106	107	108	121	122	123	124	125	137	138	140	154	155	156	187	322	#
350	1587.5	60	75	76	90	92	93	106	107	108	110	121	122	123	124	137	138	139	140	162	178	205	221	322	#
351	1491.86	61	62	76	77	92	93	94	106	107	108	123	124	125	138	139	140	141	154	155	156	157	158	322	#
352	1470.66	64	80	92	93	96	107	108	111	123	124	125	127	139	140	141	142	143	155	156	157	158	172	322	#
353	318.195	187	202	203	323	#
354	308.613	187	203	218	323	#
355	257.42	186	201	202	323	#
356	247.904	145	203	204	323	#
357	2687.81	50	66	67	68	70	80	81	82	83	96	97	98	99	100	113	114	115	116	128	129	130	131	132	133	134	135	136	137	144	145	146	147	148	149	153	160	161	162	163	165	169	176	177	181	192	193	208	220	236	237	324	#
358	3309.13	0	1	2	3	4	17	18	19	20	33	43	44	57	58	59	60	61	62	63	73	74	75	76	77	78	79	89	90	91	92	93	94	106	110	160	161	176	178	192	193	194	208	209	210	211	212	225	227	241	243	324	#
359	3211.81	14	15	30	31	101	144	158	160	168	173	174	184	185	186	187	188	189	190	196	201	202	203	204	205	206	207	210	211	212	213	214	215	216	217	218	219	220	221	223	227	228	229	230	235	236	238	239	244	245	254	324	#
360	3117.07	9	10	11	25	26	42	43	44	58	162	163	165	166	176	177	178	180	181	182	183	184	192	193	194	195	196	197	198	208	210	211	212	213	214	225	226	227	228	229	230	231	241	242	243	244	245	246	247	248	249	324	#
361	3051.03	71	113	128	129	130	131	132	144	145	146	147	160	161	162	176	177	180	181	182	192	193	194	195	196	208	209	210	211	212	213	215	216	219	220	224	225	226	227	228	229	230	231	236	240	241	242	243	244	245	246	324	#
362	3049.6	24	123	134	139	140	155	156	171	176	177	178	180	181	184	185	186	187	188	192	193	194	196	200	201	203	208	209	210	211	212	217	218	219	224	225	226	227	228	229	230	231	235	240	241	242	243	244	245	251	252	324	#
363	934.278	150	152	153	167	168	169	183	184	185	199	200	201	202	325	#
364	981.47	168	183	184	185	186	187	188	199	200	201	204	205	220	325	#
365	883.55	11	27	43	44	150	166	167	168	183	184	185	200	201	325	#
366	870.315	134	136	150	151	152	153	165	166	167	168	183	184	200	325	#
367	861.957	150	166	168	182	183	184	185	199	200	201	202	217	238	325	#
368	856.004	122	136	137	138	150	151	152	153	167	168	184	225	226	325	#
369	99.483	111	127	326	#
370	116.017	95	111	326	#
371	228.925	62	63	78	79	145	327	#
372	317.104	62	63	79	119	135	327	#
373	281.902	45	46	61	62	63	327	#
374	251.3	62	78	79	147	163	327	#
375	217.024	61	62	63	78	79	327	#
376	653.015	164	180	181	196	212	213	214	215	228	229	328	#
377	753.532	201	214	215	216	217	231	232	246	247	248	328	#
378	708.05	53	90	106	107	132	148	164	165	181	196	328	#
379	702.376	213	214	215	216	217	231	242	243	247	248	328	#
380	619.859	14	15	30	31	47	228	244	245	246	247	328	#
381	603.232	181	182	196	198	211	212	213	214	228	229	328	#
382	1571.24	8	9	10	11	12	24	25	26	27	28	29	41	42	44	56	57	58	59	60	61	74	75	77	329	#
383	1685.33	9	10	11	19	20	21	22	23	24	25	26	27	42	43	57	58	59	73	74	75	88	89	105	329	#
384	1662.38	9	10	25	26	27	41	42	43	44	56	57	58	59	72	73	74	75	89	90	91	105	106	107	329	#
385	1661.87	25	26	27	29	41	42	43	44	56	57	58	59	60	72	73	74	75	88	89	91	103	104	105	329	#
386	1631.79	14	26	27	28	29	30	31	43	44	45	47	58	59	60	63	73	74	75	88	91	107	108	123	329	#
387	1600.03	26	27	41	42	43	56	57	58	59	71	72	73	74	75	87	88	89	91	106	107	122	123	124	329	#
388	374.932	233	235	249	250	251	330	#
389	338.09	233	249	250	251	252	330	#
390	311.031	232	233	248	249	250	330	#
391	299.045	235	249	250	251	252	330	#
392	271.658	204	219	220	235	236	330	#
393	206.075	235	236	237	251	252	330	#
394	923.845	31	56	57	139	164	165	166	180	181	196	197	212	213	228	229	331	#
395	1160.26	149	165	166	181	182	183	196	197	198	199	213	214	215	229	231	331	#
396	1115.3	165	166	181	196	197	198	210	211	212	227	228	229	244	245	246	331	#
397	1061.02	29	45	149	163	164	165	166	180	181	182	183	196	197	198	199	331	#
398	1028.69	150	151	152	165	166	168	169	170	181	182	183	184	199	201	217	331	#
399	1021.18	163	164	165	180	181	182	184	196	197	198	199	200	214	217	218	331	#
400	1845.39	144	160	176	177	178	179	180	192	193	194	195	208	209	210	211	213	225	226	227	228	229	230	231	241	243	244	245	332	#
401	1894.03	38	39	40	54	55	70	71	72	144	160	161	162	164	176	177	178	179	180	181	192	193	194	210	211	212	227	228	332	#
402	1845.4	9	10	25	38	39	40	41	42	43	54	55	56	58	72	88	178	194	195	210	211	212	222	223	225	226	227	243	332	#
403	1831.52	13	28	29	42	43	44	45	146	160	162	164	176	177	178	179	180	192	193	208	209	210	211	212	225	226	227	241	332	#
404	1787.81	195	197	198	210	211	212	213	214	215	216	217	227	228	229	230	231	232	233	243	244	245	247	248	249	250	251	252	332	#
405	1783.69	112	113	129	130	131	144	145	146	149	150	160	161	162	164	165	167	176	177	178	179	180	183	192	193	194	208	210	332	#
406	372.899	96	97	99	112	113	114	115	220	333	#
407	498.765	84	85	99	100	114	115	116	130	333	#
408	472.935	84	97	99	100	113	114	130	146	333	#
409	438.566	66	81	82	97	113	114	129	130	333	#
410	431.713	99	100	114	115	130	131	145	146	333	#
411	383.72	47	96	97	99	100	112	113	114	333	#
412	190.327	87	236	237	253	334	#
413	244.094	221	236	237	238	334	#
414	232.034	86	87	102	118	334	#
415	212.687	236	237	238	253	334	#
416	226.661	52	53	54	58	335	#
417	270.47	36	37	53	54	335	#
418	233.114	37	38	53	54	335	#
419	73.462	203	#
420	266.737	64	65	80	81	82	336	#
421	356.341	50	51	66	67	82	336	#
422	341.2	49	50	65	66	159	336	#
423	266.828	48	64	65	201	217	336	#
424	183.255	49	64	65	80	117	336	#
425	91.6438	81	96	112	113	128	336	#
426	474.257	195	211	226	227	232	247	337	#
427	490.777	195	210	211	225	226	227	337	#
428	445.096	214	215	230	231	232	233	337	#
429	407.492	215	230	231	232	246	247	337	#
430	395.35	85	195	211	226	242	243	337	#
431	373.425	211	225	226	227	241	242	337	#
432	179.847	245	246	338	#
433	142.062	244	245	338	#
434	136.904	246	#
435	443.169	163	164	178	179	180	196	197	339	#
436	497.479	76	92	93	181	196	197	198	339	#
437	492.822	148	163	164	165	179	180	181	339	#
438	460.425	130	146	162	163	164	178	194	339	#
439	413.403	147	148	149	163	164	165	166	339	#
440	412.574	163	179	180	181	196	197	212	339	#
441	2068.96	10	26	37	38	39	42	43	55	59	74	75	91	92	108	134	141	142	150	151	165	166	179	180	181	182	183	196	197	198	199	213	214	340	#
442	2296.89	39	55	108	119	120	133	134	135	136	150	151	152	165	166	167	169	176	177	180	181	182	183	184	185	186	187	198	199	203	214	229	245	340	#
443	2221.27	4	5	6	18	19	20	21	22	33	34	35	36	37	38	39	50	53	54	55	65	66	67	71	86	87	88	101	102	103	104	105	106	340	#
444	2197.12	4	5	6	19	20	22	36	37	38	39	47	53	54	55	56	63	70	71	72	79	85	86	87	88	100	101	103	104	117	119	120	135	340	#
445	2190.97	92	93	94	105	106	107	108	109	110	111	123	124	125	126	127	140	141	142	143	156	157	158	173	174	175	184	189	190	191	199	200	226	340	#
446	2059.97	10	11	26	27	28	42	43	57	58	59	60	74	75	76	77	91	92	93	94	106	107	108	109	110	111	123	125	126	237	238	254	255	340	#
447	102.25	73	89	341	#
448	78.3027	89	105	341	#
449	96.6181	67	#
450	390.684	201	202	203	217	342	#
451	397.431	188	202	203	204	342	#
452	333.173	200	201	202	217	342	#
453	247.919	202	203	219	220	342	#
454	190.513	216	217	218	234	342	#
455	479.501	195	196	211	212	226	227	343	#
456	526.866	195	211	212	213	227	243	343	#
457	485.575	195	211	225	226	227	242	343	#
458	476.789	18	211	226	227	241	242	343	#
459	399.328	180	181	182	196	212	213	343	#
460	386.283	180	181	182	183	196	212	343	#
461	488.453	1	11	12	13	26	27	163	164	344	#
462	629.143	133	148	149	164	165	180	181	196	344	#
463	575.991	11	26	27	42	58	134	149	214	344	#
464	567.103	96	148	149	150	163	164	165	180	344	#
465	510.515	9	10	11	12	26	27	28	44	344	#
466	492.512	9	10	11	26	27	28	44	215	344	#
467	193.519	150	151	345	#
468	222.037	151	152	345	#
469	72.4326	169	170	185	#
470	303.357	132	147	148	149	150	165	166	404	#
471	513.083	37	38	39	53	55	69	83	84	232	247	347	#
472	739.635	4	5	6	20	21	22	37	38	53	69	347	#
473	649.216	8	9	22	23	24	37	38	39	55	98	347	#
474	602.169	37	38	53	54	55	68	69	84	100	101	347	#
475	567.6	67	68	83	84	99	100	101	112	128	144	347	#
476	539.561	37	38	52	53	54	55	67	68	69	84	347	#
477	358.962	8	23	24	39	40	55	348	#
478	422.778	7	8	9	22	23	38	348	#
479	408.75	6	7	21	22	23	38	348	#
480	378.978	6	22	23	37	38	39	348	#
481	367.135	22	23	38	39	40	41	348	#
482	329.82	8	9	23	24	39	82	348	#
483	386.645	148	149	164	165	166	180	349	#
484	431.985	148	164	165	166	211	226	349	#
485	407.218	148	149	150	164	165	166	349	#
486	399.394	148	164	165	166	179	180	349	#
487	349.965	148	164	165	179	180	196	349	#
488	296.656	178	179	180	196	211	212	349	#
489	1340.52	202	203	215	216	217	218	219	220	230	231	232	233	234	235	245	246	247	248	250	251	350	#
490	1520.62	185	187	199	200	201	202	203	215	216	217	218	229	230	231	232	233	234	245	246	247	350	#
491	1466.59	171	187	188	201	202	203	215	216	217	218	230	231	232	233	234	246	247	248	249	250	350	#
492	1382.39	97	98	112	113	114	201	215	216	217	218	230	231	232	233	234	246	247	248	249	250	350	#
493	1374.49	155	167	169	171	173	183	184	185	187	188	189	201	202	203	217	218	219	233	234	250	350	#
494	1348.91	185	201	202	203	215	216	217	218	230	231	232	233	234	244	245	246	247	248	249	250	350	#
495	125.175	217	218	351	#
496	155.19	216	217	351	#
497	1145.95	155	170	171	185	186	187	188	189	201	204	205	221	222	223	238	352	#
498	1112.6	107	155	164	170	171	173	185	186	187	188	189	195	210	211	226	352	#
499	1079.53	73	88	89	90	103	104	105	106	119	120	122	138	139	188	204	352	#
500	1057.64	155	156	170	171	172	173	185	186	187	188	200	201	204	205	217	352	#
501	986.085	144	160	176	221	222	223	225	226	237	238	239	240	241	254	255	352	#
502	940.183	173	187	188	189	203	204	205	221	222	225	226	227	237	238	242	352	#
503	190.564	144	145	146	353	#
504	277.147	144	160	161	353	#
505	217.954	146	153	154	353	#
506	131.177	129	144	145	353	#
507	558.307	17	18	19	20	34	35	36	52	80	96	354	#
508	697.671	5	6	19	35	36	37	52	68	69	85	354	#
509	664.666	17	18	19	35	36	37	38	52	53	69	354	#
510	618.21	18	19	34	35	36	50	52	66	68	84	354	#
511	591.867	3	18	19	20	34	35	36	50	52	80	354	#
512	581.755	4	5	20	21	35	36	50	51	66	82	354	#
513	177.426	104	105	120	355	#
514	243.556	104	119	120	355	#
515	69.8663	94	#
516	1153.15	132	148	150	164	166	167	180	181	182	183	196	197	198	199	213	214	356	#
517	1253.83	137	150	166	167	181	182	183	196	197	198	199	200	201	213	214	215	356	#
518	1233.46	181	182	183	196	197	198	199	200	213	214	215	216	227	228	229	243	356	#
519	1197.43	42	43	132	133	149	150	165	166	167	181	182	183	196	197	198	199	356	#
520	1179.29	56	57	72	73	88	150	166	181	182	183	188	197	198	199	204	205	356	#
521	1150.32	164	165	166	180	181	182	183	196	197	198	213	214	226	227	228	229	356	#
522	406.725	20	34	35	36	50	51	357	#
523	443.733	34	35	36	51	104	120	357	#
524	391.519	3	18	19	20	34	35	357	#
525	366.981	6	22	36	37	38	39	357	#
526	358.586	33	34	35	36	50	51	357	#
527	348.413	33	34	50	66	82	94	357	#
528	152.781	42	43	59	119	358	#
529	203.382	42	43	58	59	358	#
530	137.808	59	60	74	90	358	#
531	1504.09	3	4	5	19	20	21	35	36	37	51	52	53	54	55	64	66	67	69	70	81	82	83	84	98	99	100	359	#
532	1728.14	3	4	5	18	19	20	22	36	37	38	53	54	55	56	57	69	70	71	72	73	87	88	102	103	104	120	359	#
533	1696.56	51	66	67	81	82	83	98	99	114	115	116	129	130	131	145	146	201	216	217	230	231	232	246	247	254	255	359	#
534	1677.49	3	4	19	20	21	36	37	52	53	56	69	72	73	74	75	85	91	107	108	121	122	123	124	138	139	154	359	#
535	1642.31	3	4	5	6	19	20	21	22	23	24	34	35	36	37	38	39	51	52	53	54	67	69	70	85	190	254	359	#
536	1614.97	3	4	5	6	9	19	20	21	22	23	24	36	37	38	39	40	52	53	54	68	69	70	84	85	175	191	359	#
537	82.6102	202	#
538	404.234	177	192	193	208	209	210	211	360	#
539	558.412	144	159	160	176	192	193	209	360	#
540	487.372	160	176	177	192	193	208	209	360	#
541	468.558	87	176	177	192	193	209	216	360	#
542	414.631	195	211	212	213	226	227	242	360	#
543	399.096	192	193	208	209	210	226	253	360	#
544	570.549	99	114	115	116	129	130	146	177	192	193	361	#
545	654.989	97	112	113	114	128	129	130	144	146	249	361	#
546	649.894	176	177	178	192	193	194	209	210	225	226	361	#
547	625.075	82	98	100	113	114	115	116	128	129	132	361	#
548	613.407	177	178	179	180	181	192	193	194	209	210	361	#
549	612.312	99	100	101	112	113	114	116	130	204	205	361	#
550	565.61	11	12	13	14	15	28	29	30	31	45	362	#
551	714.328	11	12	13	26	27	28	29	30	42	45	362	#
552	684.343	10	11	12	14	26	27	28	29	30	31	362	#
553	680.099	10	11	12	23	24	26	27	28	29	39	362	#
554	640.831	9	10	11	12	26	27	28	29	42	43	362	#
555	637.962	11	12	13	26	28	29	30	31	79	165	362	#
556	134.133	109	125	363	#
557	154.116	108	109	363	#
558	832.204	110	126	127	140	141	142	143	158	159	174	175	181	364	#
559	858.193	125	140	141	142	143	157	158	173	189	190	207	223	364	#
560	824.661	139	140	141	142	143	154	155	156	157	158	170	171	364	#
561	802.234	128	141	142	156	157	158	174	188	189	190	205	221	364	#
562	792.81	110	126	127	141	142	143	157	158	159	174	175	191	364	#
563	754.856	110	126	127	139	140	141	142	143	159	175	191	249	364	#
564	241.352	233	249	250	365	#
565	216.863	248	249	250	365	#
566	207.294	4	5	250	365	#
567	202.731	232	233	234	365	#
568	237.608	7	8	20	21	22	23	366	#
569	352.011	4	5	6	7	21	22	366	#
570	323.411	8	9	10	11	26	42	366	#
571	315.204	4	5	20	21	22	23	366	#
572	249.64	4	8	20	21	22	23	366	#
573	500.094	174	175	187	188	189	190	207	367	#
574	604.629	159	186	187	188	204	220	221	367	#
575	600.777	186	187	188	201	202	203	204	367	#
576	500.451	158	173	174	175	189	190	191	367	#
577	491.81	142	158	174	175	189	190	191	367	#
578	481.249	158	173	174	175	190	191	250	367	#
579	1864.7	78	79	92	93	94	109	125	155	169	171	185	186	187	188	189	199	200	201	202	203	204	205	216	217	218	219	221	237	368	#
580	1865.14	0	107	123	124	153	154	155	167	168	169	171	183	184	185	186	187	188	189	199	200	201	202	203	204	217	218	219	228	368	#
581	1848.34	155	168	169	170	171	172	182	183	184	185	187	188	197	198	199	200	201	202	203	204	205	213	214	215	216	217	218	219	368	#
582	1822.92	150	151	152	155	167	168	169	170	171	172	182	183	184	185	186	187	188	197	198	199	200	201	202	203	204	217	218	219	368	#
583	1814.92	76	78	79	92	93	94	105	106	107	108	109	110	111	124	125	127	195	211	212	213	225	226	227	228	229	242	243	245	368	#
584	1797.71	119	122	123	124	127	134	135	136	137	138	143	150	151	152	154	155	159	167	168	169	170	171	172	185	186	187	188	204	368	#
585	548.537	34	50	66	85	86	99	100	101	116	369	#
586	687.667	70	71	82	97	98	99	100	114	115	369	#
587	638.613	83	84	99	100	101	115	116	132	214	369	#
588	595.186	100	101	102	114	115	116	117	118	132	369	#
589	581.945	71	85	86	87	100	101	102	116	117	369	#
590	575.062	2	18	32	33	34	35	49	50	244	369	#
591	90.4543	196	#
592	779.463	64	80	81	94	176	177	192	193	194	208	209	210	225	226	370	#
593	1018.64	37	53	54	128	144	145	160	161	162	176	177	178	179	193	370	#
594	993.176	99	114	130	131	144	145	146	160	161	162	176	177	192	193	370	#
595	932.292	192	196	197	208	209	210	211	212	213	225	226	227	228	242	370	#
596	930.48	144	145	146	160	161	162	177	178	193	194	208	209	220	221	370	#
597	882.032	195	196	197	208	209	210	211	212	225	226	227	228	242	243	370	#
598	1248.36	12	13	27	28	29	30	44	45	70	86	101	102	103	104	118	119	120	371	#
599	1207.17	69	70	71	86	87	101	102	103	117	118	119	120	133	230	231	245	246	371	#
600	1151.76	8	10	12	13	14	26	27	28	29	30	44	45	60	61	131	207	223	371	#
601	1116.02	10	12	13	26	27	28	29	30	39	40	41	42	43	44	56	57	60	371	#
602	1099.38	87	101	102	103	104	116	117	118	119	120	132	133	149	150	165	166	182	371	#
603	1079.5	71	72	73	74	86	87	88	101	102	103	104	116	117	118	119	120	133	371	#
604	51.3071	92	#
605	272.412	35	36	37	53	54	372	#
606	284.319	19	35	36	51	52	372	#
607	260.022	34	35	51	52	67	372	#
608	257.189	36	37	52	53	69	372	#
609	248.71	36	53	54	69	84	372	#
610	198.113	12	37	52	53	69	372	#
611	413.938	77	93	94	109	110	125	126	373	#
612	558.644	11	12	28	77	93	110	126	373	#
613	454.075	93	94	110	111	125	126	217	373	#
614	441.489	77	92	93	94	110	111	126	373	#
615	434.759	27	28	94	109	110	125	126	373	#
616	426.987	125	126	136	141	152	157	158	373	#
617	146.926	181	196	197	374	#
618	162.187	181	196	198	374	#
619	131.733	181	182	197	374	#
620	1259.67	172	186	187	188	189	204	205	206	207	219	221	222	223	235	236	237	238	239	253	254	255	375	#
621	1478.41	141	155	156	157	158	170	172	186	187	188	189	201	202	203	204	205	216	217	218	219	235	375	#
622	1400.2	77	169	170	171	172	186	187	188	189	200	201	202	203	204	216	217	218	233	234	250	251	375	#
623	1389.65	25	26	92	107	108	156	171	172	186	187	188	189	203	204	218	219	220	221	235	236	251	375	#
624	1376.88	187	188	189	203	204	207	218	219	220	221	223	235	236	237	238	239	250	251	253	254	255	375	#
625	1372.11	155	156	157	169	170	171	172	184	186	187	188	189	200	201	202	203	204	216	217	218	219	375	#
626	927.987	0	16	17	18	19	20	32	33	34	48	50	376	#
627	884.51	0	2	16	17	18	19	20	32	33	34	35	376	#
628	818.377	17	18	19	20	21	33	34	35	50	216	231	376	#
629	775.841	0	1	2	16	17	18	32	33	34	35	50	376	#
630	755.173	17	18	33	34	35	50	51	52	67	68	84	376	#
631	732.673	0	1	16	17	32	33	34	48	50	179	180	376	#
632	272.98	122	123	138	139	140	377	#
633	353.925	125	139	140	141	142	377	#
634	316.674	138	139	140	141	154	377	#
635	214.259	121	122	137	138	152	377	#
636	187.874	122	137	138	216	217	377	#
637	1084.36	44	70	71	85	86	98	102	229	231	232	233	234	245	246	247	248	249	378	#
638	1064.24	33	164	179	180	181	182	196	197	198	212	213	228	229	230	231	245	246	378	#
639	1017.22	209	210	212	226	227	228	229	230	232	233	234	245	246	247	248	249	250	378	#
640	1005.55	127	169	170	185	186	187	200	201	202	203	217	218	231	232	233	234	249	378	#
641	982.453	9	11	12	13	25	26	27	28	29	42	43	44	45	46	58	59	74	378	#
642	981.197	5	6	7	22	203	216	218	230	231	232	233	234	245	246	247	248	249	378	#
643	496.477	10	11	26	27	28	29	30	44	379	#
644	627.369	14	15	29	30	44	45	46	62	379	#
645	603.291	10	11	12	26	27	159	175	191	379	#
646	601.562	10	11	12	27	28	29	44	45	379	#
647	575.269	11	12	27	28	29	43	44	45	379	#
648	561.546	10	11	25	26	27	42	43	44	379	#
649	239.807	216	229	230	231	380	#
650	261.618	227	228	229	230	380	#
651	203.83	200	201	216	217	380	#
652	82.3266	55	#
653	783.119	96	97	98	112	113	129	144	145	146	161	222	381	#
654	769.749	80	96	97	113	114	128	129	144	145	146	161	381	#
655	766.988	60	61	76	128	129	144	145	160	161	176	177	381	#
656	744.221	96	112	128	129	144	145	146	160	161	176	177	381	#
657	717.335	96	97	98	99	112	113	114	128	144	145	146	381	#
658	684.654	204	207	220	222	223	236	237	238	239	253	255	381	#
659	2385.13	14	30	46	152	153	154	156	168	169	170	171	172	185	186	187	188	201	205	215	216	217	218	219	220	221	229	230	231	232	233	234	235	236	237	238	239	245	253	382	#
660	2588.88	19	20	21	57	64	73	80	81	88	135	136	151	152	166	167	168	169	182	183	184	185	186	198	199	200	201	203	213	214	216	217	218	229	230	231	234	245	246	382	#
661	2571.39	13	14	25	26	27	28	29	30	31	41	42	43	44	45	46	57	58	59	62	73	88	89	110	111	124	125	126	127	143	159	172	174	175	188	189	190	191	207	382	#
662	2542.8	25	164	177	178	180	189	193	194	195	196	201	205	209	210	211	212	213	214	215	216	217	218	225	226	227	228	229	230	231	232	233	234	244	245	246	247	248	250	382	#
663	2528.86	55	70	71	72	158	160	161	172	174	187	188	189	190	204	205	206	207	217	218	219	220	221	222	223	232	233	234	235	236	237	238	239	250	251	252	253	254	255	382	#
664	2504.23	9	24	25	26	27	48	49	50	182	197	198	199	201	212	213	214	215	216	217	225	226	227	228	229	230	231	232	233	240	241	242	243	244	245	246	247	248	249	382	#
665	368.934	77	92	93	107	108	109	123	124	383	#
666	527.152	75	91	92	93	108	110	124	197	383	#
667	521.505	123	124	137	138	139	151	152	168	383	#
668	513.821	59	75	76	77	78	92	93	110	383	#
669	504.48	91	107	108	123	124	134	150	151	383	#
670	458.897	91	92	93	108	109	110	111	127	383	#
671	480.741	9	10	11	12	13	26	27	28	43	384	#
672	696.462	9	10	11	12	26	27	103	119	120	384	#
673	634.775	11	12	13	26	27	43	166	182	183	384	#
674	615.386	11	12	26	27	28	29	43	44	59	384	#
675	575.786	11	12	13	26	27	28	43	44	45	384	#
676	503.182	10	11	12	13	26	27	28	43	44	384	#
677	1375.5	8	23	24	155	168	169	170	171	183	184	185	186	187	198	199	200	201	213	214	215	216	217	385	#
678	1636.19	57	58	73	74	88	89	90	91	104	105	106	120	122	171	185	186	187	201	217	218	228	244	385	#
679	1552.92	174	175	180	181	188	189	190	196	198	199	205	206	207	210	211	212	213	214	226	228	229	244	385	#
680	1514.9	66	82	98	160	161	169	170	171	176	177	183	184	185	193	198	199	200	201	214	215	216	217	385	#
681	1422.62	166	180	183	184	185	196	198	199	201	212	213	214	215	216	217	218	229	231	232	233	234	247	385	#
682	1416.6	6	8	9	10	11	12	22	23	24	25	26	27	28	39	41	42	43	57	58	73	74	75	385	#
683	581.805	154	155	171	185	186	187	203	204	386	#
684	605.945	57	72	73	89	154	155	171	172	386	#
685	576.032	184	185	186	187	203	218	219	220	386	#
686	503.597	121	137	153	154	169	184	185	200	386	#
687	483.755	112	128	129	144	145	153	154	155	386	#
688	470.505	121	137	138	153	154	155	169	171	386	#
689	291.365	1	137	150	151	152	168	387	#
690	436.811	121	137	150	151	152	153	387	#
691	375.99	0	1	2	3	16	17	387	#
692	363.79	86	102	137	138	152	153	387	#
693	312.053	153	167	168	169	183	184	387	#
694	127.942	16	17	33	388	#
695	165.616	16	32	48	388	#
696	157.912	17	33	34	388	#
697	143.542	16	17	32	388	#
698	731.001	157	173	174	189	190	200	201	202	205	206	221	389	#
699	986.804	164	186	187	188	189	190	205	206	221	238	254	389	#
700	904.353	125	141	156	157	158	174	189	190	205	225	241	389	#
701	902.65	188	189	204	205	206	220	221	222	223	237	238	389	#
702	849.438	140	156	172	173	188	189	205	206	222	223	238	389	#
703	841.577	185	186	188	189	190	201	202	203	217	218	234	389	#
704	1479.79	68	69	70	71	72	73	84	86	88	125	139	140	141	155	156	157	168	169	170	171	185	217	218	233	234	244	390	#
705	1897.21	139	140	151	152	153	155	156	168	169	170	183	184	185	186	200	201	216	217	218	230	231	232	233	246	247	249	390	#
706	1776.74	160	176	181	193	195	196	197	208	209	210	211	212	216	225	226	227	228	229	230	231	240	241	243	244	245	246	390	#
707	1751.88	152	168	169	170	183	184	185	186	200	201	213	216	217	218	229	230	231	232	233	234	245	246	247	248	249	250	390	#
708	1709.89	70	188	203	204	205	216	218	219	220	221	222	230	231	232	233	234	235	237	246	247	248	249	250	251	252	253	390	#
709	1682.46	88	103	104	119	126	140	141	142	143	155	156	157	158	159	169	170	171	172	173	174	175	185	187	188	189	191	390	#
710	110.857	45	46	391	#
711	114.87	29	45	391	#
712	52.9688	46	62	391	#
713	168.564	235	251	392	#
714	138.147	72	251	392	#
715	297.17	128	129	130	144	145	393	#
716	327.734	128	144	145	157	160	393	#
717	316.573	128	144	145	146	161	393	#
718	286.88	113	128	129	144	145	393	#
719	238.194	96	112	113	128	129	393	#
720	186.798	114	130	131	146	162	393	#
721	225.817	205	221	238	394	#
722	309.805	204	205	220	394	#
723	196.341	221	222	237	394	#
724	178.69	238	239	254	394	#
725	284.401	189	205	206	221	222	395	#
726	380.955	204	205	206	221	222	395	#
727	362.919	175	188	189	204	205	395	#
728	301.176	205	206	220	221	222	395	#
729	223.007	205	221	235	236	237	395	#
730	200.779	48	173	189	190	205	395	#
731	1809.25	134	136	137	150	151	152	163	165	166	167	168	169	177	178	179	180	181	182	183	184	196	197	198	200	212	213	228	244	245	396	#
732	2049.12	0	1	2	16	17	132	133	134	148	149	150	151	152	165	166	180	181	182	183	184	185	186	196	197	198	200	202	213	214	396	#
733	2019.78	133	134	150	151	162	163	165	166	167	177	178	179	180	181	182	183	184	193	194	196	197	198	199	212	213	214	215	228	231	396	#
734	1993.5	11	12	13	26	27	118	119	134	135	136	150	151	154	155	165	166	180	181	182	183	184	196	197	198	212	213	228	229	230	396	#
735	1987.98	61	62	63	77	79	150	155	165	166	170	171	180	181	182	183	184	185	195	196	197	198	199	200	210	211	212	213	214	215	396	#
736	1950.1	85	134	150	151	152	153	165	166	169	181	182	183	184	185	186	187	196	197	198	199	200	201	202	203	217	218	219	220	234	396	#
737	247.687	232	233	247	397	#
738	200.153	232	233	234	397	#
739	995.366	148	163	164	165	180	181	182	183	196	197	198	199	214	215	398	#
740	959.141	116	117	133	134	148	149	150	151	163	164	165	166	167	181	398	#
741	949.428	151	167	168	180	181	182	183	184	196	197	198	199	214	215	398	#
742	921.468	150	151	165	166	167	168	181	182	183	184	198	226	242	243	398	#
743	895.914	149	165	168	180	181	182	183	184	185	196	197	198	199	214	398	#
744	878.342	131	132	133	148	149	163	164	165	180	181	196	197	212	213	398	#
745	91.6844	106	#
746	873.701	14	30	31	45	46	47	62	63	68	93	94	226	242	399	#
747	967.441	37	38	53	54	210	211	224	226	227	228	240	241	242	399	#
748	926.002	82	87	93	94	96	97	98	103	104	118	119	120	135	399	#
749	862.349	11	12	13	14	26	29	30	31	45	46	47	62	63	399	#
750	837.129	14	15	29	30	31	45	46	47	48	63	64	80	81	399	#
751	797.85	60	75	76	77	91	92	93	94	107	108	109	124	125	399	#
752	419.778	155	169	170	171	185	186	400	#
753	555.195	155	169	170	171	187	188	400	#
754	527.652	170	171	185	187	188	201	400	#
755	460.85	186	187	201	202	203	218	400	#
756	387.733	66	155	170	171	185	187	400	#
757	342.335	169	170	185	201	202	217	400	#
758	2241.74	33	48	49	64	65	80	82	96	97	98	99	112	113	114	128	129	130	144	145	146	161	189	204	205	219	220	221	235	236	237	238	251	252	253	254	255	401	#
759	2571.73	64	80	81	82	96	97	98	112	113	114	127	128	129	130	131	141	142	143	144	145	146	151	166	167	183	186	187	230	231	232	233	234	246	247	249	250	401	#
760	2505.33	2	18	33	34	35	36	51	66	67	89	90	91	97	99	101	103	112	113	115	116	117	128	129	130	131	144	145	146	147	148	160	161	164	180	202	240	401	#
761	2492.8	64	65	80	83	87	88	96	97	98	99	100	101	103	112	113	114	115	116	117	128	129	130	131	144	145	146	160	161	175	176	191	209	210	226	242	243	401	#
762	2400.78	2	16	18	29	32	33	34	43	44	45	48	49	54	64	65	66	80	81	82	83	84	96	97	98	99	100	113	114	115	116	129	130	131	142	143	146	401	#
763	2376.53	13	29	33	34	35	45	48	49	50	64	65	66	67	80	81	82	83	96	97	98	99	100	112	113	114	116	122	128	129	130	143	144	145	146	160	161	401	#
764	1194.09	148	150	164	165	166	181	188	189	197	198	204	205	206	221	222	223	237	253	402	#
765	1305.24	97	187	188	189	203	204	205	220	221	222	232	233	235	236	237	238	253	254	402	#
766	1204.74	156	171	172	173	178	187	188	189	190	194	204	205	207	210	211	221	223	237	402	#
767	1192.51	28	43	44	45	59	148	149	150	151	165	166	167	181	182	183	197	198	199	402	#
768	1191.91	172	173	189	204	205	219	221	225	226	235	236	237	238	249	250	251	252	253	402	#
769	1184.51	137	153	169	170	171	172	173	184	185	187	188	201	204	205	206	221	222	238	402	#
770	616.06	137	138	153	154	168	169	170	184	185	201	403	#
771	839.678	13	29	45	184	201	216	217	231	232	233	403	#
772	715.51	119	135	136	137	138	152	153	154	155	171	403	#
773	713.53	153	154	155	169	170	171	185	186	187	188	403	#
774	682.407	155	170	171	172	183	184	185	199	201	217	403	#
775	664.281	122	123	124	125	137	138	139	153	154	210	403	#
776	323.575	37	53	57	148	149	150	166	404	#
777	477.149	40	41	42	57	59	73	74	404	#
778	403.661	36	37	52	53	54	55	177	404	#
779	349.905	116	132	133	148	149	150	166	404	#
780	316.384	3	4	150	165	166	182	183	404	#
781	84.3061	221	#
782	210.333	65	66	67	81	82	405	#
783	254.473	66	82	98	99	114	405	#
784	252.169	49	64	65	66	67	405	#
785	231.561	66	67	68	83	84	405	#
786	229.832	49	64	65	66	81	405	#
787	888.104	162	163	177	178	206	207	222	223	224	235	236	237	238	240	253	254	406	#
788	1121.94	93	109	110	126	129	130	145	146	160	161	162	177	178	179	184	194	406	#
789	1080.3	126	141	142	153	158	174	175	187	188	189	190	191	203	204	205	207	406	#
790	1074.62	178	194	209	210	211	224	225	226	227	228	229	240	241	242	245	246	406	#
791	1064.14	201	202	203	204	205	218	219	220	221	222	236	237	238	253	254	255	406	#
792	1057.91	72	147	148	150	161	162	163	164	165	166	177	178	179	181	194	210	406	#
793	263.157	195	210	211	407	#
794	277.783	195	211	227	407	#
795	242.167	210	211	226	407	#
796	193.233	210	211	212	407	#
797	564.352	124	139	140	141	142	157	158	174	408	#
798	669.721	143	158	159	174	175	190	207	223	408	#
799	626.842	126	142	158	159	174	175	190	191	408	#
800	619.457	141	142	157	158	159	173	174	175	408	#
801	610.64	125	139	140	141	142	158	174	175	408	#
802	511.571	93	109	124	125	140	141	142	158	408	#
803	461.453	125	126	142	156	157	158	222	223	409	#
804	618.823	92	107	108	109	110	124	125	126	409	#
805	557.844	27	107	109	124	125	126	142	143	409	#
806	544.224	123	124	125	126	142	143	158	174	409	#
807	498.174	88	138	139	140	156	157	173	189	409	#
808	446.563	155	156	157	158	173	174	175	189	409	#
809	1429.77	3	4	19	20	33	34	35	36	37	51	52	53	67	68	69	160	176	177	192	193	209	210	225	226	410	#
810	1627.75	0	1	2	3	4	5	6	16	17	18	19	20	32	33	34	35	36	52	68	100	115	116	117	132	410	#
811	1627.55	0	1	2	3	4	6	7	16	17	18	19	20	21	32	33	34	35	36	52	101	116	117	213	229	410	#
812	1621.98	0	1	2	3	4	16	17	18	19	20	32	33	34	35	36	37	51	52	53	81	82	97	98	133	410	#
813	1604.52	0	16	32	33	34	36	48	49	50	51	52	55	67	68	71	72	73	86	87	88	89	102	103	209	410	#
814	1587.15	9	11	24	25	26	41	42	50	53	57	66	67	68	69	78	84	108	109	124	125	140	141	156	157	410	#
815	687.674	64	119	121	122	134	135	136	137	138	152	153	154	168	169	411	#
816	998.857	64	81	82	97	98	113	114	133	134	135	136	137	150	166	411	#
817	968.991	132	133	134	135	136	148	149	150	152	165	166	181	183	184	411	#
818	947.701	140	154	155	156	157	170	171	173	174	175	187	188	189	191	411	#
819	925.089	135	136	137	138	152	153	154	155	169	184	185	200	201	202	411	#
820	882.487	90	92	105	106	107	108	121	122	124	136	137	138	154	191	411	#
821	326.554	237	238	239	254	255	412	#
822	355.363	207	211	223	226	239	412	#
823	345.432	221	238	239	254	255	412	#
824	319.907	107	221	222	237	238	412	#
825	294.695	184	200	222	237	238	412	#
826	1452.33	14	15	30	31	45	46	47	62	63	78	79	94	110	116	126	132	133	134	135	148	149	150	151	164	166	177	413	#
827	1901.23	128	144	147	148	160	161	162	163	164	176	177	178	179	180	181	192	193	194	195	196	209	210	211	225	226	227	413	#
828	1829.29	1	2	3	18	19	20	31	35	36	37	38	46	47	50	51	53	54	62	63	69	79	85	125	223	239	255	413	#
829	1662.48	33	34	35	49	50	79	116	117	131	132	133	148	149	162	163	164	178	179	180	181	194	195	196	209	210	211	413	#
830	1644.25	11	12	13	14	15	28	29	30	31	44	45	46	47	62	63	107	110	123	124	125	126	127	141	143	159	167	413	#
831	1577.53	81	96	97	104	105	110	112	113	114	115	116	119	125	126	127	129	130	131	132	135	147	148	149	151	152	183	413	#
832	57.0082	89	#
833	1188.14	164	165	166	180	181	196	197	211	212	213	229	245	246	247	248	249	250	414	#
834	1244.28	165	166	181	182	183	196	197	198	203	210	211	212	219	220	226	227	235	414	#
835	1242.12	26	27	131	147	148	163	164	165	166	169	180	181	184	185	186	198	200	414	#
836	1204.15	160	161	162	177	178	194	195	208	209	210	211	212	225	226	227	240	241	414	#
837	1202.23	165	181	195	197	198	199	200	209	210	211	212	213	214	225	229	241	245	414	#
838	1171.71	151	167	168	169	183	184	185	229	230	232	233	245	246	247	248	249	250	414	#
839	162.105	141	156	157	415	#
840	154.75	140	141	157	415	#
841	1366.95	34	50	64	65	66	80	81	82	83	85	86	96	97	98	99	100	101	112	113	114	115	117	128	214	215	216	217	416	#
842	1848.87	16	32	33	49	50	51	52	60	61	62	66	74	75	76	77	82	90	93	98	114	145	161	162	163	164	179	180	416	#
843	1844.8	16	32	39	40	48	49	50	56	64	65	66	67	70	71	72	80	81	82	87	88	89	90	96	98	106	112	122	416	#
844	1766.87	164	165	166	180	181	182	183	186	187	198	201	202	203	204	213	214	215	216	217	218	229	231	232	233	234	245	250	416	#
845	1617.87	32	48	49	50	64	65	66	80	81	82	96	97	98	99	112	114	128	164	180	181	182	198	212	213	214	215	216	416	#
846	1573.09	16	17	18	19	32	33	34	48	49	50	51	64	65	66	67	80	82	83	85	96	97	98	100	101	112	113	129	416	#
847	192.271	39	54	55	71	417	#
848	274.207	38	39	40	41	417	#
849	243.221	37	54	55	71	417	#
850	221.29	37	38	54	55	417	#
851	886.856	53	57	62	69	70	71	72	73	74	78	85	86	87	88	89	90	102	103	104	119	120	418	#
852	1323.02	44	45	46	47	59	60	61	62	63	76	156	157	173	174	175	189	212	215	228	230	231	418	#
853	1284.92	8	22	23	25	26	38	39	40	41	42	43	44	45	56	57	59	72	73	74	88	90	418	#
854	1202.16	8	9	24	25	26	56	70	71	72	73	85	86	87	88	89	90	100	104	105	106	116	418	#
855	1193.51	40	56	57	71	72	73	85	86	87	88	89	90	99	100	101	102	104	106	115	116	120	418	#
856	1190.88	59	72	75	88	89	90	91	92	104	106	107	108	109	122	123	124	125	137	138	139	140	418	#
857	1002.7	92	108	109	110	123	124	125	126	127	130	139	140	141	146	419	#
858	1118.35	126	127	142	143	157	158	173	174	202	203	204	205	220	221	419	#
859	1102.51	42	58	74	75	76	89	90	91	92	106	107	108	122	160	419	#
860	1053.94	106	107	108	109	110	121	122	123	124	125	126	127	141	157	419	#
861	1028.57	108	109	124	125	126	127	140	141	156	205	220	221	222	238	419	#
862	996.146	90	91	92	107	108	109	110	124	125	126	127	140	141	142	419	#
863	351.269	90	104	105	106	420	#
864	303.077	90	91	105	106	420	#
865	300.529	74	90	105	106	420	#
866	277.101	88	89	105	106	420	#
867	258.656	104	105	120	243	420	#
868	524.331	148	150	151	164	165	166	167	168	421	#
869	648.313	54	148	149	150	164	165	166	181	421	#
870	583.169	77	78	136	148	149	150	151	152	421	#
871	520.446	150	151	165	166	167	183	184	200	421	#
872	494.177	166	181	182	185	186	187	198	202	421	#
873	468.368	148	149	163	164	165	179	180	196	421	#
874	54.1816	72	#
875	824.027	166	167	168	184	199	200	201	215	216	217	231	232	233	422	#
876	1102.28	41	185	201	203	213	214	215	216	217	218	229	231	232	422	#
877	1070.76	10	185	200	201	203	204	215	216	217	218	229	230	231	422	#
878	967.42	65	203	204	215	216	217	218	223	229	230	231	232	234	422	#
879	905.007	151	163	166	167	168	169	184	185	200	201	202	217	218	422	#
880	903.226	203	204	214	215	216	217	218	219	220	233	234	249	250	422	#
881	286.481	73	74	75	88	147	423	#
882	382.843	58	72	73	74	88	423	#
883	371.443	60	75	76	91	92	423	#
884	293.007	72	73	87	88	89	423	#
885	285.335	52	53	69	73	89	423	#
886	242.584	129	130	131	132	147	423	#
887	148.181	178	179	424	#
888	179.51	178	194	424	#
889	506.775	92	93	94	95	108	109	110	125	126	425	#
890	749.087	75	76	92	107	108	178	179	187	203	425	#
891	659.463	92	93	109	110	172	188	189	204	205	425	#
892	644.776	61	76	92	93	94	95	106	107	108	425	#
893	581.009	75	76	77	91	92	93	108	109	125	425	#
894	472.833	93	109	110	124	125	126	141	142	143	425	#
895	274.186	68	80	224	240	426	#
896	295.531	224	225	240	241	426	#
897	272.992	68	69	84	100	426	#
898	214.902	64	80	81	97	426	#
899	250.773	246	247	248	427	#
900	263.913	245	246	247	427	#
901	227.652	247	248	249	427	#
902	197.02	18	19	428	#
903	206.484	19	20	428	#
904	150.032	17	18	428	#
905	892.463	178	192	193	194	195	208	209	210	211	226	227	240	241	242	243	429	#
906	1019.48	130	146	162	177	178	179	192	193	194	195	199	209	210	211	226	429	#
907	1008.29	181	193	194	195	196	197	210	211	212	213	214	226	227	228	243	429	#
908	945.752	162	178	179	193	194	195	196	209	210	211	212	213	227	228	229	429	#
909	932.759	162	178	192	193	194	195	209	210	211	212	226	227	228	242	243	429	#
910	926.106	176	192	193	194	195	209	210	211	212	213	214	226	227	228	229	429	#
911	650.775	35	36	37	49	50	53	54	55	69	70	71	86	87	430	#
912	892.011	55	56	57	70	71	72	73	86	87	88	102	103	104	430	#
913	866.722	57	71	73	74	75	86	87	88	89	90	102	103	105	430	#
914	847.854	70	71	86	87	101	102	103	116	117	118	132	133	148	430	#
915	815.134	35	36	37	38	53	54	55	70	71	72	73	86	89	430	#
916	737.568	52	67	68	69	70	71	72	84	85	86	108	123	124	430	#
917	792.284	6	7	129	130	145	146	160	161	162	176	192	193	209	431	#
918	873.421	145	146	147	160	161	162	163	164	176	178	179	192	208	431	#
919	852.504	130	145	146	147	149	160	161	162	163	164	165	178	179	431	#
920	829.079	114	129	130	145	146	160	161	162	163	164	176	178	179	431	#
921	813.128	4	5	6	13	20	21	22	29	30	208	209	210	225	431	#
922	809.022	68	128	129	145	146	160	161	162	176	178	179	192	208	431	#
923	30.3674	194	210	#
924	516.546	163	179	180	181	196	198	199	214	432	#
925	604.793	149	150	165	179	180	181	198	199	432	#
926	529.03	149	163	165	179	180	181	182	196	432	#
927	528.021	168	182	183	184	198	199	200	214	432	#
928	465.754	180	181	196	197	211	212	213	214	432	#
929	456.649	150	166	182	197	198	199	213	214	432	#
930	209.86	186	187	433	#
931	222.571	187	203	433	#
932	186.175	221	236	237	253	434	#
933	266.002	150	221	238	254	434	#
934	255.902	221	237	238	254	434	#
935	232.537	220	221	236	237	434	#
936	151.691	69	85	237	253	434	#
937	1187.74	176	177	192	193	208	209	210	213	214	215	216	224	225	226	240	241	435	#
938	1209.38	138	139	140	141	154	155	156	224	226	227	228	240	241	242	243	244	435	#
939	1205.51	160	168	169	176	177	178	184	185	192	193	194	201	208	209	216	217	435	#
940	1188.02	0	1	16	17	18	33	49	50	144	160	176	177	178	192	193	194	435	#
941	1165.89	192	193	194	208	209	210	224	225	226	227	228	240	241	242	243	244	435	#
942	1155.34	176	177	178	192	193	194	208	209	210	211	226	227	240	241	242	243	435	#
943	601.787	33	49	50	65	66	67	82	213	436	#
944	642.568	0	1	16	17	18	19	32	33	436	#
945	564.413	0	16	32	33	49	50	65	66	436	#
946	550.596	32	33	34	35	49	50	66	67	436	#
947	509.983	196	197	198	199	212	213	214	229	436	#
948	482.92	17	33	49	50	65	66	67	82	436	#
949	370.152	109	110	111	124	125	126	140	437	#
950	549.757	107	124	125	138	139	140	141	437	#
951	443.328	107	108	109	110	124	125	126	437	#
952	439.726	91	92	107	108	109	124	125	437	#
953	418.23	109	110	124	125	126	127	141	437	#
954	339.903	107	108	109	122	124	235	251	437	#
955	776.678	190	205	206	207	219	220	221	222	223	235	236	237	238	251	252	438	#
956	1077.14	169	170	184	185	186	187	201	202	203	217	219	220	221	235	236	438	#
957	1046.44	32	33	49	64	65	66	67	80	81	82	98	205	206	220	221	438	#
958	990.086	188	189	201	202	203	204	205	206	207	217	218	220	221	222	223	438	#
959	980.009	186	202	203	204	219	220	221	222	223	235	236	249	250	251	252	438	#
960	960.06	122	165	181	188	196	204	205	206	207	212	219	220	221	235	236	438	#
961	810.507	154	155	168	169	170	183	184	185	201	202	217	218	439	#
962	959.044	154	155	170	171	185	186	201	213	214	215	217	218	439	#
963	850.293	1	2	18	34	35	153	154	155	168	169	170	171	439	#
964	813.869	44	60	61	62	76	186	201	202	217	218	234	250	439	#
965	749.667	114	153	154	169	184	185	200	201	202	217	218	234	439	#
966	740.789	136	137	152	153	154	155	169	170	184	185	186	201	439	#
967	208.112	162	163	179	180	440	#
968	142.33	168	169	179	184	440	#
969	113.901	51	131	147	163	440	#
970	103.63	35	147	162	163	440	#
971	63.2391	193	#
972	73.6552	212	228	441	#
973	58.5683	212	213	441	#
974	650.175	69	70	85	86	101	102	116	117	132	197	198	199	442	#
975	770.931	165	166	176	177	181	192	193	194	197	208	209	225	442	#
976	763.727	115	116	117	118	131	132	133	134	135	136	149	150	442	#
977	748.363	149	150	164	165	166	179	180	181	182	183	197	198	442	#
978	735.636	67	68	69	70	71	72	83	84	85	86	87	101	442	#
979	695.743	84	100	115	116	117	130	131	132	133	145	146	162	442	#
980	584.68	5	7	21	22	47	141	142	143	157	158	443	#
981	698.945	4	5	6	7	8	9	10	20	21	24	443	#
982	696.874	14	29	30	31	45	46	47	62	63	79	443	#
983	692.985	108	109	124	125	126	127	140	141	142	158	443	#
984	688.379	78	93	109	124	125	126	141	142	157	158	443	#
985	672.541	90	91	92	93	109	110	126	141	142	158	443	#
986	816.53	117	118	119	133	134	135	149	150	166	167	168	183	184	196	197	198	199	200	444	#
987	1221.65	136	137	138	150	151	152	166	167	168	180	181	182	183	184	197	198	199	214	444	#
988	1173.36	180	182	183	195	196	197	198	199	200	210	211	212	213	214	225	226	241	242	444	#
989	1144.38	137	150	151	152	153	166	167	168	184	186	187	201	202	203	216	217	218	219	444	#
990	1139.34	85	86	100	101	116	117	133	149	150	151	152	153	166	167	168	169	170	183	444	#
991	1131.92	70	85	86	87	88	101	102	103	104	111	117	181	184	198	199	200	201	217	444	#
992	87.3181	90	#
993	197.818	74	89	90	445	#
994	265.513	89	90	106	445	#
995	230.211	55	74	90	445	#
996	142.808	88	89	90	445	#
997	673.998	36	37	52	80	81	82	91	96	97	98	99	106	107	112	114	446	#
998	896.516	1	2	3	17	18	19	20	21	33	35	36	38	52	53	54	446	#
999	849.279	16	32	48	64	66	67	80	81	82	96	97	98	99	114	130	446	#
1000	840.854	56	57	59	72	74	75	88	89	90	91	104	106	107	108	157	446	#
1001	838.47	57	64	80	81	82	96	97	112	113	128	129	153	155	171	250	446	#
1002	821.841	99	113	114	115	116	131	171	186	187	203	217	218	219	238	254	446	#
