%% File generated by CATS v.2.1Fri Dec 18 21:50:51 2020

%% The CATS webpage is http://robotics.stanford.edu/CATS

%% PARAMETER SETTINGS:
% Goods: 256; Bids: 1000; Distribution: regions-npv; Runs: 1; Seed: 1608360500
% Regions Distribution Parameters:
% Max Substitutable Bids = 5
% Removing HV Neighbor   = 0.1
% Adding DIAG Neighbor   = 0.2
% Additional Location    = 0.9
% Jump Probability       = 0.05
% Additivity             = 0.2
% Budget Factor          = 1.5
% Resale Factor          = 0.5
% Normal Private Value:
%   Mean                 = 0
%   Standard Deviation   = 30



goods 256
bids 1001
dummy 192

0	247.592	14	15	256	#
1	186.254	14	38	256	#
2	146.673	15	31	256	#
3	318.542	24	38	39	40	257	#
4	441.066	24	40	41	42	257	#
5	352.229	15	31	38	39	257	#
6	225.699	7	8	23	39	257	#
7	296.759	133	149	166	258	#
8	353.515	118	133	134	258	#
9	263.222	90	91	166	258	#
10	153.23	133	149	171	258	#
11	199.989	187	203	259	#
12	169.145	202	203	259	#
13	1354.72	67	68	81	82	83	84	96	97	98	99	100	112	113	114	115	116	117	118	260	#
14	1498.04	19	35	36	50	51	52	65	66	67	68	81	82	83	98	114	115	171	172	260	#
15	1427.59	19	20	21	22	33	34	35	36	52	67	68	69	83	84	85	86	101	102	260	#
16	1348.14	13	50	51	64	65	66	67	68	81	82	83	84	97	98	99	100	114	115	260	#
17	1329.49	33	35	49	50	51	52	64	65	66	67	78	80	81	83	93	94	95	99	260	#
18	1316.98	51	66	67	68	82	83	96	97	98	114	115	131	140	155	170	171	172	186	260	#
19	506.38	0	1	2	3	4	5	6	7	8	16	17	33	34	35	261	#
20	734.741	7	8	112	128	144	160	161	171	176	177	178	192	193	208	261	#
21	685.909	2	3	4	17	20	32	33	34	48	49	50	64	65	66	261	#
22	643.631	5	6	7	8	9	10	20	21	22	23	24	25	37	38	261	#
23	598.888	3	4	5	6	20	21	22	207	222	223	237	238	239	255	261	#
24	513.504	0	1	2	3	8	16	17	18	19	32	33	35	48	49	261	#
25	122.911	123	139	262	#
26	176.241	107	123	262	#
27	96.256	139	155	262	#
28	615.102	183	199	200	214	215	230	246	263	#
29	665.017	214	215	216	230	231	245	246	263	#
30	538.14	198	199	214	229	230	231	246	263	#
31	494.054	198	199	213	214	215	216	230	263	#
32	485.504	137	153	215	216	231	232	248	263	#
33	474.007	182	183	198	199	200	215	231	263	#
34	506.184	130	131	145	146	147	161	162	163	164	180	264	#
35	750.413	93	109	110	113	129	130	145	146	160	161	264	#
36	697.722	13	14	15	28	29	30	31	45	145	161	264	#
37	694.262	45	61	167	180	181	182	183	196	212	213	264	#
38	690.072	114	115	129	130	131	145	146	147	160	161	264	#
39	684.455	112	113	129	131	144	145	146	147	207	223	264	#
40	2138.67	1	2	3	4	5	6	18	19	20	21	34	35	36	37	50	51	52	53	68	69	70	84	85	86	87	99	100	101	102	265	#
41	2618.99	34	35	36	37	38	39	51	52	53	65	67	68	69	70	71	83	84	85	86	87	88	100	101	102	103	104	105	116	117	265	#
42	2476.81	48	49	50	52	53	64	65	66	67	68	69	70	80	81	82	83	84	85	86	87	98	99	100	101	102	115	116	117	118	265	#
43	2432.59	2	18	19	21	22	34	35	36	37	38	49	50	51	52	53	54	65	66	67	68	69	70	82	83	99	100	115	131	236	265	#
44	2380.97	38	51	52	53	54	67	68	69	70	83	84	85	86	87	88	98	99	100	101	102	103	114	115	116	117	118	119	134	135	265	#
45	2372.04	2	18	19	34	35	36	37	48	49	50	51	52	64	65	66	67	68	80	81	82	83	84	85	98	125	141	158	159	168	265	#
46	869.953	34	35	36	37	51	52	53	67	68	83	266	#
47	1092.28	35	36	37	38	52	53	68	69	84	85	266	#
48	1009.96	36	38	52	53	54	67	68	69	84	85	266	#
49	954.33	35	38	39	51	52	53	54	55	68	71	266	#
50	855.18	3	19	20	35	51	67	68	69	84	85	266	#
51	782.759	36	39	50	51	52	53	54	55	71	72	266	#
52	820.647	1	16	17	32	222	223	238	239	254	267	#
53	775.049	0	1	2	16	17	18	32	33	40	267	#
54	750.192	1	2	3	4	16	17	32	48	64	267	#
55	742.096	0	1	2	16	17	18	32	33	34	267	#
56	708.914	190	191	206	222	223	238	239	254	255	267	#
57	680.248	190	191	207	222	223	238	239	254	255	267	#
58	1711.53	76	77	91	92	166	179	180	181	182	195	196	197	199	200	212	213	214	215	216	229	232	268	#
59	1866.7	6	7	22	24	38	39	40	53	54	69	70	177	178	180	194	195	196	197	212	213	228	268	#
60	1777.26	146	149	162	165	166	167	181	182	196	197	198	199	203	213	214	215	228	229	230	231	246	268	#
61	1767.08	28	44	45	46	59	60	75	76	92	180	181	196	197	198	212	213	214	215	228	229	230	268	#
62	1717.05	136	137	151	153	167	183	184	197	198	199	200	201	202	215	216	218	232	233	234	235	250	268	#
63	1706.8	100	101	102	103	117	118	119	133	134	135	136	148	149	150	151	166	167	181	182	183	184	268	#
64	130.709	92	93	94	110	269	#
65	99.5081	93	109	124	125	269	#
66	59.5073	35	51	270	#
67	60.5795	51	52	270	#
68	309.648	140	141	142	158	159	175	191	207	271	#
69	392.898	91	107	108	124	125	140	141	156	271	#
70	370.4	158	159	175	190	191	205	206	207	271	#
71	328.211	52	68	140	141	142	157	158	159	271	#
72	287.768	140	141	142	143	158	159	174	175	271	#
73	278.592	79	95	141	158	159	174	175	191	271	#
74	477.763	48	49	50	51	66	188	189	272	#
75	653.686	49	50	51	64	66	67	80	272	#
76	623.39	66	67	80	81	82	83	133	272	#
77	541.501	51	52	53	67	68	195	211	272	#
78	504.6	48	49	64	65	80	151	167	272	#
79	481.007	188	189	204	205	206	220	221	272	#
80	263.461	174	175	191	273	#
81	241.169	173	174	175	273	#
82	175.386	159	174	175	273	#
83	721.687	82	96	97	98	99	100	101	116	274	#
84	697.538	53	101	115	116	117	132	133	134	274	#
85	682.423	100	101	116	117	118	138	139	155	274	#
86	679.804	66	67	68	69	82	83	98	114	274	#
87	639.511	66	67	82	96	97	98	181	182	274	#
88	635.219	67	82	83	99	100	101	102	212	274	#
89	506.963	21	37	53	69	84	85	275	#
90	549.842	68	69	84	85	86	100	275	#
91	447.583	38	52	53	54	55	71	275	#
92	364.158	66	67	68	83	84	85	275	#
93	294.493	6	21	22	51	52	68	275	#
94	164.386	5	6	20	21	37	53	275	#
95	53.6827	42	#
96	700.824	98	99	100	101	102	114	115	117	132	133	148	208	241	276	#
97	932.947	100	101	102	116	117	132	133	148	172	173	187	188	189	276	#
98	905.945	6	7	19	20	21	23	82	83	84	96	97	98	99	276	#
99	875.279	87	100	101	102	103	115	116	117	133	149	166	172	187	276	#
100	801.679	117	132	133	148	149	163	164	165	166	179	180	181	182	276	#
101	742.594	81	82	96	97	98	99	100	101	112	114	115	130	131	276	#
102	286.275	170	171	187	277	#
103	273.454	170	171	186	277	#
104	221.765	155	170	171	277	#
105	160.481	155	171	187	277	#
106	860.508	2	3	4	5	6	18	19	20	21	22	23	24	25	278	#
107	1165.86	0	1	2	3	4	16	19	20	21	22	23	35	51	278	#
108	978.593	1	2	3	17	18	19	34	35	36	37	51	52	53	278	#
109	944.877	2	3	4	5	19	20	21	22	23	38	53	54	70	278	#
110	930.256	6	19	20	21	22	23	24	25	34	35	37	38	197	278	#
111	895.951	2	3	4	5	16	17	19	20	21	22	85	193	194	278	#
112	376.979	211	227	228	229	230	243	244	245	246	279	#
113	470.751	109	214	215	229	230	231	245	246	247	279	#
114	441.536	27	28	44	227	228	241	242	243	244	279	#
115	436.231	227	228	230	231	242	243	244	245	246	279	#
116	433.447	214	228	229	230	231	244	245	246	247	279	#
117	420.112	226	227	228	229	230	231	242	243	246	279	#
118	207.7	104	105	120	121	219	280	#
119	302.449	201	217	218	219	233	280	#
120	202.279	89	90	104	105	120	280	#
121	188.63	104	119	120	135	136	280	#
122	108.637	105	120	121	136	137	280	#
123	2329.8	10	11	12	13	14	15	25	26	27	28	29	30	40	41	42	43	44	45	46	47	57	58	59	60	61	62	68	69	75	76	78	84	100	101	281	#
124	2869.9	6	10	11	12	13	14	15	22	23	24	26	27	28	29	30	38	39	40	41	42	43	44	45	46	54	58	62	78	79	118	159	174	175	191	281	#
125	2804.6	0	1	2	9	10	11	16	26	27	28	32	42	43	44	56	57	58	59	73	74	75	78	79	89	90	91	92	94	95	108	109	110	111	150	281	#
126	2718.17	13	14	15	28	29	30	44	45	46	47	55	56	57	58	61	62	63	72	73	74	78	79	90	94	95	108	109	110	111	125	126	127	142	143	281	#
127	2653.94	9	10	11	12	13	26	27	28	29	42	43	44	45	46	47	57	58	59	60	61	62	63	72	73	74	75	78	79	90	91	95	205	206	222	281	#
128	2648.68	9	10	11	12	13	26	27	28	29	34	42	43	44	45	46	48	49	50	57	58	59	60	61	62	63	64	65	66	73	74	75	76	90	91	281	#
129	304.014	117	118	211	226	227	282	#
130	236.158	118	119	134	135	151	282	#
131	217.381	194	210	225	226	227	282	#
132	118.706	196	211	212	227	228	282	#
133	70.4046	241	242	#
134	142.232	208	209	283	#
135	182.191	193	209	283	#
136	141.913	193	208	283	#
137	1241.87	7	20	21	22	23	35	36	38	39	49	50	51	52	53	54	67	68	69	70	71	72	83	84	85	284	#
138	1796.88	0	16	32	33	34	35	36	38	39	48	49	50	51	52	53	64	65	66	67	68	69	81	109	125	284	#
139	1700.91	0	1	2	16	17	18	32	33	34	35	36	48	49	50	51	52	53	64	65	66	67	68	80	81	284	#
140	1657.16	3	4	19	32	35	36	38	39	40	41	48	49	50	51	52	53	54	65	67	68	69	70	84	85	284	#
141	1646.78	5	10	21	22	23	24	25	26	36	37	38	39	40	41	42	43	52	53	57	58	68	69	70	84	284	#
142	1599.92	0	1	2	3	4	10	11	16	17	19	26	33	34	35	36	37	50	51	52	65	66	67	183	200	284	#
143	426.489	5	6	7	8	21	22	285	#
144	638.447	7	22	23	38	39	85	285	#
145	557.45	22	38	53	54	55	71	285	#
146	469.945	4	5	21	22	37	53	285	#
147	461.128	5	6	21	22	23	24	285	#
148	370.087	7	8	9	10	26	42	285	#
149	1193.91	99	115	128	129	130	131	144	145	146	147	162	163	177	178	179	194	195	211	286	#
150	1554.93	96	97	112	113	128	129	130	144	145	146	147	161	162	177	236	252	253	254	286	#
151	1407.42	50	51	66	67	82	83	96	97	98	99	112	114	115	116	130	131	146	147	286	#
152	1332.93	146	161	162	177	178	179	190	191	193	194	195	207	209	210	223	238	239	255	286	#
153	1330.27	67	80	81	82	83	84	98	99	113	114	115	128	129	130	131	144	145	146	286	#
154	1307.26	32	33	49	50	66	67	81	82	83	96	97	98	99	100	114	115	116	132	286	#
155	884.565	219	220	221	222	223	237	238	239	252	253	254	255	287	#
156	1047.41	204	205	220	221	222	236	237	238	252	253	254	255	287	#
157	1032.73	220	221	222	237	238	239	250	251	252	253	254	255	287	#
158	996.959	66	205	220	221	222	235	236	249	250	251	252	253	287	#
159	984.186	189	203	204	205	218	219	220	221	222	223	238	239	287	#
160	928.871	204	205	206	221	222	223	237	238	239	253	254	255	287	#
161	361.854	53	54	222	238	254	255	288	#
162	326.922	236	237	252	253	254	255	288	#
163	306.695	53	54	55	70	71	87	288	#
164	292.454	189	205	206	222	238	255	288	#
165	257.802	237	238	239	253	254	255	288	#
166	233.719	221	237	238	253	254	255	288	#
167	1211.69	100	102	115	116	117	118	119	132	133	134	135	149	150	165	181	289	#
168	1214.44	38	120	149	150	164	165	179	180	181	182	183	184	197	200	216	289	#
169	1200.89	133	134	135	148	149	150	151	164	165	166	180	182	214	215	232	289	#
170	1192.59	116	117	132	133	134	135	142	147	148	149	150	151	158	164	180	289	#
171	1170.81	56	57	72	73	88	89	116	118	119	132	133	134	135	148	150	289	#
172	1118.88	67	83	84	96	97	98	99	100	114	115	116	117	130	131	133	289	#
173	120.431	82	98	290	#
174	69.7374	82	83	290	#
175	2085.36	35	51	164	165	167	168	180	181	182	183	190	198	199	202	203	204	205	206	215	220	221	222	223	232	234	236	237	238	239	254	255	291	#
176	2869.49	8	86	97	98	100	101	102	116	117	188	189	190	191	202	203	204	205	206	207	221	222	223	235	236	237	238	239	251	252	253	254	291	#
177	2608.2	96	97	185	190	201	202	203	204	206	207	218	219	220	221	222	223	232	233	234	235	236	237	238	239	249	250	251	252	253	254	255	291	#
178	2469.99	45	61	172	187	188	189	190	191	201	202	203	204	205	206	207	210	219	220	221	222	223	234	235	236	237	238	239	252	253	254	255	291	#
179	2422.52	146	147	159	162	173	174	175	178	179	187	188	189	190	191	203	204	205	206	207	220	221	222	223	236	237	238	239	252	253	254	255	291	#
180	2363.83	172	173	174	175	187	188	189	190	191	203	204	205	206	207	217	218	219	220	221	222	223	228	235	236	237	238	239	244	245	254	255	291	#
181	234.302	30	236	292	#
182	238.531	220	236	292	#
183	166.161	30	138	292	#
184	338.366	169	170	184	185	200	293	#
185	425.571	169	170	171	185	186	293	#
186	411.479	169	170	184	185	186	293	#
187	225.669	168	183	184	185	200	293	#
188	224.85	110	111	#
189	732.259	105	120	135	136	150	151	152	168	184	185	200	201	294	#
190	1009.22	151	167	168	169	183	184	186	198	199	200	201	216	294	#
191	961.404	153	169	170	185	201	202	215	217	218	232	233	234	294	#
192	908.039	88	104	105	119	120	121	130	131	136	146	153	162	294	#
193	904.274	183	185	198	199	200	201	214	215	216	217	232	248	294	#
194	902.403	105	120	136	137	152	153	168	169	183	184	185	186	294	#
195	497.087	167	168	182	198	199	214	295	#
196	519.551	197	198	199	200	214	215	295	#
197	464.567	165	166	182	198	214	230	295	#
198	387.163	199	200	215	216	231	232	295	#
199	322.205	166	167	168	181	182	184	295	#
200	30.6568	135	136	150	151	152	168	295	#
201	103.303	202	217	218	296	#
202	100.996	217	232	233	296	#
203	526.562	89	105	106	120	121	122	297	#
204	667.711	104	120	135	136	137	153	297	#
205	556.873	90	106	107	121	122	123	297	#
206	482.306	88	89	104	105	120	121	297	#
207	466.421	89	90	105	120	121	122	297	#
208	428.595	86	102	106	117	121	122	297	#
209	1861.52	9	10	11	26	27	28	41	42	43	44	45	57	58	59	60	61	62	73	76	106	107	115	122	123	124	125	126	138	140	141	142	155	156	298	#
210	2416.27	108	109	110	111	124	125	126	127	136	137	140	141	142	143	144	152	153	154	155	156	157	158	159	160	170	173	174	181	182	189	197	198	214	298	#
211	2303.76	10	11	12	26	27	42	43	44	58	136	137	152	153	154	168	169	170	171	172	173	183	184	185	186	187	201	215	216	217	225	232	233	241	298	#
212	2262.91	91	93	94	107	108	109	110	111	122	123	124	125	126	127	137	139	140	141	142	143	152	153	154	155	156	157	158	159	171	174	175	253	254	298	#
213	2229.03	47	62	63	73	74	78	79	89	90	94	95	106	107	108	109	110	111	121	122	123	124	125	126	127	140	141	142	143	156	157	158	172	173	298	#
214	2222.26	88	90	91	104	105	106	107	108	109	118	119	120	121	122	123	124	125	134	135	136	138	139	140	150	151	152	153	155	168	171	172	173	207	298	#
215	191.478	153	#
216	2939.86	9	10	11	12	23	24	25	26	27	28	30	38	39	40	41	45	46	55	62	78	107	123	135	136	137	147	148	149	151	152	153	162	163	164	165	166	167	168	174	176	178	179	180	181	182	183	196	197	198	199	200	211	212	214	216	299	#
217	4167.91	4	5	6	7	20	21	22	36	37	38	39	42	43	52	53	54	55	56	57	58	59	66	67	68	69	70	71	72	73	74	75	81	82	83	84	85	86	87	88	90	91	96	100	101	102	103	104	105	112	116	117	119	120	121	136	299	#
218	4154.67	4	5	6	7	10	11	20	21	22	23	24	25	26	35	36	37	38	39	40	41	42	52	53	55	56	57	58	69	70	71	72	73	74	85	86	87	88	90	96	101	102	103	104	105	106	107	108	117	119	120	121	122	124	136	137	299	#
219	3993.27	3	4	5	6	7	8	9	19	20	21	22	23	24	25	35	36	37	38	39	40	51	53	54	55	56	65	66	67	68	69	71	72	73	74	82	83	84	86	87	88	90	91	96	97	98	99	100	102	103	104	114	130	145	146	147	299	#
220	3820.77	4	5	6	7	20	21	22	23	24	25	32	33	35	36	37	38	39	40	41	48	49	50	51	52	53	54	55	56	64	65	66	67	68	69	70	71	80	81	82	84	85	86	87	99	100	101	102	116	157	171	172	173	187	188	189	299	#
221	3804.7	6	7	8	23	72	73	86	87	88	89	90	100	101	102	103	104	105	116	117	118	119	120	121	132	133	134	135	136	137	144	145	146	147	148	149	150	151	152	153	164	165	166	168	169	170	172	184	185	186	187	190	200	201	248	249	299	#
222	263.405	8	30	31	300	#
223	282.287	29	30	46	300	#
224	246.711	14	30	31	300	#
225	164.968	8	9	10	300	#
226	1504.19	64	96	112	113	128	129	131	133	144	145	146	147	148	149	160	161	162	163	164	165	166	301	#
227	1906.35	96	97	112	113	114	128	129	130	144	145	146	147	160	161	162	176	177	192	193	208	209	301	#
228	1904.12	112	128	129	144	145	146	147	160	161	162	163	176	177	178	179	192	193	194	195	196	209	301	#
229	1903.9	96	112	113	128	129	144	145	146	160	161	162	176	177	178	192	193	194	195	210	211	227	301	#
230	1858.42	77	78	93	96	97	112	113	128	129	144	145	146	147	161	177	205	206	221	222	223	237	301	#
231	1788.14	32	112	113	128	129	130	131	144	145	146	147	160	161	162	163	176	177	178	179	194	195	301	#
232	615.565	108	109	111	125	126	127	142	302	#
233	637.31	108	109	124	125	126	140	156	302	#
234	586.315	106	107	108	109	124	125	126	302	#
235	549.857	111	124	125	126	127	142	158	302	#
236	527.404	111	124	125	126	127	141	143	302	#
237	483.63	92	93	108	109	124	125	166	302	#
238	552.335	214	227	228	229	230	243	244	245	303	#
239	761.141	199	214	215	230	231	245	246	247	303	#
240	680.656	197	198	199	213	214	215	216	230	303	#
241	487.486	181	196	197	213	214	228	229	243	303	#
242	476.741	196	197	212	227	228	229	243	244	303	#
243	393.936	209	210	211	226	227	228	229	242	303	#
244	256.588	1	2	17	33	304	#
245	376.043	17	32	33	34	304	#
246	304.82	16	17	32	33	304	#
247	215.241	0	1	2	3	304	#
248	208.043	1	2	17	18	304	#
249	514.336	89	202	203	204	219	220	221	235	305	#
250	708.475	134	135	150	233	235	249	250	251	305	#
251	597.806	189	203	204	205	219	220	235	236	305	#
252	538.123	172	173	188	202	203	204	205	220	305	#
253	511.102	188	189	202	203	204	205	220	221	305	#
254	500.889	88	89	105	119	120	121	122	135	305	#
255	315.177	4	17	18	19	20	21	167	306	#
256	469.83	6	21	22	23	36	37	38	306	#
257	460.76	0	2	3	16	17	18	19	306	#
258	415.33	2	3	16	17	18	19	20	306	#
259	357.009	3	4	18	19	20	35	36	306	#
260	304.425	140	141	158	166	167	181	182	306	#
261	627.487	141	158	159	175	191	205	206	207	221	222	223	237	238	239	251	252	253	254	255	307	#
262	892.58	159	174	175	190	191	206	207	219	220	221	222	223	236	237	238	239	253	254	255	307	#
263	892.565	80	203	205	206	207	219	220	221	222	223	234	235	236	237	238	252	253	254	255	307	#
264	823.584	137	153	154	169	186	190	202	203	205	206	220	221	222	236	237	238	239	254	255	307	#
265	751.233	173	189	190	191	203	205	206	207	220	221	222	223	236	237	238	239	253	254	255	307	#
266	699.487	120	136	151	190	191	203	205	206	207	220	221	222	223	237	238	239	253	254	255	307	#
267	124.25	133	#
268	448.825	159	172	173	174	175	191	308	#
269	459.074	155	171	172	173	188	189	308	#
270	426.313	157	159	172	173	174	175	308	#
271	322.235	93	109	110	175	190	191	308	#
272	287.44	155	171	172	187	218	219	308	#
273	263.581	158	159	173	174	175	189	308	#
274	309.072	149	163	164	165	309	#
275	370.373	133	149	165	181	309	#
276	311.375	163	164	179	180	309	#
277	209.506	146	147	163	164	309	#
278	385.974	68	69	85	86	87	310	#
279	497.687	42	58	74	84	85	310	#
280	438.981	86	87	102	103	119	310	#
281	389.557	53	69	71	86	87	310	#
282	342.194	68	83	84	85	100	310	#
283	266.217	69	70	86	87	88	310	#
284	35.7286	228	243	#
285	117.873	176	192	193	208	325	#
286	1083.69	41	54	55	56	57	69	70	71	72	73	80	81	82	86	87	312	#
287	1253.48	27	41	42	43	56	57	58	59	60	72	73	74	75	237	254	312	#
288	1123.84	26	42	56	57	58	59	71	72	73	74	75	76	88	89	90	312	#
289	1084.81	55	71	72	73	74	75	88	89	90	91	92	105	108	109	125	312	#
290	1040.18	54	55	56	57	58	70	71	72	74	75	87	88	89	90	91	312	#
291	949.797	53	54	55	56	69	70	71	72	73	74	85	87	88	230	246	312	#
292	149.142	233	249	313	#
293	205.626	233	250	313	#
294	182.941	249	250	313	#
295	2290.37	88	89	90	91	103	104	105	106	118	119	120	121	122	123	135	136	137	138	139	148	149	150	151	152	153	154	155	167	168	169	170	171	176	182	183	184	185	186	189	192	193	198	200	201	202	205	208	209	214	215	216	224	314	#
296	3416.95	74	75	96	97	98	104	112	114	115	120	121	135	136	138	139	151	152	153	154	155	166	167	168	169	170	172	182	184	185	186	187	188	197	198	199	200	201	202	203	204	215	216	217	218	219	231	232	233	234	235	248	251	314	#
297	3416.32	41	56	57	104	105	106	119	120	121	122	123	124	126	127	136	137	138	139	140	151	152	153	154	155	156	157	161	162	166	167	168	169	170	171	172	173	177	178	182	183	184	185	186	187	188	189	199	200	201	203	218	219	314	#
298	3398.67	10	21	25	26	27	37	41	42	43	86	87	88	89	102	104	105	118	119	120	121	122	123	135	136	152	153	160	176	177	183	192	193	199	200	201	213	214	215	216	217	222	223	229	230	231	232	233	238	239	246	247	248	314	#
299	3355.55	33	34	35	48	49	50	64	65	66	80	81	89	130	144	145	146	147	149	160	161	162	163	164	165	166	167	176	177	178	179	180	181	182	183	192	193	194	195	196	197	198	200	208	209	210	211	212	214	215	225	226	228	314	#
300	3344.67	118	119	122	123	133	134	135	136	139	140	148	149	152	154	155	156	165	166	167	168	169	170	171	181	182	183	184	185	186	187	198	199	200	201	202	203	204	205	214	215	216	217	218	219	231	232	233	234	246	247	248	250	314	#
301	521.237	182	183	184	198	199	237	254	315	#
302	448.071	206	222	237	238	239	254	255	315	#
303	428.445	167	183	184	198	199	200	215	315	#
304	382.709	183	184	198	199	200	215	216	315	#
305	335.27	149	150	166	180	181	182	198	315	#
306	322.59	167	168	169	170	184	186	200	315	#
307	290.174	54	55	56	71	316	#
308	415.472	38	53	54	55	316	#
309	371.5	54	55	56	72	316	#
310	293.078	53	54	69	70	316	#
311	232.242	55	71	72	73	316	#
312	289.593	15	30	31	46	317	#
313	352.576	13	14	30	46	317	#
314	258.177	31	49	50	64	317	#
315	212.859	15	29	30	31	317	#
316	196.626	13	14	15	29	317	#
317	1530.01	4	5	6	7	21	22	23	38	39	54	55	56	57	70	71	72	73	74	85	86	88	89	318	#
318	1930.73	25	27	41	42	43	58	73	74	75	88	89	90	91	106	121	122	172	173	174	220	236	246	318	#
319	1716.88	5	6	7	20	21	22	23	24	25	38	39	40	55	71	72	87	101	102	103	117	118	236	318	#
320	1682.08	6	7	23	24	25	37	38	39	40	53	54	55	69	70	71	72	85	86	101	102	103	117	318	#
321	1653.98	6	22	23	24	25	38	39	40	41	54	55	70	71	72	73	74	210	226	227	228	244	245	318	#
322	1574.26	3	4	5	6	19	20	21	22	23	34	35	38	39	54	55	125	140	141	155	156	157	171	318	#
323	740.313	73	74	89	90	105	171	172	187	202	203	220	319	#
324	881.194	56	57	58	70	72	73	74	86	238	239	255	319	#
325	799.236	153	169	184	185	186	187	201	202	203	218	220	319	#
326	756.008	185	201	202	214	215	216	217	218	231	232	233	319	#
327	753.092	56	86	87	104	155	171	172	173	187	188	189	319	#
328	737.103	171	172	185	186	187	201	202	203	204	220	221	319	#
329	773.028	106	122	123	136	137	138	139	152	154	155	156	170	171	320	#
330	1088.91	138	154	155	156	169	170	171	172	185	187	203	204	220	320	#
331	884.793	102	103	119	120	135	136	150	151	152	153	154	169	170	320	#
332	840.368	106	136	137	138	139	153	154	155	169	170	171	186	187	320	#
333	825.747	107	123	137	138	139	154	155	156	169	170	171	186	187	320	#
334	812.52	104	106	118	119	120	121	122	135	136	137	151	152	170	320	#
335	419.674	106	148	164	165	321	#
336	418.732	149	164	165	181	321	#
337	396.18	74	90	106	107	321	#
338	390.317	133	148	149	150	321	#
339	205.471	164	179	180	196	321	#
340	44.2708	66	#
341	18.3238	76	#
342	640.145	38	39	53	54	55	56	57	69	70	71	72	86	217	322	#
343	812.19	5	21	22	38	52	53	54	68	69	70	84	85	86	322	#
344	723.527	38	39	51	53	54	67	68	69	70	82	83	84	85	322	#
345	696.418	52	68	69	70	85	86	87	102	219	220	236	252	253	322	#
346	673.493	6	22	38	39	53	54	55	56	69	70	71	72	87	322	#
347	663.296	6	22	37	38	39	53	54	69	70	71	86	87	225	322	#
348	47.4514	175	#
349	72.0225	148	149	164	#
350	0.53415	192	#
351	226.364	139	155	171	323	#
352	256.375	123	138	139	323	#
353	206.928	131	170	171	323	#
354	161.082	154	155	156	323	#
355	257.232	2	3	324	#
356	222.361	3	19	324	#
357	200.642	176	177	192	193	325	#
358	267.38	177	193	209	210	325	#
359	244.675	176	177	178	192	325	#
360	1114.33	117	131	132	133	146	147	148	149	150	151	163	164	165	166	178	179	180	181	182	183	195	196	197	198	199	211	212	213	326	#
361	1628.35	100	101	114	115	116	117	129	130	131	132	133	134	144	145	146	148	149	150	160	161	169	173	176	184	185	186	192	208	326	#
362	1550.68	5	6	83	84	98	99	114	115	129	130	131	133	135	145	146	147	148	149	150	151	162	163	164	166	181	182	198	215	326	#
363	1530.68	113	129	146	147	148	149	151	163	164	165	166	167	169	181	182	183	184	185	197	198	199	200	204	213	214	215	231	243	326	#
364	1466.76	36	60	76	77	92	117	118	133	134	135	136	148	149	150	151	152	164	165	166	167	168	180	181	182	183	184	200	216	326	#
365	1437.62	36	51	52	53	68	69	89	103	105	116	119	120	121	132	133	134	135	136	148	149	150	151	152	153	165	166	167	168	326	#
366	297.29	96	97	98	99	112	113	128	129	327	#
367	399.158	16	96	97	112	113	128	129	144	327	#
368	372.272	20	82	96	97	98	112	128	129	327	#
369	306.235	96	112	113	128	129	144	145	146	327	#
370	760.197	8	9	46	62	78	79	92	93	94	95	108	328	#
371	923.217	6	7	8	21	22	23	37	38	76	92	93	328	#
372	844.322	10	11	27	28	43	44	45	46	47	60	61	328	#
373	764.165	45	46	47	61	62	63	77	78	93	94	95	328	#
374	712.513	61	62	63	77	78	79	91	92	93	94	95	328	#
375	696.943	8	9	78	172	173	188	189	205	206	221	237	328	#
376	1340.82	45	61	73	75	77	89	90	91	93	107	108	109	123	125	136	137	138	139	329	#
377	1458.62	28	31	44	45	46	47	59	60	61	62	63	75	76	77	91	92	93	108	329	#
378	1438.15	58	59	74	75	88	89	90	91	92	94	95	108	109	110	111	124	125	140	329	#
379	1388.7	43	44	59	60	74	75	89	90	91	98	108	109	114	129	130	131	146	147	329	#
380	1349.3	61	62	76	77	91	92	93	94	95	108	109	110	111	124	125	126	127	143	329	#
381	1312.1	59	74	75	76	77	90	91	106	107	123	138	139	215	216	217	218	232	233	329	#
382	310.385	90	106	107	122	123	330	#
383	360.654	107	108	113	123	139	330	#
384	328.284	91	106	107	122	123	330	#
385	262.195	106	107	122	123	138	330	#
386	262.016	106	120	121	122	123	330	#
387	238.551	89	90	106	107	123	330	#
388	513.223	69	70	84	85	86	87	331	#
389	505.9	53	54	69	71	85	86	331	#
390	437.934	67	68	69	83	84	85	331	#
391	428.439	69	70	85	86	87	139	331	#
392	348.832	68	69	70	85	86	181	331	#
393	317.724	55	71	72	86	87	88	331	#
394	49.6053	49	#
395	998.122	1	2	3	4	16	17	18	19	20	21	35	51	52	68	332	#
396	1330.24	35	50	51	52	53	54	55	67	68	69	71	82	83	86	332	#
397	1219.79	2	3	4	17	18	19	34	35	36	50	51	52	67	138	332	#
398	1217.92	2	3	4	17	18	19	20	33	34	35	50	51	65	67	332	#
399	1146.5	33	34	49	50	51	52	64	65	66	67	68	83	84	100	332	#
400	1136.75	3	4	5	6	7	19	20	34	35	51	67	68	83	200	332	#
401	870.933	96	97	98	112	160	176	177	178	179	192	193	208	209	224	333	#
402	1046.92	177	178	192	193	194	208	209	210	211	224	225	226	240	241	333	#
403	977.394	1	161	164	176	177	178	179	180	192	193	208	209	210	224	333	#
404	897.222	146	147	160	162	176	177	178	179	192	193	194	208	209	224	333	#
405	892.533	176	177	181	192	193	195	196	208	209	210	211	224	227	240	333	#
406	843.29	146	147	149	163	164	165	178	179	180	181	194	196	209	210	333	#
407	606.934	68	69	70	84	85	86	87	100	102	103	334	#
408	777.851	54	67	68	69	70	71	85	86	87	103	334	#
409	774.639	14	30	57	68	69	70	83	84	86	100	334	#
410	768.732	53	66	67	68	69	70	82	84	85	100	334	#
411	722.165	23	38	39	54	69	70	84	85	86	230	334	#
412	571.853	38	53	54	69	70	84	85	86	100	102	334	#
413	90.7086	254	255	#
414	2503.16	0	1	2	6	16	17	22	23	24	25	26	32	33	34	35	39	41	48	49	50	64	65	66	67	80	81	82	83	97	98	99	101	104	108	109	110	224	225	335	#
415	2987.15	10	11	17	24	25	26	27	33	34	35	36	40	41	42	43	48	49	50	56	57	58	59	64	65	66	67	73	75	80	82	83	91	107	108	109	111	231	247	335	#
416	2888.97	16	20	21	32	33	34	35	36	37	48	49	50	51	52	53	64	65	66	67	68	69	80	81	82	83	84	85	86	98	99	100	101	115	116	154	169	170	255	335	#
417	2839.66	6	7	8	9	20	21	22	23	24	25	26	35	36	37	38	39	40	41	42	48	49	50	51	52	53	54	57	58	64	65	66	67	68	69	70	71	72	74	335	#
418	2775.88	37	53	65	66	67	68	69	82	83	84	85	96	99	100	106	112	114	115	122	123	139	144	155	160	161	162	176	177	178	192	193	194	195	208	209	210	211	224	335	#
419	2733.66	21	22	32	33	34	35	37	38	39	48	49	50	51	52	53	54	59	64	65	66	67	68	69	74	75	81	82	83	84	90	91	92	98	99	100	108	114	115	335	#
420	12.0621	39	#
421	144.514	220	#
422	442.717	53	69	70	85	86	100	101	102	103	117	118	119	120	336	#
423	596.835	16	32	33	48	49	64	65	67	68	69	86	87	102	336	#
424	578.344	84	100	101	102	116	117	118	132	133	148	149	165	166	336	#
425	556.081	101	102	116	117	118	132	133	134	148	149	173	174	189	336	#
426	524.622	87	100	101	102	103	117	118	119	132	133	134	135	150	336	#
427	497.159	38	39	53	54	55	56	71	87	88	101	102	103	232	336	#
428	523.285	5	6	7	8	9	23	24	25	26	39	40	138	139	337	#
429	773.749	6	7	8	9	10	22	26	27	38	43	58	59	60	337	#
430	770.96	5	6	7	8	9	20	21	22	23	38	39	55	71	337	#
431	769.102	7	8	9	10	11	12	13	14	23	27	28	29	30	337	#
432	672.637	4	5	6	20	21	22	23	24	27	37	38	39	53	337	#
433	606.142	52	53	68	69	70	85	86	245	338	#
434	797.569	52	53	69	70	84	85	86	100	338	#
435	705.538	51	52	53	68	69	84	85	100	338	#
436	676.588	69	71	85	86	87	88	104	202	338	#
437	646.688	22	38	52	53	54	69	70	86	338	#
438	607.809	53	68	69	70	84	86	87	186	338	#
439	35.6066	174	#
440	134.006	190	#
441	368.468	174	175	190	191	207	339	#
442	443.616	175	190	191	206	207	339	#
443	301.776	159	173	174	175	191	339	#
444	290.25	190	206	207	222	223	339	#
445	1609.19	8	9	10	11	12	13	25	26	27	38	39	40	41	42	43	44	57	58	74	89	90	91	340	#
446	1706.16	41	42	43	58	59	60	61	74	75	76	77	88	89	90	91	92	93	106	107	108	248	249	340	#
447	1680.59	56	57	71	72	73	74	75	87	88	89	90	91	104	107	108	127	143	200	214	215	216	231	340	#
448	1652.9	26	42	43	44	57	58	59	60	61	73	74	75	76	77	78	79	89	90	91	92	93	106	340	#
449	1641.94	3	6	7	8	9	18	19	20	21	22	23	24	37	38	39	40	41	53	54	55	57	73	340	#
450	1573.07	10	23	24	25	26	27	33	39	40	41	42	43	44	55	58	74	89	90	91	92	116	132	340	#
451	32.3849	58	74	#
452	368.322	148	149	150	164	165	166	342	#
453	492.768	149	150	165	166	182	183	342	#
454	389.21	91	132	133	148	149	164	342	#
455	369.037	132	133	148	149	164	166	342	#
456	297.193	149	163	164	165	166	181	342	#
457	241.888	70	135	148	149	150	151	342	#
458	1361.77	69	70	71	86	87	88	101	102	103	116	117	118	119	120	132	134	135	136	137	138	139	148	150	151	155	343	#
459	1799.19	38	39	53	54	55	56	68	69	70	71	72	84	85	86	87	101	102	103	117	119	127	143	167	182	183	343	#
460	1740.17	111	118	119	130	133	134	135	136	137	138	146	147	148	149	150	151	162	163	164	165	166	178	179	192	208	343	#
461	1738.52	54	70	85	86	87	102	103	117	118	119	128	129	133	134	135	136	144	148	149	150	151	160	161	165	166	343	#
462	1670.91	24	37	38	53	54	55	56	68	69	70	71	72	73	85	86	87	88	89	102	103	118	119	134	135	151	343	#
463	1661.81	69	86	102	117	132	133	135	136	137	147	148	149	150	151	152	153	162	163	164	165	166	169	203	204	220	343	#
464	408.988	188	204	205	220	344	#
465	458.326	204	205	220	221	344	#
466	413.491	203	204	219	220	344	#
467	365.281	204	205	219	220	344	#
468	619.485	88	89	90	104	105	106	107	122	345	#
469	744.523	91	106	107	108	122	123	124	140	345	#
470	703.703	73	88	89	90	106	107	122	123	345	#
471	659.215	75	91	106	107	108	122	124	125	345	#
472	634.435	73	89	90	91	104	105	106	122	345	#
473	556.645	73	88	89	105	121	122	123	139	345	#
474	241.462	108	109	110	125	346	#
475	322.936	90	91	107	108	346	#
476	242.109	125	126	127	143	346	#
477	194.708	6	22	94	110	346	#
478	183.395	93	109	110	126	346	#
479	402.572	171	172	173	187	188	347	#
480	517.935	155	156	171	172	173	347	#
481	459.986	155	171	172	173	188	347	#
482	459.732	77	172	173	188	204	347	#
483	337.597	188	189	203	204	220	347	#
484	291.158	68	83	84	186	187	347	#
485	184.716	145	161	177	348	#
486	203.532	129	145	161	348	#
487	126.46	161	162	178	348	#
488	121.606	161	176	177	348	#
489	559.58	202	216	217	218	232	233	250	349	#
490	647.768	217	218	233	234	249	250	251	349	#
491	541.832	201	217	218	219	233	249	250	349	#
492	482.429	66	216	217	232	233	248	250	349	#
493	357.913	67	202	217	218	219	220	221	349	#
494	356.191	200	201	217	231	232	233	249	349	#
495	936.636	141	142	143	157	171	172	173	174	187	188	189	205	350	#
496	1009.8	93	107	108	109	110	111	125	126	127	142	143	158	350	#
497	925.212	109	123	125	126	127	140	141	142	157	158	173	174	350	#
498	910.021	111	126	127	134	135	136	142	143	150	151	158	159	350	#
499	907.696	157	171	172	173	174	188	189	203	204	205	219	220	350	#
500	902.472	154	155	170	171	172	173	174	187	188	203	204	220	350	#
501	1301.95	52	144	145	146	147	160	161	176	177	192	193	194	208	209	210	351	#
502	1532.99	44	45	61	112	113	128	129	130	144	145	146	147	161	176	177	351	#
503	1349.17	96	112	128	144	145	146	147	160	161	176	177	192	193	194	209	351	#
504	1335.95	113	128	129	131	144	145	146	147	160	161	176	177	192	193	208	351	#
505	1309.62	113	129	145	146	147	160	161	176	177	178	192	193	194	208	209	351	#
506	1263.39	112	113	128	129	144	145	146	160	161	162	176	177	178	192	193	351	#
507	160.153	6	7	352	#
508	139.852	5	6	352	#
509	994.962	135	139	151	152	153	154	155	167	168	181	182	197	353	#
510	1073.9	22	153	154	155	156	169	171	172	183	199	200	216	353	#
511	1026.57	135	151	152	153	167	169	182	183	199	200	216	232	353	#
512	924.914	139	152	153	154	155	156	169	170	171	185	186	187	353	#
513	900.551	124	153	169	183	184	190	197	198	199	200	205	206	353	#
514	896.992	49	65	66	121	122	138	139	153	154	155	156	170	353	#
515	283.616	79	94	95	110	354	#
516	355.769	93	109	110	125	354	#
517	318.614	78	94	95	114	354	#
518	240.955	94	95	109	110	354	#
519	234.73	47	60	63	79	354	#
520	2111.26	1	2	3	17	18	19	33	34	35	36	38	39	49	50	51	52	53	54	64	65	66	67	68	69	80	81	82	84	232	233	248	355	#
521	2374.53	2	3	4	5	6	18	19	20	21	32	33	34	35	36	42	43	51	52	59	67	68	84	100	132	133	148	149	150	164	165	166	355	#
522	2335.28	19	34	35	36	38	49	50	51	52	53	54	55	56	64	65	66	67	68	69	81	82	84	85	86	98	99	100	101	115	116	117	355	#
523	2304.41	25	32	33	34	35	36	41	42	43	48	49	50	51	52	57	58	64	66	67	68	69	81	85	124	125	126	142	143	159	175	191	355	#
524	2278.49	16	17	18	32	33	34	48	49	50	64	65	66	67	68	69	70	78	79	80	81	82	85	98	114	115	116	129	130	146	147	164	355	#
525	2195.1	1	2	3	16	17	18	19	20	21	32	33	34	35	38	48	49	50	51	52	53	64	65	66	67	68	81	82	98	99	114	115	355	#
526	630.854	31	46	47	61	62	63	78	79	94	95	356	#
527	875.884	13	28	29	30	31	45	46	47	62	63	356	#
528	805.983	10	11	12	13	28	29	30	46	61	62	356	#
529	792.643	13	29	30	46	62	63	146	162	177	178	356	#
530	767.587	12	13	15	28	30	31	45	46	47	63	356	#
531	709.894	13	14	29	30	31	46	47	62	63	79	356	#
532	125.316	68	84	357	#
533	133.793	67	68	357	#
534	111.483	84	85	357	#
535	885.815	42	58	59	190	205	206	220	221	236	237	238	252	253	254	358	#
536	1167.92	201	202	203	205	206	218	219	220	221	222	236	237	238	239	358	#
537	1142.86	172	173	188	189	205	206	218	219	220	221	222	235	236	237	358	#
538	1079.32	159	174	175	181	190	191	205	206	207	221	222	223	237	238	358	#
539	1033.9	24	25	40	41	42	43	57	68	73	74	75	83	84	100	358	#
540	991.081	58	183	184	185	187	190	203	204	205	206	220	221	222	237	358	#
541	240.104	10	11	25	26	27	359	#
542	327.665	11	27	28	43	191	359	#
543	198.824	25	26	64	80	172	359	#
544	65.9191	30	31	47	360	#
545	72.851	13	29	30	360	#
546	32.533	31	47	154	360	#
547	1554.16	14	30	45	46	144	145	146	148	160	161	176	177	185	200	201	202	215	216	217	218	219	233	235	248	249	361	#
548	2077.74	93	94	109	110	111	126	127	142	143	198	199	200	215	216	217	218	219	232	233	234	235	248	249	250	251	361	#
549	2058.63	167	168	169	183	184	185	199	200	201	214	215	216	217	218	219	231	232	233	234	235	236	248	249	250	251	361	#
550	2053.8	106	122	123	139	166	167	181	182	197	198	199	200	214	215	216	217	231	232	233	235	248	249	250	251	252	361	#
551	1991.69	21	100	167	182	183	184	197	198	199	200	213	214	215	217	218	219	232	233	234	235	248	249	250	251	252	361	#
552	1949.56	81	82	98	99	112	113	114	115	116	128	129	130	131	144	145	146	147	160	161	162	163	176	177	178	192	361	#
553	520.832	83	195	196	197	198	209	210	211	213	214	227	228	362	#
554	749.691	110	111	127	143	210	226	227	228	242	243	244	245	362	#
555	718.186	147	164	180	181	195	196	197	198	199	212	213	214	362	#
556	702.55	27	43	194	195	210	211	212	214	227	228	229	230	362	#
557	684.928	194	196	210	211	212	226	227	228	229	242	243	244	362	#
558	652.983	194	195	196	197	209	210	211	212	213	227	228	243	362	#
559	1358.64	167	182	198	199	213	215	216	217	218	229	230	231	232	233	244	245	246	247	363	#
560	1736.08	166	169	182	183	184	199	200	201	212	215	216	217	230	231	232	246	247	248	363	#
561	1565.27	167	183	184	199	200	201	214	215	216	217	218	219	231	232	233	234	249	250	363	#
562	1518	17	32	33	49	182	183	184	198	199	200	214	215	216	217	231	232	246	247	363	#
563	1489.24	110	111	168	184	185	200	201	202	203	215	216	217	218	220	233	234	235	236	363	#
564	1453.26	135	151	165	166	167	180	181	182	183	184	197	198	200	201	216	217	218	219	363	#
565	159.735	206	222	364	#
566	119.398	222	238	364	#
567	37.4448	59	60	76	365	#
568	22.4111	42	43	59	365	#
569	800.815	112	113	128	129	144	145	146	147	160	161	162	163	164	366	#
570	1076.65	22	23	24	113	129	143	145	146	160	161	162	178	194	366	#
571	987.892	16	113	129	144	145	146	160	161	162	177	178	193	194	366	#
572	968.218	129	144	145	146	147	161	162	163	178	179	194	253	254	366	#
573	887.587	72	73	74	75	90	91	107	144	145	160	161	176	177	366	#
574	819.059	112	113	128	129	145	146	147	162	163	177	178	179	194	366	#
575	408.875	6	7	21	22	23	367	#
576	354.272	6	7	8	22	38	367	#
577	342.008	7	22	23	24	39	367	#
578	328.684	6	7	22	23	39	367	#
579	236.758	4	5	20	21	22	367	#
580	113.948	48	49	368	#
581	137.707	48	64	368	#
582	127.936	49	64	368	#
583	923.872	0	1	2	16	17	18	19	20	32	33	34	35	48	49	65	369	#
584	1127.91	0	1	2	3	16	17	18	19	32	33	34	35	50	65	66	369	#
585	1084.04	0	1	2	16	17	18	32	33	103	119	183	199	200	201	217	369	#
586	1038.43	17	21	33	34	35	36	68	69	110	125	126	141	158	215	231	369	#
587	1002.75	1	2	3	17	18	19	20	35	51	77	93	94	95	120	240	369	#
588	968.017	0	1	2	3	16	17	19	20	32	33	34	35	51	176	192	369	#
589	383.57	158	183	199	215	216	231	232	370	#
590	537.775	182	183	184	198	200	214	215	370	#
591	435.492	125	141	158	159	174	175	191	370	#
592	416.587	182	198	199	214	215	216	231	370	#
593	394.686	2	199	214	215	216	231	232	370	#
594	336.806	141	142	157	158	159	216	217	370	#
595	627.802	204	205	206	219	220	221	236	371	#
596	703.433	188	204	218	219	220	236	252	371	#
597	651.703	218	219	220	236	251	252	253	371	#
598	574.421	73	130	203	220	221	222	237	371	#
599	540.172	203	204	205	206	221	222	223	371	#
600	523.048	205	220	221	237	238	253	254	371	#
601	347.118	144	145	146	372	#
602	333.697	145	146	147	372	#
603	271.134	145	146	161	372	#
604	196.123	128	144	145	372	#
605	119.598	41	57	58	#
606	581.189	216	217	218	219	235	373	#
607	576.23	217	218	219	220	235	373	#
608	567.153	218	219	234	235	250	373	#
609	453.892	203	217	218	219	220	373	#
610	419.29	63	217	218	233	249	373	#
611	338.827	216	232	233	234	248	373	#
612	802.486	178	194	195	209	210	211	212	226	227	228	229	374	#
613	850.58	141	142	143	158	159	194	195	210	211	226	227	374	#
614	788.841	177	193	202	208	209	210	211	249	250	251	252	374	#
615	788.584	194	210	211	212	213	214	227	228	229	230	243	374	#
616	726.838	176	177	178	192	193	194	195	209	210	211	227	374	#
617	703.934	5	6	7	8	21	22	23	24	39	55	227	374	#
618	426.625	108	124	125	140	141	142	143	158	375	#
619	585.9	110	125	126	127	141	142	143	157	375	#
620	502.897	74	75	76	77	91	108	124	140	375	#
621	485.869	110	111	126	127	141	142	143	158	375	#
622	334.154	125	126	140	141	142	157	158	159	375	#
623	301.491	79	95	109	125	140	141	142	158	375	#
624	862.39	37	52	53	54	55	68	69	70	85	86	87	88	103	376	#
625	1191.39	2	3	4	5	6	18	19	20	21	22	35	36	37	376	#
626	1013.46	50	51	52	53	54	55	68	69	84	85	86	102	117	376	#
627	992.913	35	36	37	50	51	52	53	54	65	66	69	70	85	376	#
628	967.252	7	21	23	24	37	38	39	40	52	53	54	55	71	376	#
629	903.396	4	6	7	20	21	37	53	68	82	83	84	85	86	376	#
630	1251.14	157	159	171	172	173	174	175	187	188	189	190	191	204	205	206	207	221	222	223	237	238	253	254	377	#
631	1787.69	48	49	64	80	81	113	128	129	144	145	146	149	160	161	176	177	221	236	237	238	239	252	253	377	#
632	1703.55	112	113	129	130	131	142	145	146	147	157	158	159	161	162	163	173	174	175	177	188	189	190	191	377	#
633	1691.29	155	156	157	169	170	171	172	173	174	175	186	187	188	189	191	201	202	203	204	205	219	220	236	377	#
634	1654.98	109	110	125	141	154	157	158	159	170	171	172	173	174	175	185	186	187	188	189	191	203	204	220	377	#
635	1628.6	10	108	109	124	125	140	141	142	143	155	156	157	171	172	173	188	189	204	205	206	220	222	236	377	#
636	102.095	66	82	83	378	#
637	74.3752	81	82	98	378	#
638	1878.56	50	51	66	67	81	82	83	84	89	90	91	92	96	97	98	100	107	108	114	115	116	123	130	131	132	134	147	163	164	179	180	379	#
639	2425.74	59	75	86	87	89	90	91	92	93	94	95	102	103	106	107	108	109	110	121	122	124	125	126	127	140	141	142	157	190	191	207	379	#
640	2267.92	3	18	19	33	34	35	36	37	48	49	50	51	52	64	65	66	67	68	80	81	83	199	215	216	217	219	235	249	250	251	252	379	#
641	2229.91	2	3	4	5	19	20	21	22	32	33	34	35	36	37	38	48	49	50	51	52	53	64	65	66	67	68	69	81	82	83	84	379	#
642	2206.92	60	62	63	75	76	77	78	90	91	92	93	94	95	99	100	105	107	108	109	110	115	120	121	122	123	125	126	127	131	139	147	379	#
643	2119.87	24	25	32	33	48	49	50	64	65	66	67	68	80	81	82	83	84	97	98	99	113	114	115	129	130	131	192	193	208	209	224	379	#
644	1167.95	91	92	107	108	124	125	127	140	141	142	143	158	159	237	238	252	253	380	#
645	1343.26	216	217	218	219	220	221	233	234	235	236	237	238	249	250	251	252	253	380	#
646	1316	197	208	219	220	224	225	234	235	236	237	241	248	249	250	251	252	253	380	#
647	1085.59	124	125	140	141	142	156	158	159	173	174	175	191	205	220	221	237	253	380	#
648	1075.87	6	22	23	38	124	125	126	140	141	142	143	158	159	175	190	191	207	380	#
649	1064.87	74	75	76	90	91	92	93	106	107	108	109	110	122	123	124	125	205	380	#
650	90.5602	89	#
651	953.032	110	111	124	125	126	127	140	141	142	143	156	158	381	#
652	1100.39	90	91	108	111	124	125	126	127	140	142	143	156	381	#
653	1074.54	111	122	125	126	127	140	141	142	143	157	158	173	381	#
654	1042.6	124	125	126	140	141	142	143	156	157	158	166	173	381	#
655	978.25	108	124	125	126	140	141	142	157	158	159	173	189	381	#
656	937.538	93	109	125	126	140	141	142	157	158	159	173	175	381	#
657	2310.05	19	22	32	35	36	37	38	39	40	48	49	52	53	54	55	64	68	69	70	71	75	88	172	187	188	203	204	215	220	221	232	382	#
658	2394.28	154	169	170	171	172	173	187	188	189	201	202	203	204	205	218	219	220	221	222	223	231	232	233	235	237	238	239	246	249	254	255	382	#
659	2249.59	0	1	2	16	17	18	19	32	33	34	35	48	49	50	51	52	53	64	65	66	67	68	69	70	80	81	82	83	84	98	114	382	#
660	2248.09	2	3	4	5	6	7	17	18	19	20	21	32	33	34	35	36	37	38	39	48	49	50	52	53	54	67	68	69	211	212	228	382	#
661	2231.15	22	32	33	34	38	49	50	51	52	53	54	64	65	66	67	68	69	70	71	80	81	82	83	84	85	86	87	101	102	103	153	382	#
662	2226.71	10	11	24	25	26	27	28	39	40	41	42	43	44	45	46	47	56	57	58	60	62	73	74	76	78	79	80	88	89	92	105	382	#
663	165.123	214	215	383	#
664	208.694	215	216	383	#
665	47.5846	213	214	383	#
666	459.771	27	192	208	224	225	240	241	384	#
667	443.125	224	225	226	231	240	241	242	384	#
668	411.897	10	11	26	27	42	43	44	384	#
669	403.039	193	208	209	224	225	226	241	384	#
670	336.308	210	224	225	226	240	241	242	384	#
671	294.501	192	194	195	196	208	209	210	384	#
672	404.506	28	43	44	45	385	#
673	393.854	42	43	44	59	385	#
674	264.445	28	44	45	254	385	#
675	212.861	11	12	28	45	385	#
676	102.827	205	#
677	857.468	180	195	196	197	211	212	213	225	226	227	228	229	242	243	386	#
678	1240.86	113	177	193	194	195	196	197	209	212	213	214	229	230	246	386	#
679	1028.33	193	194	195	197	198	211	212	213	214	215	228	229	230	244	386	#
680	1022.94	192	193	208	209	210	224	225	226	227	228	229	241	242	243	386	#
681	1018.69	166	192	197	212	213	224	225	226	227	228	229	230	242	243	386	#
682	978.305	162	165	166	178	180	181	193	194	195	196	197	212	213	229	386	#
683	402.645	136	152	153	169	192	208	224	387	#
684	496.444	119	120	135	136	151	152	153	387	#
685	481.015	135	136	137	152	153	168	169	387	#
686	362.795	120	135	136	137	138	153	154	387	#
687	338.196	152	153	167	169	183	184	185	387	#
688	275.736	224	225	226	227	240	241	242	387	#
689	68.4281	106	122	123	388	#
690	97.778	107	123	139	388	#
691	6.2625	90	106	196	388	#
692	198.491	100	116	209	389	#
693	271.757	116	132	133	389	#
694	184.659	84	100	101	389	#
695	147.69	193	194	209	389	#
696	92.9416	4	#
697	180.938	50	66	#
698	861.192	75	76	78	90	91	92	93	94	106	110	390	#
699	870.2	89	90	91	101	106	107	108	130	131	147	390	#
700	860.186	90	93	94	106	107	108	109	110	124	125	390	#
701	836.882	71	72	73	74	75	76	89	90	91	92	390	#
702	713.105	77	78	91	92	93	94	109	110	126	159	390	#
703	669.19	59	75	76	77	89	90	91	92	108	124	390	#
704	370.353	81	82	83	84	391	#
705	294.473	67	82	83	84	391	#
706	228.474	66	82	83	84	391	#
707	207.898	66	80	81	82	391	#
708	175.213	84	85	100	101	391	#
709	987.883	68	202	217	218	231	232	233	234	235	246	247	249	250	251	392	#
710	1197.56	16	17	53	55	68	69	71	84	85	86	87	88	100	101	392	#
711	1133.19	183	184	199	200	216	230	231	232	233	234	246	247	248	249	392	#
712	1132.61	154	204	205	218	219	220	231	232	233	234	235	246	249	250	392	#
713	1104.19	84	85	86	110	217	218	232	233	234	235	248	249	250	251	392	#
714	1093.11	198	199	212	214	215	228	229	231	232	244	245	246	247	248	392	#
715	152.092	23	24	39	40	55	393	#
716	207.042	23	38	39	245	246	393	#
717	189.214	188	203	204	394	#
718	186.599	171	187	203	394	#
719	85.8278	172	173	188	394	#
720	135.626	208	224	225	395	#
721	137.121	224	225	226	395	#
722	133.88	192	193	208	395	#
723	101.867	101	224	240	395	#
724	115.253	149	165	166	396	#
725	74.63	164	165	181	396	#
726	677.403	0	1	10	11	16	17	18	27	28	29	32	43	59	397	#
727	963.333	0	1	16	17	18	102	116	117	118	119	133	134	150	397	#
728	895.415	10	11	12	13	14	15	28	29	30	45	46	61	77	397	#
729	830.521	0	1	2	3	16	17	18	19	21	34	35	36	37	397	#
730	754.158	43	44	59	60	61	75	76	77	91	92	107	108	109	397	#
731	748.979	10	11	26	27	28	29	44	60	151	152	154	176	192	397	#
732	584.652	205	221	237	238	239	254	255	398	#
733	598.287	189	190	203	204	205	206	220	398	#
734	588.232	201	217	218	238	239	254	255	398	#
735	579.835	204	220	221	237	238	253	254	398	#
736	564.766	207	222	223	238	239	254	255	398	#
737	547.164	221	237	238	239	253	254	255	398	#
738	78.6481	48	49	240	399	#
739	81.8461	48	49	64	399	#
740	79.5088	49	50	64	399	#
741	29.681	208	224	240	399	#
742	242.423	51	52	68	400	#
743	302.182	52	68	95	400	#
744	228.87	51	52	53	400	#
745	159.117	19	35	51	400	#
746	230.47	25	26	41	42	401	#
747	316.428	25	40	41	42	401	#
748	262.377	41	42	58	180	401	#
749	128.529	42	233	249	250	401	#
750	38.0626	10	11	26	27	401	#
751	383.184	79	95	164	165	166	402	#
752	486.731	133	148	149	165	166	402	#
753	324.615	147	148	164	165	166	402	#
754	150.474	47	63	79	94	95	402	#
755	125.926	63	77	78	79	95	402	#
756	780.696	109	110	111	126	127	141	142	143	158	403	#
757	939.29	110	126	127	140	141	142	143	158	159	403	#
758	912.169	78	94	109	110	111	126	127	142	143	403	#
759	819.927	110	111	126	127	143	198	199	200	214	403	#
760	808.198	109	110	111	126	127	142	143	158	159	403	#
761	804.271	94	95	110	125	126	141	142	158	159	403	#
762	382.409	187	202	203	220	221	404	#
763	435.11	202	203	220	236	252	404	#
764	358.588	3	221	222	237	238	404	#
765	351.53	134	135	150	202	203	404	#
766	321.604	201	202	216	217	218	404	#
767	305.799	172	173	174	186	187	404	#
768	307.415	117	133	149	405	#
769	325.284	116	117	133	405	#
770	304.03	133	149	165	405	#
771	263.348	133	149	164	405	#
772	2017.45	137	138	155	157	171	172	173	185	188	189	200	201	202	204	205	216	217	218	219	220	232	233	235	236	248	249	251	252	406	#
773	2375.94	25	90	91	92	107	108	109	111	124	125	127	140	141	142	143	157	158	159	172	173	174	175	188	189	204	205	246	247	406	#
774	2210.74	172	173	187	188	189	201	202	203	204	205	216	217	218	219	220	232	233	235	236	237	238	248	249	250	251	252	253	254	406	#
775	2176.49	43	170	171	172	173	187	188	189	190	202	203	204	205	206	218	219	220	221	222	223	236	237	238	239	252	253	254	255	406	#
776	2122.6	104	105	118	119	120	121	133	134	135	136	137	148	149	150	151	152	153	163	164	165	166	167	169	182	185	208	209	224	406	#
777	2095.45	170	171	187	188	203	204	216	217	218	219	220	221	232	233	236	237	238	239	244	245	246	248	249	250	251	252	253	254	406	#
778	463.057	68	120	136	137	153	154	155	169	170	407	#
779	552.761	54	55	68	69	70	84	85	86	87	407	#
780	516.27	55	56	100	152	168	169	170	184	185	407	#
781	512.514	137	153	154	155	169	170	171	184	185	407	#
782	496.118	120	136	151	152	153	167	168	169	170	407	#
783	420.127	9	10	104	118	119	120	134	149	150	407	#
784	4353.02	48	64	65	80	125	140	141	142	157	158	169	170	171	172	173	175	180	182	183	184	186	187	188	189	190	191	196	197	200	201	202	203	204	205	206	207	211	212	213	214	215	216	217	218	219	220	221	222	223	228	229	231	232	233	234	235	237	238	239	245	246	247	248	249	250	253	254	255	408	#
785	4578.86	86	104	105	118	119	120	132	135	136	146	147	148	149	150	151	152	153	164	165	166	167	168	169	170	179	180	181	182	183	184	185	186	187	195	196	197	198	199	200	201	202	203	210	211	212	213	214	215	216	217	218	219	227	228	229	230	231	232	233	234	235	243	245	246	247	248	249	250	408	#
786	4576.41	89	90	91	105	117	118	120	121	133	134	135	136	138	148	149	150	151	152	153	154	164	165	167	168	169	170	171	180	181	182	183	184	185	186	187	188	196	197	198	199	200	201	202	203	204	213	214	215	216	217	218	219	220	228	229	230	232	233	234	235	236	243	244	246	247	248	249	250	408	#
787	4566.99	3	4	88	103	104	116	117	118	119	120	132	133	134	135	136	137	138	148	149	150	151	152	153	159	164	167	168	169	170	171	172	179	180	182	183	184	185	186	187	196	197	198	199	200	201	202	203	204	205	210	212	213	214	215	216	217	218	219	226	227	228	232	233	234	235	248	249	250	408	#
788	4521.99	60	76	101	102	105	117	118	120	121	122	132	133	134	135	136	137	148	149	151	152	153	165	166	167	168	169	170	171	172	173	178	180	181	182	183	184	185	186	187	188	189	195	196	197	198	199	200	201	202	203	204	205	211	212	213	214	215	216	217	218	220	228	229	230	232	233	249	250	408	#
789	4511.33	6	8	9	10	21	22	23	24	25	26	38	40	41	42	43	51	52	53	93	96	97	98	99	108	109	110	111	112	113	115	116	117	118	119	125	126	127	128	129	131	133	140	141	142	143	146	157	158	159	172	173	175	188	189	190	191	204	205	206	207	221	222	223	237	238	239	254	255	408	#
790	303.501	1	2	18	19	409	#
791	365.437	2	17	18	19	409	#
792	351.932	2	3	17	19	409	#
793	310.319	2	16	17	18	409	#
794	88.4523	0	1	17	18	409	#
795	942.853	124	125	126	134	135	136	140	149	150	151	152	225	226	227	410	#
796	1225.68	94	110	111	124	125	126	127	140	141	142	143	156	157	158	410	#
797	1073.96	116	117	119	132	133	134	135	148	149	150	161	166	177	193	410	#
798	1071.84	106	107	108	123	124	125	126	140	141	142	143	156	157	158	410	#
799	1016.57	110	122	123	124	125	126	138	140	141	142	154	155	156	171	410	#
800	999.994	117	123	132	133	134	135	147	148	149	150	163	164	165	179	410	#
801	397.178	142	158	159	175	190	191	411	#
802	542.836	153	154	159	175	190	191	411	#
803	422.783	174	175	190	191	207	223	411	#
804	268.865	126	140	141	142	143	158	411	#
805	245.286	159	173	174	175	188	189	411	#
806	232.3	141	142	157	158	159	173	411	#
807	99.6354	207	#
808	178.132	158	159	174	175	412	#
809	261.599	159	173	174	175	412	#
810	239.132	126	142	158	159	412	#
811	214.32	110	126	142	158	412	#
812	440.712	137	138	152	153	169	186	413	#
813	534.98	15	136	137	138	152	153	413	#
814	510.065	44	65	153	169	186	187	413	#
815	466.035	137	138	139	152	153	169	413	#
816	405.9	153	169	185	186	187	203	413	#
817	372.67	135	151	152	153	168	184	413	#
818	882.687	73	201	202	203	217	218	232	233	234	250	414	#
819	1068.53	200	201	202	203	218	219	234	235	250	251	414	#
820	1010.54	63	202	203	218	219	220	235	236	251	252	414	#
821	957.533	171	200	201	202	203	216	217	218	219	232	414	#
822	872.504	202	218	219	220	233	234	235	250	251	252	414	#
823	842.747	4	5	6	19	21	22	35	36	37	203	414	#
824	445.864	39	151	152	153	167	178	194	195	237	253	415	#
825	650.459	119	120	135	136	137	150	151	153	154	155	415	#
826	611.182	6	7	21	22	23	36	37	38	39	53	415	#
827	609.262	57	119	120	135	136	137	150	151	152	235	415	#
828	588.479	47	63	217	233	249	250	251	252	253	254	415	#
829	556.817	136	151	166	167	168	181	182	183	184	200	415	#
830	163.89	112	113	416	#
831	200.627	113	129	416	#
832	118.628	112	128	416	#
833	64.986	160	#
834	760.588	35	36	37	50	51	52	53	68	69	70	82	83	84	85	417	#
835	1047.8	3	19	20	21	27	28	33	34	35	36	43	49	50	65	417	#
836	972.958	21	33	34	35	36	37	49	50	51	52	53	65	66	162	417	#
837	961.939	4	18	19	20	21	34	35	36	37	49	50	51	52	212	417	#
838	923.548	33	49	50	51	52	65	66	67	79	81	82	83	84	95	417	#
839	833.687	33	34	49	50	64	65	66	80	82	83	84	98	99	243	417	#
840	797.804	35	51	65	66	67	68	81	82	83	98	197	213	214	229	230	418	#
841	1125.77	65	182	183	184	197	198	199	200	214	215	216	217	230	231	254	418	#
842	1007.16	21	36	37	48	49	50	51	52	53	64	65	66	67	68	69	418	#
843	931.111	13	19	35	36	51	52	53	67	68	69	83	86	99	217	233	418	#
844	903.121	49	51	52	65	66	67	68	80	81	82	83	84	96	97	98	418	#
845	863.173	34	50	51	52	66	67	68	69	70	81	82	83	84	100	101	418	#
846	617.601	82	83	96	97	98	114	115	419	#
847	672.698	80	81	82	96	97	98	114	419	#
848	591.519	67	83	98	99	100	114	115	419	#
849	560.625	83	84	97	98	99	114	115	419	#
850	544.538	84	96	97	98	99	100	115	419	#
851	499.737	67	83	98	99	100	116	117	419	#
852	669.023	86	87	102	103	117	118	119	135	150	185	420	#
853	830.443	148	149	167	182	183	184	185	199	200	201	420	#
854	796.75	118	119	134	135	148	149	150	151	152	166	420	#
855	768.347	116	117	118	119	133	134	135	149	150	151	420	#
856	644.282	87	103	118	119	133	134	135	136	137	151	420	#
857	575.148	84	98	100	101	102	115	116	117	118	132	420	#
858	992.073	98	112	113	114	115	116	128	129	130	131	145	146	147	162	163	164	180	421	#
859	1433.92	81	82	98	114	115	129	130	131	145	146	147	160	161	162	163	177	179	421	#
860	1395.4	98	114	115	129	130	131	144	145	146	147	161	162	163	164	177	178	179	421	#
861	1298	115	130	131	133	135	145	146	147	149	150	162	163	164	165	179	181	197	421	#
862	1253.3	52	83	98	99	100	114	115	128	129	130	131	144	145	146	147	161	163	421	#
863	1221.13	81	82	97	98	99	114	115	128	129	130	131	146	147	149	163	164	180	421	#
864	377.198	200	214	215	216	231	247	422	#
865	405.58	230	231	232	245	246	247	422	#
866	388.279	197	198	213	214	230	246	422	#
867	331.444	199	200	215	216	217	232	422	#
868	312.081	231	232	233	247	248	249	422	#
869	304.152	199	215	216	217	231	232	422	#
870	1005.19	11	13	14	15	26	27	28	29	30	31	42	43	44	45	46	58	423	#
871	1268.2	10	26	27	48	49	50	51	64	65	66	67	82	83	84	85	110	423	#
872	1187.94	10	11	12	13	15	25	26	27	28	30	31	40	41	42	45	58	423	#
873	1142.26	12	13	14	15	28	29	30	31	46	47	169	170	171	172	186	239	423	#
874	1063.34	11	12	13	14	15	27	28	29	30	31	44	45	46	59	60	62	423	#
875	1057.46	11	12	13	14	15	27	28	29	30	43	44	45	181	197	198	213	423	#
876	275.363	105	121	122	138	154	424	#
877	352.318	136	153	154	170	171	424	#
878	322.856	106	122	123	138	154	424	#
879	128.499	88	89	105	119	120	424	#
880	96.0056	6	22	138	139	154	424	#
881	700.493	113	128	129	130	144	145	146	147	148	162	163	164	176	177	179	425	#
882	867.674	99	112	113	114	115	116	117	128	129	130	131	144	145	146	161	425	#
883	785.778	97	98	113	114	115	128	129	130	131	144	145	146	160	162	163	425	#
884	763.497	114	115	116	129	130	131	146	147	149	162	163	164	165	178	179	425	#
885	742.763	97	98	99	112	113	114	115	128	129	130	131	145	146	147	162	425	#
886	701.154	114	115	116	132	146	147	148	149	162	163	164	177	178	179	180	425	#
887	138.251	167	182	426	#
888	35.4267	182	198	426	#
889	729.512	21	36	37	52	53	55	69	71	86	87	427	#
890	769.873	69	85	86	87	88	101	102	117	118	172	427	#
891	712.686	24	25	38	53	54	69	71	87	88	104	427	#
892	711.136	38	53	54	55	69	71	86	87	100	116	427	#
893	709.081	35	36	52	53	68	69	70	86	102	211	427	#
894	694.921	69	70	85	86	87	99	100	101	102	103	427	#
895	418.537	4	5	6	19	20	35	428	#
896	497.948	4	19	20	35	50	51	428	#
897	452.348	6	7	21	23	37	39	428	#
898	451.495	3	4	18	19	20	35	428	#
899	402.556	19	20	147	164	165	181	428	#
900	317.278	4	5	6	21	22	23	428	#
901	101.683	82	83	98	99	114	429	#
902	53.6558	83	98	99	114	115	429	#
903	43.0486	162	178	194	210	#
904	1380.32	2	3	19	35	36	38	39	51	52	66	67	81	82	83	98	430	#
905	1370.97	43	50	51	65	66	67	68	69	80	81	82	83	84	86	99	430	#
906	1286.15	34	35	36	50	51	52	65	66	67	68	202	217	218	233	234	430	#
907	1282.48	20	21	22	34	35	36	37	38	50	51	52	53	65	67	69	430	#
908	1220.05	0	1	2	3	17	18	199	201	215	216	217	232	233	249	250	430	#
909	1149.32	32	33	34	35	48	49	50	51	65	66	67	68	80	81	82	430	#
910	91.9186	139	#
911	408.183	183	184	199	200	213	214	215	216	431	#
912	551.217	183	199	200	215	216	231	246	247	431	#
913	550.552	199	200	213	214	215	216	217	218	431	#
914	488.301	167	168	183	199	200	201	202	216	431	#
915	430.922	22	197	212	213	227	228	229	243	431	#
916	419.802	153	169	170	184	185	186	200	201	431	#
917	842.662	93	129	144	145	161	162	163	164	177	432	#
918	903.945	112	113	128	129	144	145	146	160	161	432	#
919	870.267	128	129	144	145	146	160	161	162	197	432	#
920	768.439	112	113	128	129	130	145	146	161	247	432	#
921	708.692	29	113	128	129	144	145	146	160	176	432	#
922	693.568	129	145	160	161	162	163	176	177	178	432	#
923	226.819	135	136	137	138	151	152	433	#
924	296.408	134	135	136	151	152	168	433	#
925	266.944	122	123	138	139	154	155	433	#
926	186.358	151	152	167	168	169	184	433	#
927	602.312	78	79	93	94	108	109	110	111	434	#
928	589.337	61	76	77	91	92	93	107	108	434	#
929	589.235	45	46	47	63	78	79	93	94	434	#
930	569.865	47	108	109	110	111	127	142	143	434	#
931	564.196	77	90	91	92	93	108	109	124	434	#
932	551.849	76	77	78	79	92	93	94	95	434	#
933	140.3	224	225	226	241	242	243	435	#
934	122.416	210	225	226	227	241	242	435	#
935	81.3013	225	226	227	241	242	243	435	#
936	797.937	22	38	53	54	68	69	77	78	93	94	110	436	#
937	942.74	36	51	52	65	66	67	68	69	82	83	84	436	#
938	910.942	5	21	22	23	38	52	53	54	67	68	69	436	#
939	893.656	76	77	78	90	91	92	93	94	95	108	109	436	#
940	883.556	41	51	52	53	54	65	66	67	68	69	85	436	#
941	822.804	76	77	78	94	109	110	111	126	127	142	143	436	#
942	373.098	2	3	19	437	#
943	369.135	3	18	19	437	#
944	348.658	1	2	3	437	#
945	311.145	18	19	35	437	#
946	1079.79	28	43	44	45	59	60	75	76	90	91	92	106	107	108	109	124	125	140	141	142	438	#
947	1577.81	12	13	46	47	53	58	69	70	73	74	75	84	85	86	89	90	91	102	106	208	438	#
948	1502.34	9	10	11	12	13	14	15	26	27	28	29	30	45	46	61	62	63	167	168	182	438	#
949	1409.64	12	13	26	27	28	29	30	44	45	46	47	61	132	133	172	186	187	203	220	221	438	#
950	1372.11	11	12	13	14	15	26	27	28	29	30	31	43	44	45	46	47	57	58	59	60	438	#
951	1342.02	46	47	62	63	78	79	93	94	95	109	110	124	125	126	140	141	142	143	156	158	438	#
952	648.095	11	27	28	44	45	60	61	439	#
953	657.763	45	61	62	76	77	93	215	439	#
954	620.84	11	27	28	29	44	45	60	439	#
955	583.528	11	12	28	43	44	45	60	439	#
956	546.764	11	12	26	27	28	42	43	439	#
957	536.195	44	45	59	60	61	75	76	439	#
958	641.831	96	97	112	113	128	129	144	145	160	161	440	#
959	682.831	25	41	42	96	97	112	113	128	144	160	440	#
960	679.8	96	112	113	128	129	144	145	160	161	177	440	#
961	635.375	113	129	144	145	160	161	162	176	177	178	440	#
962	580.704	144	145	148	149	160	161	162	163	164	180	440	#
963	536.007	96	112	113	128	129	144	145	146	160	162	440	#
964	2016.96	164	165	180	181	182	185	190	191	197	198	199	200	201	202	206	213	214	215	216	217	222	230	231	232	233	234	246	248	249	250	251	252	441	#
965	2373.1	165	166	167	181	182	183	198	199	200	201	203	214	215	216	217	218	219	220	230	231	232	233	234	235	236	246	247	248	249	250	251	252	441	#
966	2290.35	11	12	13	14	27	28	29	30	42	43	44	45	58	59	199	215	216	217	218	219	231	232	233	234	235	245	246	247	248	249	250	251	441	#
967	2289.15	14	15	30	126	142	143	158	192	193	195	197	209	210	211	212	213	214	215	216	217	226	227	228	229	230	231	241	242	243	244	246	247	441	#
968	2286.01	103	119	133	134	135	149	150	151	166	176	177	183	186	199	202	214	215	217	218	219	230	231	232	233	234	235	246	247	248	249	250	251	441	#
969	2223.54	52	53	67	68	69	70	83	84	85	86	102	149	150	151	166	167	174	180	181	182	183	198	202	204	205	213	214	216	217	218	233	234	441	#
970	1218.95	146	147	162	163	171	172	173	188	189	190	191	205	206	207	222	442	#
971	1271.8	190	191	204	206	207	220	221	222	223	236	237	238	239	254	255	442	#
972	1223.49	172	173	188	189	190	191	205	206	207	221	222	237	238	253	254	442	#
973	1187.87	122	138	139	152	153	154	170	171	172	184	185	186	188	204	205	442	#
974	1171.13	187	190	191	203	204	206	207	220	221	222	223	236	237	239	253	442	#
975	1164.72	4	5	189	203	204	205	220	221	223	236	237	238	239	254	255	442	#
976	905.854	36	52	64	65	66	68	69	80	81	82	83	84	99	100	443	#
977	1336.42	52	53	54	68	69	82	83	84	85	86	100	165	166	182	443	#
978	1239.69	32	37	38	48	49	52	53	54	64	65	68	69	85	127	443	#
979	1207.09	51	52	53	68	69	82	83	84	100	101	102	115	116	117	443	#
980	1143.23	17	21	32	33	34	35	36	37	51	52	68	69	84	246	443	#
981	1072.73	68	69	81	82	83	84	85	86	98	99	100	101	115	116	443	#
982	284.429	73	74	75	444	#
983	306.261	58	74	75	444	#
984	194.862	73	74	89	444	#
985	176.44	74	75	76	444	#
986	195.896	117	133	134	445	#
987	111.003	119	134	135	445	#
988	19.1515	132	133	149	445	#
989	1387.2	106	122	123	138	139	153	154	169	170	184	185	186	187	190	201	203	204	205	206	446	#
990	1599.05	172	173	188	189	190	191	203	204	205	206	207	220	221	223	236	237	238	253	254	446	#
991	1511.73	138	154	170	172	173	186	187	202	203	204	218	219	220	221	233	234	235	236	237	446	#
992	1509.77	23	39	54	55	70	71	90	91	106	107	108	121	122	123	138	139	153	154	170	446	#
993	1376.24	18	173	187	188	189	190	191	202	203	204	205	206	207	220	221	222	223	239	255	446	#
994	1357.41	76	77	92	93	106	107	108	109	122	123	124	125	138	139	140	153	154	170	171	446	#
995	1231.92	36	52	53	84	85	86	100	101	102	103	117	119	234	235	250	447	#
996	1090.05	5	6	7	201	202	217	218	219	233	234	235	248	249	250	251	447	#
997	1084.45	53	54	196	201	217	218	219	232	233	234	235	250	251	252	253	447	#
998	1075.71	53	54	68	69	70	71	83	84	85	86	99	100	102	114	115	447	#
999	1068.95	10	11	39	51	52	53	54	55	56	68	69	70	72	84	85	447	#
1000	1056.71	183	184	200	201	216	217	232	233	234	235	248	249	250	251	252	447	#
