[[0, 30, 12.46738], [1, 59970, 15.34964], [2, 119910, 15.67037], [3, 179850, 16.11798], [4, 239790, 16.47249], [5, 299730, 16.47249], [6, 359670, 16.47249], [7, 419610, 16.47249], [8, 479550, 16.47249], [9, 539490, 16.47249], [10, 599430, 16.47249], [11, 659370, 16.47249], [12, 719310, 16.47249], [13, 779250, 16.47249], [14, 839190, 16.47249], [15, 899130, 16.49648], [16, 959070, 16.49648], [17, 1019010, 17.02579]]
[[0, 30, 13.06073], [1, 59970, 16.67239], [2, 119910, 16.67239], [3, 179850, 16.67239], [4, 239790, 16.67239], [5, 299730, 16.67239], [6, 359670, 16.67239], [7, 419610, 16.67239], [8, 479550, 16.88615], [9, 539490, 16.88615], [10, 599430, 16.88615], [11, 659370, 17.41741], [12, 719310, 17.41741], [13, 779250, 17.41741], [14, 839190, 17.41741], [15, 899130, 17.41741], [16, 959070, 17.41741], [17, 1019010, 17.41741]]
[[0, 30, 13.19682], [1, 59970, 15.99199], [2, 119910, 16.0489], [3, 179850, 16.97387], [4, 239790, 16.97387], [5, 299730, 17.03479], [6, 359670, 17.03479], [7, 419610, 17.03479], [8, 479550, 17.03479], [9, 539490, 17.03479], [10, 599430, 17.03479], [11, 659370, 17.03479], [12, 719310, 17.03479], [13, 779250, 17.03479], [14, 839190, 17.03479], [15, 899130, 17.03479], [16, 959070, 17.03479], [17, 1019010, 17.03479]]
[[0, 30, 13.76843], [1, 59970, 15.17848], [2, 119910, 15.91517], [3, 179850, 17.55524], [4, 239790, 17.55524], [5, 299730, 17.55524], [6, 359670, 17.55524], [7, 419610, 17.55524], [8, 479550, 17.55524], [9, 539490, 17.55524], [10, 599430, 17.55524], [11, 659370, 17.55524], [12, 719310, 17.55524], [13, 779250, 17.55524], [14, 839190, 17.55524], [15, 899130, 17.55524], [16, 959070, 17.55524], [17, 1019010, 17.55524]]
[[0, 30, 12.87491], [1, 59970, 15.8846], [2, 119910, 16.04541], [3, 179850, 16.04541], [4, 239790, 16.04541], [5, 299730, 17.24754], [6, 359670, 17.24754], [7, 419610, 17.24754], [8, 479550, 17.24754], [9, 539490, 17.24754], [10, 599430, 17.24754], [11, 659370, 17.24754], [12, 719310, 17.24754], [13, 779250, 17.24754], [14, 839190, 17.24754], [15, 899130, 17.24754], [16, 959070, 17.24754], [17, 1019010, 17.24754]]
[[0, 30, 12.59355], [1, 59970, 15.88973], [2, 119910, 16.27096], [3, 179850, 16.4276], [4, 239790, 16.49842], [5, 299730, 16.72753], [6, 359670, 16.72753], [7, 419610, 16.72753], [8, 479550, 16.72753], [9, 539490, 16.72753], [10, 599430, 16.72753], [11, 659370, 16.72753], [12, 719310, 16.77871], [13, 779250, 16.92446], [14, 839190, 16.92446], [15, 899130, 16.92446], [16, 959070, 16.92446], [17, 1019010, 16.92446]]
[[0, 30, 13.76926], [1, 59970, 16.30637], [2, 119910, 16.30637], [3, 179850, 16.30637], [4, 239790, 16.30637], [5, 299730, 16.30637], [6, 359670, 17.19557], [7, 419610, 17.60356], [8, 479550, 17.60356], [9, 539490, 17.60356], [10, 599430, 18.00375], [11, 659370, 18.00375], [12, 719310, 18.00375], [13, 779250, 18.00375], [14, 839190, 18.06438], [15, 899130, 18.06438], [16, 959070, 18.06438], [17, 1019010, 18.06438]]
[[0, 30, 13.36116], [1, 59970, 15.05624], [2, 119910, 15.75113], [3, 179850, 15.95105], [4, 239790, 15.95105], [5, 299730, 16.15229], [6, 359670, 16.24115], [7, 419610, 16.25994], [8, 479550, 16.31699], [9, 539490, 16.31699], [10, 599430, 16.31699], [11, 659370, 16.31699], [12, 719310, 16.31699], [13, 779250, 16.31699], [14, 839190, 16.69234], [15, 899130, 16.69234], [16, 959070, 16.69234], [17, 1019010, 16.69234]]
[[0, 30, 12.75923], [1, 59970, 15.95622], [2, 119910, 16.16207], [3, 179850, 16.35198], [4, 239790, 16.35198], [5, 299730, 16.35198], [6, 359670, 16.48032], [7, 419610, 16.48032], [8, 479550, 16.68254], [9, 539490, 16.68254], [10, 599430, 16.88055], [11, 659370, 16.88055], [12, 719310, 16.88055], [13, 779250, 17.09158], [14, 839190, 17.09158], [15, 899130, 17.09158], [16, 959070, 17.09158], [17, 1019010, 17.09158]]
[[0, 30, 12.64128], [1, 59970, 16.27419], [2, 119910, 16.62713], [3, 179850, 16.62713], [4, 239790, 16.62713], [5, 299730, 16.62713], [6, 359670, 16.62713], [7, 419610, 16.62713], [8, 479550, 16.62713], [9, 539490, 17.07851], [10, 599430, 17.31022], [11, 659370, 17.31022], [12, 719310, 17.31022], [13, 779250, 17.31022], [14, 839190, 17.31022], [15, 899130, 17.31022], [16, 959070, 17.31022], [17, 1019010, 17.31022]]
[[0, 30, 11.95245], [1, 59970, 15.29672], [2, 119910, 16.30641], [3, 179850, 16.30641], [4, 239790, 16.51088], [5, 299730, 16.51088], [6, 359670, 16.51088], [7, 419610, 16.51088], [8, 479550, 16.51088], [9, 539490, 16.51088], [10, 599430, 16.51088], [11, 659370, 16.51088], [12, 719310, 16.51088], [13, 779250, 16.51088], [14, 839190, 16.51088], [15, 899130, 16.51088], [16, 959070, 16.51088], [17, 1019010, 16.51088]]
[[0, 30, 12.93314], [1, 59970, 15.62816], [2, 119910, 15.62816], [3, 179850, 16.24587], [4, 239790, 16.8103], [5, 299730, 16.8103], [6, 359670, 16.8103], [7, 419610, 16.8103], [8, 479550, 16.8103], [9, 539490, 16.8103], [10, 599430, 16.8103], [11, 659370, 16.8103], [12, 719310, 16.8103], [13, 779250, 16.8103], [14, 839190, 16.8103], [15, 899130, 16.8103], [16, 959070, 16.8103], [17, 1019010, 16.8103]]
[[0, 30, 13.25102], [1, 59970, 16.23024], [2, 119910, 16.23024], [3, 179850, 16.23024], [4, 239790, 16.23024], [5, 299730, 16.23024], [6, 359670, 16.23024], [7, 419610, 16.76894], [8, 479550, 16.76894], [9, 539490, 16.76894], [10, 599430, 16.76894], [11, 659370, 16.76894], [12, 719310, 16.76894], [13, 779250, 16.76894], [14, 839190, 16.76894], [15, 899130, 16.76894], [16, 959070, 16.76894], [17, 1019010, 16.76894]]
[[0, 30, 12.27999], [1, 59970, 15.57247], [2, 119910, 16.13179], [3, 179850, 16.13302], [4, 239790, 16.77866], [5, 299730, 16.77866], [6, 359670, 16.77866], [7, 419610, 16.77866], [8, 479550, 16.77866], [9, 539490, 16.77866], [10, 599430, 16.84922], [11, 659370, 16.84922], [12, 719310, 16.84922], [13, 779250, 16.84922], [14, 839190, 16.84922], [15, 899130, 16.84922], [16, 959070, 16.84922], [17, 1019010, 16.84922]]
[[0, 30, 14.11807], [1, 59970, 15.58375], [2, 119910, 15.83182], [3, 179850, 15.83182], [4, 239790, 15.83182], [5, 299730, 16.4457], [6, 359670, 17.05569], [7, 419610, 17.05569], [8, 479550, 17.05569], [9, 539490, 17.05569], [10, 599430, 17.05569], [11, 659370, 17.05569], [12, 719310, 17.05569], [13, 779250, 17.05569], [14, 839190, 17.05569], [15, 899130, 17.05569], [16, 959070, 17.05569], [17, 1019010, 17.05569]]
[[0, 30, 12.65347], [1, 59970, 15.14906], [2, 119910, 15.90632], [3, 179850, 16.19952], [4, 239790, 16.19952], [5, 299730, 16.37747], [6, 359670, 16.42101], [7, 419610, 16.42101], [8, 479550, 16.75381], [9, 539490, 16.75381], [10, 599430, 16.75381], [11, 659370, 16.75381], [12, 719310, 16.75381], [13, 779250, 16.75381], [14, 839190, 16.75381], [15, 899130, 16.75381], [16, 959070, 16.75381], [17, 1019010, 16.75381]]
[[0, 30, 14.15535], [1, 59970, 16.28593], [2, 119910, 16.51457], [3, 179850, 16.99723], [4, 239790, 16.99723], [5, 299730, 16.99723], [6, 359670, 16.99723], [7, 419610, 16.99723], [8, 479550, 17.19739], [9, 539490, 17.19739], [10, 599430, 17.19739], [11, 659370, 17.19739], [12, 719310, 17.44742], [13, 779250, 17.44742], [14, 839190, 17.51733], [15, 899130, 17.62782], [16, 959070, 17.62782], [17, 1019010, 17.62782]]
[[0, 30, 12.87971], [1, 59970, 17.17524], [2, 119910, 17.17524], [3, 179850, 17.17524], [4, 239790, 17.17524], [5, 299730, 17.17524], [6, 359670, 17.17524], [7, 419610, 17.17524], [8, 479550, 17.17524], [9, 539490, 17.33244], [10, 599430, 17.33244], [11, 659370, 17.33244], [12, 719310, 17.33244], [13, 779250, 17.33244], [14, 839190, 17.33244], [15, 899130, 17.33244], [16, 959070, 17.33244], [17, 1019010, 17.33244]]
[[0, 30, 12.19575], [1, 59970, 14.94504], [2, 119910, 15.95165], [3, 179850, 15.95165], [4, 239790, 15.95165], [5, 299730, 15.95165], [6, 359670, 15.95165], [7, 419610, 16.06926], [8, 479550, 16.06926], [9, 539490, 16.06926], [10, 599430, 16.06926], [11, 659370, 16.06926], [12, 719310, 16.06926], [13, 779250, 16.1827], [14, 839190, 16.1827], [15, 899130, 16.1827], [16, 959070, 16.1827], [17, 1019010, 16.41053]]
[[0, 30, 13.09631], [1, 59970, 15.66481], [2, 119910, 15.66481], [3, 179850, 16.06093], [4, 239790, 16.86806], [5, 299730, 16.86806], [6, 359670, 16.86806], [7, 419610, 16.86806], [8, 479550, 16.86806], [9, 539490, 16.87454], [10, 599430, 16.95927], [11, 659370, 16.95927], [12, 719310, 16.95927], [13, 779250, 16.95927], [14, 839190, 16.95927], [15, 899130, 16.95927], [16, 959070, 16.95927], [17, 1019010, 16.95927]]
[[0, 30, 13.20608], [1, 59970, 15.20989], [2, 119910, 15.75727], [3, 179850, 15.75727], [4, 239790, 15.75727], [5, 299730, 15.76479], [6, 359670, 16.20585], [7, 419610, 16.20585], [8, 479550, 16.26118], [9, 539490, 16.41395], [10, 599430, 16.54829], [11, 659370, 16.54829], [12, 719310, 16.54829], [13, 779250, 16.54829], [14, 839190, 16.54829], [15, 899130, 16.54829], [16, 959070, 16.54829], [17, 1019010, 16.54829]]
[[0, 30, 13.47801], [1, 59970, 15.57119], [2, 119910, 16.10635], [3, 179850, 16.10635], [4, 239790, 16.52278], [5, 299730, 16.52278], [6, 359670, 16.52278], [7, 419610, 16.52278], [8, 479550, 16.52278], [9, 539490, 16.52278], [10, 599430, 16.52278], [11, 659370, 16.57131], [12, 719310, 16.57131], [13, 779250, 16.57131], [14, 839190, 16.57131], [15, 899130, 16.57131], [16, 959070, 16.57131], [17, 1019010, 16.57131]]
[[0, 30, 12.69282], [1, 59970, 15.31226], [2, 119910, 15.63074], [3, 179850, 15.94138], [4, 239790, 16.33064], [5, 299730, 16.33064], [6, 359670, 16.33064], [7, 419610, 16.33064], [8, 479550, 16.33064], [9, 539490, 16.33064], [10, 599430, 16.33064], [11, 659370, 16.4701], [12, 719310, 16.4701], [13, 779250, 16.4701], [14, 839190, 16.4701], [15, 899130, 16.57505], [16, 959070, 16.57505], [17, 1019010, 16.57505]]
[[0, 30, 12.76783], [1, 59970, 15.11785], [2, 119910, 16.6879], [3, 179850, 16.6879], [4, 239790, 16.6879], [5, 299730, 16.6879], [6, 359670, 17.38064], [7, 419610, 17.38064], [8, 479550, 17.38064], [9, 539490, 17.53834], [10, 599430, 17.53834], [11, 659370, 17.53834], [12, 719310, 17.53834], [13, 779250, 17.53834], [14, 839190, 17.53834], [15, 899130, 17.53834], [16, 959070, 17.53834], [17, 1019010, 17.53834]]
[[0, 30, 13.5476], [1, 59970, 15.98067], [2, 119910, 15.98067], [3, 179850, 16.51642], [4, 239790, 16.77558], [5, 299730, 16.77558], [6, 359670, 16.77558], [7, 419610, 16.77558], [8, 479550, 16.77558], [9, 539490, 16.77558], [10, 599430, 16.77558], [11, 659370, 16.77558], [12, 719310, 16.77558], [13, 779250, 16.77558], [14, 839190, 16.77558], [15, 899130, 16.77558], [16, 959070, 16.77558], [17, 1019010, 16.77558]]
[[0, 30, 13.54735], [1, 59970, 15.62776], [2, 119910, 16.09687], [3, 179850, 16.77414], [4, 239790, 16.77414], [5, 299730, 16.81724], [6, 359670, 16.81724], [7, 419610, 16.81724], [8, 479550, 17.21748], [9, 539490, 17.21748], [10, 599430, 17.21748], [11, 659370, 17.21748], [12, 719310, 17.21748], [13, 779250, 17.21748], [14, 839190, 17.21748], [15, 899130, 17.21748], [16, 959070, 17.21748], [17, 1019010, 17.21748]]
[[0, 30, 13.67246], [1, 59970, 17.20434], [2, 119910, 17.20434], [3, 179850, 17.20434], [4, 239790, 17.38336], [5, 299730, 17.80556], [6, 359670, 17.80556], [7, 419610, 17.80556], [8, 479550, 17.80556], [9, 539490, 17.80556], [10, 599430, 17.80556], [11, 659370, 17.80556], [12, 719310, 17.80556], [13, 779250, 17.80556], [14, 839190, 17.80556], [15, 899130, 17.80556], [16, 959070, 17.80556], [17, 1019010, 17.80556]]
