[[0, 30, 213.12743], [1, 30030, 234.66492], [2, 60030, 239.77363], [3, 90030, 243.42831], [4, 120030, 244.40608], [5, 150030, 244.42881], [6, 180030, 244.42881], [7, 210030, 244.42881], [8, 240030, 245.36634], [9, 270030, 245.36634], [10, 300030, 245.36634], [11, 330030, 245.36634], [12, 360030, 245.36634], [13, 390030, 245.36634], [14, 420030, 245.36634], [15, 450030, 245.36634], [16, 480030, 245.36634], [17, 510030, 245.36634]]
[[0, 30, 213.53531], [1, 30030, 235.39717], [2, 60030, 238.74246], [3, 90030, 239.18496], [4, 120030, 242.1744], [5, 150030, 242.1744], [6, 180030, 242.25826], [7, 210030, 242.37545], [8, 240030, 242.37545], [9, 270030, 242.81212], [10, 300030, 242.81212], [11, 330030, 242.81212], [12, 360030, 243.36091], [13, 390030, 243.3679], [14, 420030, 243.3679], [15, 450030, 243.3679], [16, 480030, 243.3679], [17, 510030, 243.3679]]
[[0, 30, 218.91206], [1, 30030, 234.6015], [2, 60030, 239.74261], [3, 90030, 241.88722], [4, 120030, 241.94816], [5, 150030, 242.04339], [6, 180030, 242.04339], [7, 210030, 243.08541], [8, 240030, 243.99715], [9, 270030, 245.0072], [10, 300030, 245.0072], [11, 330030, 245.0072], [12, 360030, 245.0072], [13, 390030, 245.0072], [14, 420030, 245.0072], [15, 450030, 245.0072], [16, 480030, 245.0072], [17, 510030, 245.0072]]
[[0, 30, 218.38728], [1, 30030, 235.08611], [2, 60030, 240.21816], [3, 90030, 242.35011], [4, 120030, 242.66441], [5, 150030, 243.7153], [6, 180030, 243.7153], [7, 210030, 246.35189], [8, 240030, 246.37796], [9, 270030, 246.37796], [10, 300030, 246.37796], [11, 330030, 246.37796], [12, 360030, 246.3791], [13, 390030, 247.37052], [14, 420030, 247.37052], [15, 450030, 247.37052], [16, 480030, 247.37052], [17, 510030, 247.37052]]
[[0, 30, 215.99963], [1, 30030, 233.36962], [2, 60030, 238.04559], [3, 90030, 241.97342], [4, 120030, 242.09747], [5, 150030, 242.49312], [6, 180030, 242.86467], [7, 210030, 243.41727], [8, 240030, 243.46568], [9, 270030, 243.46568], [10, 300030, 243.46568], [11, 330030, 243.46568], [12, 360030, 243.46568], [13, 390030, 243.46568], [14, 420030, 243.46568], [15, 450030, 243.46568], [16, 480030, 243.46568], [17, 510030, 243.46568]]
[[0, 30, 216.30907], [1, 30030, 236.15773], [2, 60030, 239.05579], [3, 90030, 239.05579], [4, 120030, 239.6118], [5, 150030, 241.44954], [6, 180030, 244.55155], [7, 210030, 244.55155], [8, 240030, 245.46567], [9, 270030, 245.46567], [10, 300030, 245.46567], [11, 330030, 246.5243], [12, 360030, 246.5243], [13, 390030, 246.5243], [14, 420030, 246.5243], [15, 450030, 247.34934], [16, 480030, 247.34934], [17, 510030, 247.34934]]
[[0, 30, 217.59926], [1, 30030, 233.487], [2, 60030, 236.66581], [3, 90030, 238.07], [4, 120030, 239.21756], [5, 150030, 240.44485], [6, 180030, 240.45067], [7, 210030, 240.45067], [8, 240030, 241.17068], [9, 270030, 241.23196], [10, 300030, 242.20985], [11, 330030, 242.70347], [12, 360030, 242.81556], [13, 390030, 242.81556], [14, 420030, 242.81556], [15, 450030, 242.81556], [16, 480030, 242.81556], [17, 510030, 242.81556]]
[[0, 30, 217.45453], [1, 30030, 234.60657], [2, 60030, 238.41502], [3, 90030, 242.2987], [4, 120030, 242.2987], [5, 150030, 242.2987], [6, 180030, 242.36994], [7, 210030, 242.36994], [8, 240030, 242.36994], [9, 270030, 242.36994], [10, 300030, 242.36994], [11, 330030, 243.93346], [12, 360030, 244.01607], [13, 390030, 244.01607], [14, 420030, 244.01607], [15, 450030, 244.01607], [16, 480030, 244.01607], [17, 510030, 244.01607]]
[[0, 30, 218.69823], [1, 30030, 234.45678], [2, 60030, 237.87652], [3, 90030, 238.16617], [4, 120030, 239.5228], [5, 150030, 242.95876], [6, 180030, 242.95876], [7, 210030, 242.95876], [8, 240030, 242.95876], [9, 270030, 242.95876], [10, 300030, 242.95876], [11, 330030, 242.95876], [12, 360030, 242.95876], [13, 390030, 242.95876], [14, 420030, 242.98702], [15, 450030, 242.98702], [16, 480030, 242.98702], [17, 510030, 242.98702]]
[[0, 30, 215.96317], [1, 30030, 235.4818], [2, 60030, 238.03993], [3, 90030, 240.40927], [4, 120030, 241.6904], [5, 150030, 241.6904], [6, 180030, 241.6904], [7, 210030, 241.79855], [8, 240030, 241.79855], [9, 270030, 242.41063], [10, 300030, 242.41063], [11, 330030, 242.41063], [12, 360030, 242.41063], [13, 390030, 242.41063], [14, 420030, 242.41063], [15, 450030, 242.41063], [16, 480030, 242.41063], [17, 510030, 242.41063]]
[[0, 30, 221.41816], [1, 30030, 233.4539], [2, 60030, 235.67074], [3, 90030, 236.70088], [4, 120030, 239.5264], [5, 150030, 241.75609], [6, 180030, 243.42861], [7, 210030, 243.42861], [8, 240030, 243.42861], [9, 270030, 243.42861], [10, 300030, 243.42861], [11, 330030, 243.42861], [12, 360030, 243.42861], [13, 390030, 243.42861], [14, 420030, 243.42861], [15, 450030, 243.42861], [16, 480030, 243.42861], [17, 510030, 243.58435]]
[[0, 30, 219.81511], [1, 30030, 236.25475], [2, 60030, 239.10814], [3, 90030, 242.29765], [4, 120030, 242.37277], [5, 150030, 242.37277], [6, 180030, 242.37277], [7, 210030, 242.37277], [8, 240030, 242.46137], [9, 270030, 242.46137], [10, 300030, 242.46137], [11, 330030, 242.46137], [12, 360030, 242.46137], [13, 390030, 242.69127], [14, 420030, 242.69127], [15, 450030, 242.69127], [16, 480030, 243.41905], [17, 510030, 244.49582]]
[[0, 30, 217.85741], [1, 30030, 234.03964], [2, 60030, 235.37728], [3, 90030, 239.39191], [4, 120030, 239.39191], [5, 150030, 240.44091], [6, 180030, 241.78773], [7, 210030, 241.78773], [8, 240030, 242.74594], [9, 270030, 242.74594], [10, 300030, 243.68373], [11, 330030, 243.68373], [12, 360030, 243.68373], [13, 390030, 244.68451], [14, 420030, 244.68451], [15, 450030, 244.68451], [16, 480030, 244.68451], [17, 510030, 244.68451]]
[[0, 30, 217.93118], [1, 30030, 233.11116], [2, 60030, 237.00445], [3, 90030, 239.49818], [4, 120030, 240.9944], [5, 150030, 240.9944], [6, 180030, 241.16792], [7, 210030, 242.15638], [8, 240030, 242.16299], [9, 270030, 242.16299], [10, 300030, 242.16299], [11, 330030, 242.16299], [12, 360030, 242.43774], [13, 390030, 242.43774], [14, 420030, 242.43774], [15, 450030, 242.43774], [16, 480030, 242.43774], [17, 510030, 242.43774]]
[[0, 30, 213.5151], [1, 30030, 235.80361], [2, 60030, 239.26442], [3, 90030, 239.26442], [4, 120030, 240.81771], [5, 150030, 240.81771], [6, 180030, 242.84383], [7, 210030, 242.84383], [8, 240030, 242.84383], [9, 270030, 242.84383], [10, 300030, 242.84383], [11, 330030, 242.84383], [12, 360030, 242.84383], [13, 390030, 242.84383], [14, 420030, 242.84383], [15, 450030, 242.84383], [16, 480030, 244.32399], [17, 510030, 244.32399]]
[[0, 30, 218.70028], [1, 30030, 233.32886], [2, 60030, 236.85007], [3, 90030, 237.83684], [4, 120030, 238.82625], [5, 150030, 239.93203], [6, 180030, 239.93203], [7, 210030, 240.51635], [8, 240030, 240.51635], [9, 270030, 240.51635], [10, 300030, 240.51635], [11, 330030, 240.51635], [12, 360030, 242.10433], [13, 390030, 242.45054], [14, 420030, 242.45054], [15, 450030, 242.45054], [16, 480030, 242.53006], [17, 510030, 242.53006]]
[[0, 30, 216.50358], [1, 30030, 235.77653], [2, 60030, 238.95546], [3, 90030, 241.75642], [4, 120030, 241.75642], [5, 150030, 241.75642], [6, 180030, 242.08279], [7, 210030, 242.08279], [8, 240030, 242.08279], [9, 270030, 242.08279], [10, 300030, 242.08279], [11, 330030, 242.08279], [12, 360030, 242.08279], [13, 390030, 242.08279], [14, 420030, 242.08279], [15, 450030, 242.08279], [16, 480030, 242.68788], [17, 510030, 243.67634]]
[[0, 30, 215.21392], [1, 30030, 235.84499], [2, 60030, 237.86243], [3, 90030, 238.21213], [4, 120030, 240.00298], [5, 150030, 240.00298], [6, 180030, 240.70199], [7, 210030, 243.80402], [8, 240030, 243.80402], [9, 270030, 243.80402], [10, 300030, 244.82473], [11, 330030, 244.82473], [12, 360030, 244.82473], [13, 390030, 244.82473], [14, 420030, 244.82473], [15, 450030, 244.82473], [16, 480030, 244.82473], [17, 510030, 244.82473]]
[[0, 30, 217.02337], [1, 30030, 235.32904], [2, 60030, 239.29536], [3, 90030, 239.29536], [4, 120030, 241.60922], [5, 150030, 241.68917], [6, 180030, 241.68917], [7, 210030, 241.68917], [8, 240030, 243.24842], [9, 270030, 243.24842], [10, 300030, 244.16321], [11, 330030, 244.16321], [12, 360030, 244.16321], [13, 390030, 244.16321], [14, 420030, 245.24228], [15, 450030, 245.24228], [16, 480030, 245.24228], [17, 510030, 245.24228]]
[[0, 30, 215.03062], [1, 30030, 235.19968], [2, 60030, 236.76241], [3, 90030, 239.35755], [4, 120030, 241.14824], [5, 150030, 243.15807], [6, 180030, 243.99345], [7, 210030, 243.99345], [8, 240030, 243.99345], [9, 270030, 243.99345], [10, 300030, 243.99345], [11, 330030, 244.08619], [12, 360030, 244.08619], [13, 390030, 244.24243], [14, 420030, 244.24243], [15, 450030, 244.24243], [16, 480030, 244.24243], [17, 510030, 244.24243]]
[[0, 30, 213.9908], [1, 30030, 234.34681], [2, 60030, 240.66751], [3, 90030, 240.66751], [4, 120030, 240.66751], [5, 150030, 240.66751], [6, 180030, 241.56422], [7, 210030, 241.59783], [8, 240030, 241.73241], [9, 270030, 242.66595], [10, 300030, 242.66595], [11, 330030, 242.66595], [12, 360030, 242.66595], [13, 390030, 242.66595], [14, 420030, 242.66595], [15, 450030, 242.66595], [16, 480030, 242.66595], [17, 510030, 242.66595]]
[[0, 30, 224.6467], [1, 30030, 235.27006], [2, 60030, 240.90509], [3, 90030, 242.11476], [4, 120030, 243.06981], [5, 150030, 244.05103], [6, 180030, 248.80164], [7, 210030, 248.80164], [8, 240030, 248.80164], [9, 270030, 248.80164], [10, 300030, 248.80164], [11, 330030, 248.80164], [12, 360030, 248.80164], [13, 390030, 248.80164], [14, 420030, 248.80164], [15, 450030, 248.80164], [16, 480030, 248.84728], [17, 510030, 248.84728]]
[[0, 30, 216.1675], [1, 30030, 238.30319], [2, 60030, 240.19691], [3, 90030, 240.34062], [4, 120030, 240.34062], [5, 150030, 241.24818], [6, 180030, 243.13271], [7, 210030, 244.12065], [8, 240030, 244.12065], [9, 270030, 244.12065], [10, 300030, 245.18574], [11, 330030, 245.27955], [12, 360030, 245.27955], [13, 390030, 245.27955], [14, 420030, 245.27955], [15, 450030, 245.27955], [16, 480030, 245.27955], [17, 510030, 247.39345]]
[[0, 30, 218.25857], [1, 30030, 234.5006], [2, 60030, 239.39003], [3, 90030, 240.08565], [4, 120030, 242.57651], [5, 150030, 242.57651], [6, 180030, 242.57651], [7, 210030, 242.57651], [8, 240030, 243.78339], [9, 270030, 243.78339], [10, 300030, 243.80563], [11, 330030, 243.80563], [12, 360030, 243.80563], [13, 390030, 243.80563], [14, 420030, 243.80563], [15, 450030, 243.80563], [16, 480030, 243.80563], [17, 510030, 243.80563]]
[[0, 30, 213.4239], [1, 30030, 236.15799], [2, 60030, 238.26944], [3, 90030, 239.56084], [4, 120030, 239.64422], [5, 150030, 239.64422], [6, 180030, 239.64422], [7, 210030, 239.64422], [8, 240030, 240.18424], [9, 270030, 240.18424], [10, 300030, 240.18424], [11, 330030, 241.95645], [12, 360030, 242.85683], [13, 390030, 242.85683], [14, 420030, 242.85683], [15, 450030, 242.85683], [16, 480030, 242.85683], [17, 510030, 242.85683]]
[[0, 30, 219.44781], [1, 30030, 233.96746], [2, 60030, 239.06338], [3, 90030, 242.9776], [4, 120030, 243.97282], [5, 150030, 243.97282], [6, 180030, 243.97282], [7, 210030, 243.97282], [8, 240030, 243.97282], [9, 270030, 244.07409], [10, 300030, 245.61938], [11, 330030, 246.33441], [12, 360030, 246.35634], [13, 390030, 246.35634], [14, 420030, 246.35634], [15, 450030, 246.35634], [16, 480030, 246.35634], [17, 510030, 246.35634]]
[[0, 30, 219.10148], [1, 30030, 235.58987], [2, 60030, 238.54406], [3, 90030, 239.85187], [4, 120030, 239.85187], [5, 150030, 239.85187], [6, 180030, 240.02532], [7, 210030, 241.3976], [8, 240030, 242.5388], [9, 270030, 242.5388], [10, 300030, 242.5388], [11, 330030, 242.5388], [12, 360030, 242.5388], [13, 390030, 242.5388], [14, 420030, 242.5388], [15, 450030, 242.5388], [16, 480030, 242.5388], [17, 510030, 242.5388]]
[[0, 30, 218.2885], [1, 30030, 239.76704], [2, 60030, 240.71363], [3, 90030, 241.77371], [4, 120030, 242.44313], [5, 150030, 244.64337], [6, 180030, 246.81076], [7, 210030, 247.52983], [8, 240030, 247.74465], [9, 270030, 247.74465], [10, 300030, 247.74465], [11, 330030, 247.74465], [12, 360030, 247.74465], [13, 390030, 247.74465], [14, 420030, 247.74465], [15, 450030, 247.74465], [16, 480030, 247.74465], [17, 510030, 247.74465]]
[[0, 30, 213.6443], [1, 30030, 237.75069], [2, 60030, 240.12643], [3, 90030, 241.15657], [4, 120030, 241.22424], [5, 150030, 243.02056], [6, 180030, 243.02383], [7, 210030, 243.02383], [8, 240030, 243.02383], [9, 270030, 243.02383], [10, 300030, 243.02383], [11, 330030, 243.04656], [12, 360030, 244.02909], [13, 390030, 244.02909], [14, 420030, 244.02909], [15, 450030, 244.02909], [16, 480030, 244.02909], [17, 510030, 244.02909]]
[[0, 30, 219.66855], [1, 30030, 235.01534], [2, 60030, 239.65802], [3, 90030, 239.98702], [4, 120030, 241.26797], [5, 150030, 241.26797], [6, 180030, 241.73733], [7, 210030, 241.73733], [8, 240030, 241.73733], [9, 270030, 241.73733], [10, 300030, 241.73733], [11, 330030, 241.73733], [12, 360030, 241.73733], [13, 390030, 241.73733], [14, 420030, 241.73733], [15, 450030, 242.25155], [16, 480030, 242.87283], [17, 510030, 243.54524]]
[[0, 30, 214.86594], [1, 30030, 234.12926], [2, 60030, 237.22408], [3, 90030, 240.15996], [4, 120030, 240.19525], [5, 150030, 240.42281], [6, 180030, 242.41487], [7, 210030, 244.23645], [8, 240030, 244.23645], [9, 270030, 244.23645], [10, 300030, 244.23645], [11, 330030, 244.23645], [12, 360030, 244.23645], [13, 390030, 244.23645], [14, 420030, 244.23645], [15, 450030, 244.23645], [16, 480030, 244.23645], [17, 510030, 244.23645]]
[[0, 30, 217.27901], [1, 30030, 234.98032], [2, 60030, 237.9571], [3, 90030, 239.07086], [4, 120030, 239.17265], [5, 150030, 241.00442], [6, 180030, 241.03597], [7, 210030, 241.03597], [8, 240030, 241.38486], [9, 270030, 241.38486], [10, 300030, 241.46167], [11, 330030, 241.46167], [12, 360030, 241.46167], [13, 390030, 241.49815], [14, 420030, 242.5487], [15, 450030, 242.5487], [16, 480030, 242.5487], [17, 510030, 242.5487]]
[[0, 30, 217.99718], [1, 30030, 237.39089], [2, 60030, 237.55795], [3, 90030, 240.77436], [4, 120030, 242.70387], [5, 150030, 242.70387], [6, 180030, 242.70387], [7, 210030, 242.80036], [8, 240030, 242.80036], [9, 270030, 242.80036], [10, 300030, 244.5954], [11, 330030, 245.59756], [12, 360030, 245.59756], [13, 390030, 245.59756], [14, 420030, 245.59756], [15, 450030, 245.59756], [16, 480030, 245.59756], [17, 510030, 245.59756]]
[[0, 30, 218.97873], [1, 30030, 234.84325], [2, 60030, 238.21414], [3, 90030, 240.23093], [4, 120030, 241.02955], [5, 150030, 241.14885], [6, 180030, 241.25208], [7, 210030, 243.75185], [8, 240030, 243.84573], [9, 270030, 244.14591], [10, 300030, 244.14591], [11, 330030, 244.14591], [12, 360030, 244.14591], [13, 390030, 244.14591], [14, 420030, 244.14591], [15, 450030, 244.14591], [16, 480030, 244.14591], [17, 510030, 244.14591]]
[[0, 30, 220.14852], [1, 30030, 235.70072], [2, 60030, 238.95727], [3, 90030, 239.94833], [4, 120030, 240.04059], [5, 150030, 241.64439], [6, 180030, 242.55925], [7, 210030, 243.5693], [8, 240030, 244.4519], [9, 270030, 244.4519], [10, 300030, 244.4519], [11, 330030, 244.4519], [12, 360030, 244.4519], [13, 390030, 244.4519], [14, 420030, 244.4519], [15, 450030, 245.58532], [16, 480030, 245.58532], [17, 510030, 245.58532]]
[[0, 30, 217.96471], [1, 30030, 234.65507], [2, 60030, 237.18334], [3, 90030, 239.47533], [4, 120030, 239.51578], [5, 150030, 239.51578], [6, 180030, 239.61935], [7, 210030, 239.86811], [8, 240030, 241.59041], [9, 270030, 241.59041], [10, 300030, 241.59041], [11, 330030, 242.64677], [12, 360030, 242.64677], [13, 390030, 242.64677], [14, 420030, 242.82186], [15, 450030, 242.82186], [16, 480030, 242.86231], [17, 510030, 242.86231]]
[[0, 30, 216.64007], [1, 30030, 234.93763], [2, 60030, 237.89709], [3, 90030, 239.71811], [4, 120030, 241.74338], [5, 150030, 241.89815], [6, 180030, 242.93222], [7, 210030, 242.93222], [8, 240030, 242.93222], [9, 270030, 243.74057], [10, 300030, 243.74057], [11, 330030, 243.74057], [12, 360030, 243.74057], [13, 390030, 243.74818], [14, 420030, 243.74818], [15, 450030, 243.74818], [16, 480030, 243.74818], [17, 510030, 243.74818]]
[[0, 30, 219.2675], [1, 30030, 236.80748], [2, 60030, 237.02306], [3, 90030, 238.27883], [4, 120030, 240.73257], [5, 150030, 242.48242], [6, 180030, 242.48242], [7, 210030, 242.59812], [8, 240030, 242.59812], [9, 270030, 242.59812], [10, 300030, 243.69636], [11, 330030, 243.69636], [12, 360030, 243.69636], [13, 390030, 243.69636], [14, 420030, 243.69636], [15, 450030, 243.69636], [16, 480030, 243.69636], [17, 510030, 243.69636]]
[[0, 30, 216.4308], [1, 30030, 233.3045], [2, 60030, 234.87786], [3, 90030, 236.51499], [4, 120030, 240.21069], [5, 150030, 240.26766], [6, 180030, 241.30149], [7, 210030, 242.38923], [8, 240030, 243.3676], [9, 270030, 243.3676], [10, 300030, 243.3676], [11, 330030, 243.3676], [12, 360030, 243.52601], [13, 390030, 244.48741], [14, 420030, 244.48741], [15, 450030, 244.48741], [16, 480030, 244.48741], [17, 510030, 244.48741]]
[[0, 30, 217.77422], [1, 30030, 238.17429], [2, 60030, 239.11177], [3, 90030, 240.75804], [4, 120030, 240.75804], [5, 150030, 243.63932], [6, 180030, 243.63932], [7, 210030, 243.76402], [8, 240030, 244.78363], [9, 270030, 246.44504], [10, 300030, 246.44504], [11, 330030, 246.44504], [12, 360030, 246.44504], [13, 390030, 246.44504], [14, 420030, 246.44504], [15, 450030, 246.44504], [16, 480030, 246.44504], [17, 510030, 246.44504]]
[[0, 30, 219.17303], [1, 30030, 232.74604], [2, 60030, 236.30465], [3, 90030, 239.93275], [4, 120030, 239.93275], [5, 150030, 240.54707], [6, 180030, 240.87383], [7, 210030, 240.99093], [8, 240030, 240.99093], [9, 270030, 241.44732], [10, 300030, 241.44732], [11, 330030, 241.44732], [12, 360030, 241.44732], [13, 390030, 241.44732], [14, 420030, 241.44732], [15, 450030, 241.44732], [16, 480030, 241.59303], [17, 510030, 241.59303]]
[[0, 30, 217.6119], [1, 30030, 234.64879], [2, 60030, 240.1732], [3, 90030, 242.01463], [4, 120030, 242.01463], [5, 150030, 243.10184], [6, 180030, 243.10184], [7, 210030, 243.10184], [8, 240030, 243.10184], [9, 270030, 243.10184], [10, 300030, 243.10184], [11, 330030, 243.12978], [12, 360030, 243.12978], [13, 390030, 245.10217], [14, 420030, 245.12748], [15, 450030, 245.12748], [16, 480030, 245.12748], [17, 510030, 245.12748]]
[[0, 30, 216.89174], [1, 30030, 234.23557], [2, 60030, 237.60373], [3, 90030, 237.84805], [4, 120030, 238.71944], [5, 150030, 239.37112], [6, 180030, 240.10814], [7, 210030, 240.21452], [8, 240030, 240.53965], [9, 270030, 241.40766], [10, 300030, 242.50637], [11, 330030, 243.25865], [12, 360030, 243.36075], [13, 390030, 243.36075], [14, 420030, 244.41715], [15, 450030, 244.41715], [16, 480030, 244.53823], [17, 510030, 244.53823]]
[[0, 30, 219.49933], [1, 30030, 233.43478], [2, 60030, 237.08043], [3, 90030, 239.83747], [4, 120030, 239.87749], [5, 150030, 240.81604], [6, 180030, 241.31052], [7, 210030, 242.9921], [8, 240030, 242.9921], [9, 270030, 242.9921], [10, 300030, 242.9921], [11, 330030, 242.9921], [12, 360030, 244.52946], [13, 390030, 244.52946], [14, 420030, 244.52946], [15, 450030, 244.52946], [16, 480030, 244.52946], [17, 510030, 244.52946]]
[[0, 30, 212.71074], [1, 30030, 238.6572], [2, 60030, 239.70775], [3, 90030, 240.806], [4, 120030, 240.806], [5, 150030, 241.9417], [6, 180030, 241.9417], [7, 210030, 242.20175], [8, 240030, 242.95801], [9, 270030, 242.95801], [10, 300030, 245.05624], [11, 330030, 245.05624], [12, 360030, 245.05624], [13, 390030, 245.05624], [14, 420030, 245.05624], [15, 450030, 245.05624], [16, 480030, 245.05624], [17, 510030, 245.05624]]
[[0, 30, 214.86091], [1, 30030, 233.01864], [2, 60030, 235.82615], [3, 90030, 237.90902], [4, 120030, 239.5539], [5, 150030, 240.34229], [6, 180030, 240.76439], [7, 210030, 240.99986], [8, 240030, 240.99986], [9, 270030, 240.99986], [10, 300030, 241.14322], [11, 330030, 241.14322], [12, 360030, 243.69856], [13, 390030, 243.69856], [14, 420030, 243.69856], [15, 450030, 243.7855], [16, 480030, 244.57733], [17, 510030, 244.57733]]
[[0, 30, 214.49357], [1, 30030, 232.13234], [2, 60030, 236.40008], [3, 90030, 238.79255], [4, 120030, 239.84923], [5, 150030, 240.37868], [6, 180030, 240.37868], [7, 210030, 240.37868], [8, 240030, 240.37868], [9, 270030, 240.37868], [10, 300030, 240.37868], [11, 330030, 240.37868], [12, 360030, 240.37868], [13, 390030, 241.39493], [14, 420030, 241.39493], [15, 450030, 241.39493], [16, 480030, 241.39493], [17, 510030, 241.39493]]
[[0, 30, 212.26395], [1, 30030, 233.25929], [2, 60030, 237.36934], [3, 90030, 239.25478], [4, 120030, 241.98915], [5, 150030, 241.99169], [6, 180030, 242.9084], [7, 210030, 243.2006], [8, 240030, 244.13389], [9, 270030, 244.13389], [10, 300030, 244.13389], [11, 330030, 244.13389], [12, 360030, 244.13389], [13, 390030, 245.2309], [14, 420030, 245.2309], [15, 450030, 245.2309], [16, 480030, 245.50769], [17, 510030, 245.57609]]
[[0, 30, 218.46973], [1, 30030, 240.42216], [2, 60030, 240.42216], [3, 90030, 241.3826], [4, 120030, 241.3826], [5, 150030, 241.3826], [6, 180030, 241.41934], [7, 210030, 241.93857], [8, 240030, 241.93857], [9, 270030, 241.93857], [10, 300030, 244.35285], [11, 330030, 244.35285], [12, 360030, 244.35285], [13, 390030, 244.35285], [14, 420030, 245.34749], [15, 450030, 245.34749], [16, 480030, 245.34749], [17, 510030, 245.34749]]
[[0, 30, 214.23335], [1, 30030, 237.88764], [2, 60030, 241.1419], [3, 90030, 242.0716], [4, 120030, 242.09767], [5, 150030, 242.09767], [6, 180030, 242.36636], [7, 210030, 243.40881], [8, 240030, 243.40881], [9, 270030, 243.40881], [10, 300030, 245.44322], [11, 330030, 245.44322], [12, 360030, 245.44322], [13, 390030, 245.44322], [14, 420030, 245.44322], [15, 450030, 245.44322], [16, 480030, 245.44322], [17, 510030, 245.44322]]
[[0, 30, 217.77548], [1, 30030, 232.97952], [2, 60030, 236.54954], [3, 90030, 237.44405], [4, 120030, 239.9647], [5, 150030, 240.05924], [6, 180030, 242.34687], [7, 210030, 243.19365], [8, 240030, 243.42946], [9, 270030, 243.42946], [10, 300030, 243.42946], [11, 330030, 244.39781], [12, 360030, 244.53983], [13, 390030, 244.53983], [14, 420030, 244.53983], [15, 450030, 244.87292], [16, 480030, 244.87292], [17, 510030, 244.87292]]
[[0, 30, 216.96002], [1, 30030, 234.20452], [2, 60030, 239.51848], [3, 90030, 242.47312], [4, 120030, 244.51322], [5, 150030, 244.51322], [6, 180030, 244.51322], [7, 210030, 244.51322], [8, 240030, 244.86228], [9, 270030, 244.86228], [10, 300030, 244.86228], [11, 330030, 244.86228], [12, 360030, 244.86228], [13, 390030, 244.86228], [14, 420030, 244.86228], [15, 450030, 244.86228], [16, 480030, 244.86228], [17, 510030, 244.86228]]
[[0, 30, 220.35769], [1, 30030, 229.82737], [2, 60030, 235.61638], [3, 90030, 236.72475], [4, 120030, 238.74793], [5, 150030, 241.54312], [6, 180030, 242.67939], [7, 210030, 242.68747], [8, 240030, 242.68747], [9, 270030, 242.68747], [10, 300030, 242.68747], [11, 330030, 242.68747], [12, 360030, 242.68747], [13, 390030, 242.68747], [14, 420030, 242.68747], [15, 450030, 242.68747], [16, 480030, 245.17718], [17, 510030, 245.17718]]
[[0, 30, 215.98331], [1, 30030, 237.04174], [2, 60030, 240.27925], [3, 90030, 241.15686], [4, 120030, 242.23912], [5, 150030, 242.23912], [6, 180030, 242.23912], [7, 210030, 242.23912], [8, 240030, 242.23912], [9, 270030, 242.23974], [10, 300030, 242.46443], [11, 330030, 243.92612], [12, 360030, 243.92612], [13, 390030, 243.92612], [14, 420030, 243.93315], [15, 450030, 243.93315], [16, 480030, 245.01038], [17, 510030, 245.01038]]
[[0, 30, 215.89738], [1, 30030, 233.0208], [2, 60030, 238.63787], [3, 90030, 238.9292], [4, 120030, 241.91364], [5, 150030, 242.82752], [6, 180030, 243.04758], [7, 210030, 243.04758], [8, 240030, 243.04758], [9, 270030, 243.04758], [10, 300030, 243.04758], [11, 330030, 243.04758], [12, 360030, 243.30155], [13, 390030, 244.29677], [14, 420030, 244.29677], [15, 450030, 244.29677], [16, 480030, 244.29677], [17, 510030, 244.29677]]
[[0, 30, 217.43571], [1, 30030, 234.65219], [2, 60030, 238.76111], [3, 90030, 239.56917], [4, 120030, 241.66921], [5, 150030, 241.89154], [6, 180030, 241.89154], [7, 210030, 242.84018], [8, 240030, 242.92711], [9, 270030, 243.86698], [10, 300030, 244.42507], [11, 330030, 245.37658], [12, 360030, 245.37658], [13, 390030, 245.37658], [14, 420030, 245.37658], [15, 450030, 245.37658], [16, 480030, 245.37658], [17, 510030, 245.37658]]
[[0, 30, 217.23306], [1, 30030, 234.02616], [2, 60030, 237.70471], [3, 90030, 238.80577], [4, 120030, 238.84908], [5, 150030, 241.49337], [6, 180030, 243.17448], [7, 210030, 243.17448], [8, 240030, 243.17448], [9, 270030, 243.17448], [10, 300030, 244.5425], [11, 330030, 244.56788], [12, 360030, 244.56788], [13, 390030, 244.56788], [14, 420030, 244.56788], [15, 450030, 244.74199], [16, 480030, 244.74199], [17, 510030, 244.74199]]
[[0, 30, 215.63484], [1, 30030, 235.93032], [2, 60030, 237.92623], [3, 90030, 238.87272], [4, 120030, 240.95023], [5, 150030, 240.97479], [6, 180030, 243.29776], [7, 210030, 243.51744], [8, 240030, 243.67908], [9, 270030, 243.67908], [10, 300030, 243.67908], [11, 330030, 243.67908], [12, 360030, 243.67908], [13, 390030, 244.67013], [14, 420030, 244.67013], [15, 450030, 244.67013], [16, 480030, 244.67013], [17, 510030, 244.67013]]
[[0, 30, 220.13545], [1, 30030, 233.91555], [2, 60030, 236.14238], [3, 90030, 238.37223], [4, 120030, 238.37223], [5, 150030, 241.99884], [6, 180030, 243.99078], [7, 210030, 243.99078], [8, 240030, 244.01297], [9, 270030, 244.01297], [10, 300030, 244.01297], [11, 330030, 244.01996], [12, 360030, 244.01996], [13, 390030, 244.01996], [14, 420030, 244.01996], [15, 450030, 244.79014], [16, 480030, 244.79014], [17, 510030, 244.79014]]
[[0, 30, 220.15457], [1, 30030, 237.21074], [2, 60030, 238.23524], [3, 90030, 238.23524], [4, 120030, 239.36379], [5, 150030, 242.25182], [6, 180030, 242.25182], [7, 210030, 242.25182], [8, 240030, 242.25182], [9, 270030, 242.25182], [10, 300030, 242.25182], [11, 330030, 242.25182], [12, 360030, 242.25182], [13, 390030, 242.25182], [14, 420030, 242.25182], [15, 450030, 242.25182], [16, 480030, 242.36041], [17, 510030, 242.36041]]
[[0, 30, 215.50134], [1, 30030, 238.6275], [2, 60030, 238.72138], [3, 90030, 238.80832], [4, 120030, 238.80832], [5, 150030, 242.69717], [6, 180030, 242.69717], [7, 210030, 242.69717], [8, 240030, 244.66108], [9, 270030, 244.66108], [10, 300030, 244.66108], [11, 330030, 244.66108], [12, 360030, 244.66108], [13, 390030, 244.66108], [14, 420030, 244.66108], [15, 450030, 244.66108], [16, 480030, 244.66108], [17, 510030, 244.66108]]
[[0, 30, 216.72444], [1, 30030, 236.34091], [2, 60030, 241.41762], [3, 90030, 241.44035], [4, 120030, 241.44035], [5, 150030, 241.53835], [6, 180030, 241.53835], [7, 210030, 241.53835], [8, 240030, 243.43945], [9, 270030, 244.28346], [10, 300030, 244.28346], [11, 330030, 244.28346], [12, 360030, 245.36374], [13, 390030, 245.36374], [14, 420030, 245.36374], [15, 450030, 245.36374], [16, 480030, 245.36374], [17, 510030, 245.36374]]
[[0, 30, 218.62347], [1, 30030, 237.06673], [2, 60030, 237.21691], [3, 90030, 239.2045], [4, 120030, 239.2045], [5, 150030, 239.72476], [6, 180030, 239.79119], [7, 210030, 240.92784], [8, 240030, 241.77943], [9, 270030, 241.77943], [10, 300030, 243.38684], [11, 330030, 243.38684], [12, 360030, 243.38684], [13, 390030, 243.38684], [14, 420030, 243.41291], [15, 450030, 243.41291], [16, 480030, 243.41291], [17, 510030, 243.94236]]
[[0, 30, 214.72613], [1, 30030, 237.72709], [2, 60030, 241.45114], [3, 90030, 243.96954], [4, 120030, 243.96954], [5, 150030, 244.02715], [6, 180030, 244.02715], [7, 210030, 244.02715], [8, 240030, 244.02715], [9, 270030, 244.02715], [10, 300030, 244.02715], [11, 330030, 245.71877], [12, 360030, 245.71877], [13, 390030, 246.62244], [14, 420030, 246.62244], [15, 450030, 246.62244], [16, 480030, 246.62244], [17, 510030, 246.74107]]
[[0, 30, 214.02541], [1, 30030, 232.04128], [2, 60030, 239.35859], [3, 90030, 240.30436], [4, 120030, 240.35573], [5, 150030, 248.49201], [6, 180030, 248.49201], [7, 210030, 248.49201], [8, 240030, 248.49201], [9, 270030, 248.49201], [10, 300030, 248.49201], [11, 330030, 248.49201], [12, 360030, 248.49201], [13, 390030, 248.49201], [14, 420030, 248.49201], [15, 450030, 248.49201], [16, 480030, 248.49201], [17, 510030, 248.49201]]
[[0, 30, 213.83051], [1, 30030, 235.32283], [2, 60030, 237.32729], [3, 90030, 239.95887], [4, 120030, 239.95887], [5, 150030, 240.22036], [6, 180030, 240.96322], [7, 210030, 241.99834], [8, 240030, 242.38917], [9, 270030, 242.38917], [10, 300030, 242.38917], [11, 330030, 242.38917], [12, 360030, 242.38917], [13, 390030, 242.38917], [14, 420030, 244.11229], [15, 450030, 244.11229], [16, 480030, 244.11229], [17, 510030, 244.11229]]
[[0, 30, 217.00703], [1, 30030, 235.04036], [2, 60030, 238.57901], [3, 90030, 240.96132], [4, 120030, 243.15706], [5, 150030, 243.15706], [6, 180030, 243.15706], [7, 210030, 244.06266], [8, 240030, 244.15418], [9, 270030, 244.15418], [10, 300030, 244.15418], [11, 330030, 244.15418], [12, 360030, 244.15418], [13, 390030, 244.15418], [14, 420030, 244.15418], [15, 450030, 244.15418], [16, 480030, 244.15418], [17, 510030, 244.15418]]
[[0, 30, 217.95966], [1, 30030, 234.96999], [2, 60030, 237.84798], [3, 90030, 238.14817], [4, 120030, 241.72757], [5, 150030, 241.72757], [6, 180030, 241.84703], [7, 210030, 244.01378], [8, 240030, 244.98607], [9, 270030, 244.98607], [10, 300030, 244.98607], [11, 330030, 244.98607], [12, 360030, 244.98607], [13, 390030, 244.98607], [14, 420030, 244.98607], [15, 450030, 244.98607], [16, 480030, 244.98607], [17, 510030, 244.98607]]
[[0, 30, 218.02535], [1, 30030, 232.18427], [2, 60030, 234.80703], [3, 90030, 236.34578], [4, 120030, 238.92274], [5, 150030, 238.92274], [6, 180030, 239.93962], [7, 210030, 240.90577], [8, 240030, 240.90577], [9, 270030, 240.90577], [10, 300030, 240.92919], [11, 330030, 240.92919], [12, 360030, 241.70856], [13, 390030, 242.94943], [14, 420030, 243.7459], [15, 450030, 243.7459], [16, 480030, 243.7459], [17, 510030, 243.7459]]
[[0, 30, 217.41616], [1, 30030, 235.77106], [2, 60030, 239.9223], [3, 90030, 243.09824], [4, 120030, 244.11144], [5, 150030, 244.11144], [6, 180030, 244.11144], [7, 210030, 246.19795], [8, 240030, 246.19795], [9, 270030, 246.19795], [10, 300030, 246.19795], [11, 330030, 246.35341], [12, 360030, 249.57273], [13, 390030, 249.57273], [14, 420030, 249.57273], [15, 450030, 249.57273], [16, 480030, 250.67098], [17, 510030, 250.67098]]
[[0, 30, 216.70883], [1, 30030, 233.28287], [2, 60030, 239.12777], [3, 90030, 240.35974], [4, 120030, 242.26284], [5, 150030, 244.25976], [6, 180030, 244.25976], [7, 210030, 244.25976], [8, 240030, 244.25976], [9, 270030, 244.25976], [10, 300030, 244.25976], [11, 330030, 244.25976], [12, 360030, 244.25976], [13, 390030, 244.25976], [14, 420030, 244.25976], [15, 450030, 244.25976], [16, 480030, 244.25976], [17, 510030, 244.25976]]
[[0, 30, 217.54271], [1, 30030, 235.44381], [2, 60030, 242.17035], [3, 90030, 244.13241], [4, 120030, 244.13241], [5, 150030, 244.13939], [6, 180030, 244.13939], [7, 210030, 244.13939], [8, 240030, 244.13939], [9, 270030, 244.13939], [10, 300030, 244.13939], [11, 330030, 244.13939], [12, 360030, 244.13939], [13, 390030, 244.13939], [14, 420030, 245.75969], [15, 450030, 245.87534], [16, 480030, 245.87534], [17, 510030, 245.90995]]
[[0, 30, 214.77319], [1, 30030, 231.94245], [2, 60030, 238.67633], [3, 90030, 238.67633], [4, 120030, 239.48826], [5, 150030, 242.04928], [6, 180030, 242.04928], [7, 210030, 242.04928], [8, 240030, 242.10433], [9, 270030, 243.06629], [10, 300030, 243.7905], [11, 330030, 243.7905], [12, 360030, 243.7905], [13, 390030, 243.7905], [14, 420030, 243.7905], [15, 450030, 243.7905], [16, 480030, 243.7905], [17, 510030, 243.7905]]
[[0, 30, 212.4974], [1, 30030, 234.94728], [2, 60030, 236.60198], [3, 90030, 238.3352], [4, 120030, 240.12739], [5, 150030, 240.41212], [6, 180030, 241.26859], [7, 210030, 241.26859], [8, 240030, 242.27612], [9, 270030, 242.27612], [10, 300030, 242.27612], [11, 330030, 242.27612], [12, 360030, 242.27612], [13, 390030, 242.27612], [14, 420030, 242.27612], [15, 450030, 242.27612], [16, 480030, 242.27612], [17, 510030, 242.27612]]
[[0, 30, 213.36024], [1, 30030, 237.0069], [2, 60030, 240.12884], [3, 90030, 240.12884], [4, 120030, 240.12884], [5, 150030, 240.12884], [6, 180030, 241.26212], [7, 210030, 241.31053], [8, 240030, 241.31053], [9, 270030, 241.6328], [10, 300030, 241.6328], [11, 330030, 241.6328], [12, 360030, 241.6328], [13, 390030, 241.6328], [14, 420030, 241.6328], [15, 450030, 241.6328], [16, 480030, 242.35009], [17, 510030, 242.3985]]
[[0, 30, 216.1093], [1, 30030, 236.73697], [2, 60030, 238.85676], [3, 90030, 240.45261], [4, 120030, 240.45261], [5, 150030, 242.36307], [6, 180030, 242.37006], [7, 210030, 242.91803], [8, 240030, 242.91803], [9, 270030, 242.91803], [10, 300030, 242.91803], [11, 330030, 242.91803], [12, 360030, 243.39557], [13, 390030, 243.39557], [14, 420030, 243.39557], [15, 450030, 243.39557], [16, 480030, 243.39557], [17, 510030, 243.39557]]
[[0, 30, 221.19792], [1, 30030, 234.76045], [2, 60030, 238.19923], [3, 90030, 239.21089], [4, 120030, 242.19422], [5, 150030, 242.21526], [6, 180030, 242.99449], [7, 210030, 242.99449], [8, 240030, 242.99449], [9, 270030, 243.96608], [10, 300030, 244.60333], [11, 330030, 244.60333], [12, 360030, 245.01394], [13, 390030, 245.01394], [14, 420030, 245.14771], [15, 450030, 247.08147], [16, 480030, 247.08147], [17, 510030, 247.08147]]
[[0, 30, 218.1952], [1, 30030, 237.67273], [2, 60030, 240.87158], [3, 90030, 242.09187], [4, 120030, 242.12632], [5, 150030, 243.16544], [6, 180030, 243.38731], [7, 210030, 243.38731], [8, 240030, 243.38731], [9, 270030, 243.38731], [10, 300030, 244.37944], [11, 330030, 244.37944], [12, 360030, 245.45067], [13, 390030, 245.45067], [14, 420030, 245.45067], [15, 450030, 245.45067], [16, 480030, 245.45067], [17, 510030, 245.56927]]
[[0, 30, 217.31397], [1, 30030, 237.91603], [2, 60030, 242.08746], [3, 90030, 243.13671], [4, 120030, 243.13671], [5, 150030, 245.23388], [6, 180030, 245.23388], [7, 210030, 246.24767], [8, 240030, 246.24767], [9, 270030, 246.24767], [10, 300030, 246.24767], [11, 330030, 246.24767], [12, 360030, 246.24767], [13, 390030, 246.24767], [14, 420030, 246.24767], [15, 450030, 246.24767], [16, 480030, 246.24767], [17, 510030, 246.24767]]
[[0, 30, 215.76073], [1, 30030, 234.48471], [2, 60030, 241.7481], [3, 90030, 242.77565], [4, 120030, 242.77565], [5, 150030, 244.81971], [6, 180030, 244.90371], [7, 210030, 244.90371], [8, 240030, 244.90371], [9, 270030, 244.90371], [10, 300030, 244.90371], [11, 330030, 244.90371], [12, 360030, 244.90371], [13, 390030, 244.90371], [14, 420030, 244.90371], [15, 450030, 244.90371], [16, 480030, 244.90371], [17, 510030, 244.90371]]
[[0, 30, 212.54428], [1, 30030, 235.87999], [2, 60030, 238.21007], [3, 90030, 239.10983], [4, 120030, 240.46949], [5, 150030, 241.74379], [6, 180030, 243.12517], [7, 210030, 243.12517], [8, 240030, 243.59522], [9, 270030, 243.59522], [10, 300030, 243.59522], [11, 330030, 243.59522], [12, 360030, 243.59522], [13, 390030, 243.59522], [14, 420030, 243.59522], [15, 450030, 243.59522], [16, 480030, 243.59522], [17, 510030, 243.59522]]
[[0, 30, 216.98906], [1, 30030, 237.19213], [2, 60030, 238.09395], [3, 90030, 239.14423], [4, 120030, 240.93675], [5, 150030, 242.01447], [6, 180030, 242.01447], [7, 210030, 242.01447], [8, 240030, 242.01447], [9, 270030, 242.01447], [10, 300030, 242.39868], [11, 330030, 242.39868], [12, 360030, 243.59151], [13, 390030, 243.59151], [14, 420030, 243.59151], [15, 450030, 243.59151], [16, 480030, 243.59151], [17, 510030, 243.59151]]
[[0, 30, 217.40124], [1, 30030, 232.1845], [2, 60030, 237.18814], [3, 90030, 239.15776], [4, 120030, 240.99551], [5, 150030, 240.99551], [6, 180030, 240.99551], [7, 210030, 240.99551], [8, 240030, 241.25628], [9, 270030, 241.95067], [10, 300030, 243.00432], [11, 330030, 244.16987], [12, 360030, 244.16987], [13, 390030, 244.16987], [14, 420030, 244.16987], [15, 450030, 244.16987], [16, 480030, 244.16987], [17, 510030, 244.16987]]
[[0, 30, 215.42675], [1, 30030, 232.05919], [2, 60030, 237.12132], [3, 90030, 241.44917], [4, 120030, 243.53281], [5, 150030, 244.49824], [6, 180030, 246.46348], [7, 210030, 246.46348], [8, 240030, 246.46348], [9, 270030, 246.46348], [10, 300030, 246.46348], [11, 330030, 246.46348], [12, 360030, 246.46348], [13, 390030, 246.46348], [14, 420030, 246.46348], [15, 450030, 246.46348], [16, 480030, 246.46348], [17, 510030, 246.46348]]
[[0, 30, 213.45845], [1, 30030, 232.75023], [2, 60030, 237.30224], [3, 90030, 237.30224], [4, 120030, 240.34964], [5, 150030, 240.34964], [6, 180030, 240.34964], [7, 210030, 240.34964], [8, 240030, 240.90355], [9, 270030, 240.95449], [10, 300030, 242.5371], [11, 330030, 242.5371], [12, 360030, 242.5371], [13, 390030, 243.35186], [14, 420030, 243.35186], [15, 450030, 243.35186], [16, 480030, 244.19482], [17, 510030, 244.33034]]
[[0, 30, 219.38272], [1, 30030, 235.89572], [2, 60030, 238.55082], [3, 90030, 240.93229], [4, 120030, 240.93229], [5, 150030, 240.93229], [6, 180030, 241.13321], [7, 210030, 241.24008], [8, 240030, 241.96956], [9, 270030, 242.06095], [10, 300030, 242.06095], [11, 330030, 242.06095], [12, 360030, 242.18829], [13, 390030, 242.88116], [14, 420030, 242.89913], [15, 450030, 244.95756], [16, 480030, 244.95756], [17, 510030, 244.95756]]
[[0, 30, 219.74752], [1, 30030, 234.69115], [2, 60030, 237.90125], [3, 90030, 239.22739], [4, 120030, 239.58044], [5, 150030, 242.40093], [6, 180030, 242.40093], [7, 210030, 243.41472], [8, 240030, 243.41472], [9, 270030, 243.61532], [10, 300030, 243.61532], [11, 330030, 243.61532], [12, 360030, 243.61532], [13, 390030, 243.61532], [14, 420030, 243.61532], [15, 450030, 243.61532], [16, 480030, 243.61532], [17, 510030, 243.61532]]
[[0, 30, 212.97331], [1, 30030, 233.70932], [2, 60030, 239.53404], [3, 90030, 239.53404], [4, 120030, 239.69429], [5, 150030, 239.69429], [6, 180030, 239.69429], [7, 210030, 239.79689], [8, 240030, 239.79689], [9, 270030, 239.79689], [10, 300030, 241.55401], [11, 330030, 241.55401], [12, 360030, 241.66267], [13, 390030, 241.66267], [14, 420030, 241.97228], [15, 450030, 241.97228], [16, 480030, 241.97228], [17, 510030, 241.97228]]
[[0, 30, 214.25812], [1, 30030, 232.24745], [2, 60030, 234.60418], [3, 90030, 236.63297], [4, 120030, 236.68682], [5, 150030, 238.14873], [6, 180030, 239.16202], [7, 210030, 240.46122], [8, 240030, 240.6177], [9, 270030, 240.6177], [10, 300030, 240.6177], [11, 330030, 240.6177], [12, 360030, 241.58931], [13, 390030, 241.93543], [14, 420030, 241.93543], [15, 450030, 241.93543], [16, 480030, 241.93543], [17, 510030, 241.93543]]