[42524.5873, 1, 0.0, 4, 1448.521]
[42524.5873, 1, 0.0, 1, 352.388]
[40876.46682, 5, 413.826, 6, 2138.194]
[40876.46682, 1, 0.0, 1, 367.26]
[42524.5873, 1, 0.0, 1, 360.469]
[40719.0893, 5, 2115.14138, 7, 2580.968]
[41226.64902, 1, 0.0, 1, 410.01]
[40876.46682, 1, 0.0, 1, 361.508]
[42524.5873, 1, 0.0, 1, 365.474]
[40719.0893, 1, 0.0, 1, 377.477]
[41226.64902, 1, 0.0, 1, 404.526]
[40876.46682, 1, 0.0, 1, 354.193]
[42524.5873, 1, 0.0, 1, 362.993]
[40719.0893, 1, 0.0, 1, 363.229]
[41226.64902, 1, 0.0, 1, 383.124]
[40876.46682, 1, 0.0, 1, 366.51]
[42524.5873, 1, 0.0, 1, 353.176]
[40719.0893, 1, 0.0, 1, 370.115]
[40922.4768, 2, 2855.7797, 11, 3841.016]
[40876.46682, 1, 0.0, 1, 360.927]
[42524.5873, 1, 0.0, 1, 355.39]
[40719.0893, 1, 0.0, 1, 383.533]
[40922.4768, 1, 0.0, 1, 355.08]
[40876.46682, 1, 0.0, 1, 351.471]
[41226.64902, 1, 0.0, 1, 400.654]
[42524.5873, 1, 0.0, 1, 356.446]
[40719.0893, 1, 0.0, 1, 356.825]
[40922.4768, 1, 0.0, 1, 340.811]
[40876.46682, 1, 0.0, 1, 359.375]
[42524.5873, 1, 0.0, 1, 366.055]
[40922.4768, 1, 0.0, 1, 362.936]
[42114.1054, 9, 2764.4468, 14, 4909.813]
[40876.46682, 1, 0.0, 1, 357.989]
[41226.64902, 1, 0.0, 1, 374.613]
[40922.4768, 1, 0.0, 1, 354.686]
[42114.1054, 1, 0.0, 1, 381.33]
[40876.46682, 1, 0.0, 1, 370.027]
[42524.5873, 1, 0.0, 1, 355.138]
[41226.64902, 1, 0.0, 1, 388.777]
[40922.4768, 1, 0.0, 1, 365.889]
[42114.1054, 1, 0.0, 1, 375.8]
[40876.46682, 1, 0.0, 1, 363.856]
[42524.5873, 1, 0.0, 1, 359.25]
[41226.64902, 1, 0.0, 1, 389.19]
[40922.4768, 1, 0.0, 1, 351.334]
[42114.1054, 1, 0.0, 1, 366.916]
[40876.46682, 1, 0.0, 1, 368.124]
[42524.5873, 1, 0.0, 1, 358.95]
[41226.64902, 1, 0.0, 1, 405.693]
[40922.4768, 1, 0.0, 1, 354.299]
[42114.1054, 1, 0.0, 1, 380.803]
[40876.46682, 1, 0.0, 1, 364.566]
[42524.5873, 1, 0.0, 1, 371.544]
[41226.64902, 1, 0.0, 1, 382.407]
[40922.4768, 1, 0.0, 1, 349.041]
[40876.46682, 1, 0.0, 1, 351.846]
[42524.5873, 1, 0.0, 1, 360.821]
[41226.64902, 1, 0.0, 1, 396.874]
[40876.46682, 1, 0.0, 1, 357.097]
[42524.5873, 1, 0.0, 1, 351.25]
[40922.4768, 1, 0.0, 1, 359.999]
[41226.64902, 1, 0.0, 1, 403.326]
[40876.46682, 1, 0.0, 1, 357.878]
[42524.5873, 1, 0.0, 1, 360.069]
[42114.1054, 1, 0.0, 1, 380.513]
[40922.4768, 1, 0.0, 1, 370.32]
[41226.64902, 1, 0.0, 1, 408.937]
[40876.46682, 1, 0.0, 1, 356.071]
[42524.5873, 1, 0.0, 1, 358.571]
[42114.1054, 1, 0.0, 1, 388.025]
[40922.4768, 1, 0.0, 1, 353.599]
[41226.64902, 1, 0.0, 1, 404.873]
[42524.5873, 1, 0.0, 1, 364.23]
[42114.1054, 1, 0.0, 1, 391.32]
[40922.4768, 1, 0.0, 1, 365.475]
[40876.46682, 1, 0.0, 1, 356.182]
[41226.64902, 1, 0.0, 1, 390.901]
[42524.5873, 1, 0.0, 1, 371.562]
[42114.1054, 1, 0.0, 1, 365.78]
[40922.4768, 1, 0.0, 1, 358.677]
[40876.46682, 1, 0.0, 1, 357.127]
[42524.5873, 1, 0.0, 1, 343.883]
[41226.64902, 1, 0.0, 1, 382.524]
[42114.1054, 1, 0.0, 1, 377.182]
[40922.4768, 1, 0.0, 1, 364.296]
[40876.46682, 1, 0.0, 1, 370.952]
[42524.5873, 1, 0.0, 1, 354.882]
[41226.64902, 1, 0.0, 1, 384.953]
[42114.1054, 1, 0.0, 1, 368.454]
[40922.4768, 1, 0.0, 1, 380.2]
[40876.46682, 1, 0.0, 1, 364.739]
[42524.5873, 1, 0.0, 1, 356.305]
[42458.7973, 1, 0.0, 1, 368.17]
[41226.64902, 1, 0.0, 1, 399.631]
[42114.1054, 1, 0.0, 1, 387.117]
[40922.4768, 1, 0.0, 1, 374.663]
[40876.46682, 1, 0.0, 1, 363.778]
[42524.5873, 1, 0.0, 1, 370.562]
[42458.7973, 1, 0.0, 1, 360.232]
[41226.64902, 1, 0.0, 1, 382.432]
[42114.1054, 1, 0.0, 1, 413.744]
[40922.4768, 1, 0.0, 1, 370.891]
[40876.46682, 1, 0.0, 1, 362.294]
[42458.7973, 1, 0.0, 1, 365.669]
[41226.64902, 1, 0.0, 1, 379.842]
[40922.4768, 1, 0.0, 1, 360.767]
[40876.46682, 1, 0.0, 1, 368.91]
[42524.5873, 1, 0.0, 1, 357.962]
[42458.7973, 1, 0.0, 1, 362.593]
[41226.64902, 1, 0.0, 1, 399.409]
[40922.4768, 1, 0.0, 1, 357.83]
[40876.46682, 1, 0.0, 1, 358.366]
[42524.5873, 1, 0.0, 1, 370.071]
[42458.7973, 1, 0.0, 1, 378.98]
[41226.64902, 1, 0.0, 1, 389.093]
[40922.4768, 1, 0.0, 1, 347.39]
[42114.1054, 1, 0.0, 1, 379.017]
[40876.46682, 1, 0.0, 1, 355.783]
[42524.5873, 1, 0.0, 1, 355.036]
[42458.7973, 1, 0.0, 1, 373.419]
[40922.4768, 1, 0.0, 1, 373.047]
[42114.1054, 1, 0.0, 1, 375.349]
[40876.46682, 1, 0.0, 1, 362.231]
[42524.5873, 1, 0.0, 1, 361.328]
[42458.7973, 1, 0.0, 1, 368.142]
[40922.4768, 1, 0.0, 1, 354.119]
[42114.1054, 1, 0.0, 1, 383.952]
[40876.46682, 1, 0.0, 1, 358.013]
[42524.5873, 1, 0.0, 1, 358.971]
[42458.7973, 1, 0.0, 1, 366.134]
[40922.4768, 1, 0.0, 1, 352.375]
[42114.1054, 1, 0.0, 1, 380.043]
[40876.46682, 1, 0.0, 1, 351.299]
[42524.5873, 1, 0.0, 1, 358.095]
[42458.7973, 1, 0.0, 1, 357.073]
[40922.4768, 1, 0.0, 1, 372.784]
[40876.46682, 1, 0.0, 1, 356.476]
[42114.1054, 1, 0.0, 1, 399.817]
[42524.5873, 1, 0.0, 1, 359.91]
[42458.7973, 1, 0.0, 1, 371.32]
[40922.4768, 1, 0.0, 1, 370.25]
[40876.46682, 1, 0.0, 1, 369.043]
[41226.64902, 1, 0.0, 1, 396.34]
[42458.7973, 1, 0.0, 1, 364.872]
[40922.4768, 1, 0.0, 1, 374.804]
[40876.46682, 1, 0.0, 1, 359.813]
[42114.1054, 1, 0.0, 1, 378.971]
[41226.64902, 1, 0.0, 1, 389.849]
[42458.7973, 1, 0.0, 1, 368.703]
[40922.4768, 1, 0.0, 1, 354.66]
[40876.46682, 1, 0.0, 1, 361.91]
[42524.5873, 1, 0.0, 1, 356.178]
[42114.1054, 1, 0.0, 1, 399.697]
[41226.64902, 1, 0.0, 1, 384.638]
[42458.7973, 1, 0.0, 1, 350.746]
[40922.4768, 1, 0.0, 1, 368.116]
[40876.46682, 1, 0.0, 1, 368.496]
[42524.5873, 1, 0.0, 1, 386.405]
[42458.7973, 1, 0.0, 1, 355.759]
[41226.64902, 1, 0.0, 1, 396.611]
[40922.4768, 1, 0.0, 1, 352.922]
[40876.46682, 1, 0.0, 1, 368.672]
[42524.5873, 1, 0.0, 1, 373.712]
[42114.1054, 1, 0.0, 1, 383.957]
[41226.64902, 1, 0.0, 1, 386.75]
[40922.4768, 1, 0.0, 1, 361.085]
[40876.46682, 1, 0.0, 1, 373.054]
[42524.5873, 1, 0.0, 1, 365.188]
[42458.7973, 1, 0.0, 1, 370.816]
[42114.1054, 1, 0.0, 1, 385.144]
[41226.64902, 1, 0.0, 1, 390.358]
[40922.4768, 1, 0.0, 1, 368.222]
[40876.46682, 1, 0.0, 1, 346.473]
[42524.5873, 1, 0.0, 1, 361.56]
[42458.7973, 1, 0.0, 1, 371.274]
[42114.1054, 1, 0.0, 1, 386.026]
[41226.64902, 1, 0.0, 1, 395.09]
[40922.4768, 1, 0.0, 1, 353.13]
[40876.46682, 1, 0.0, 1, 359.978]
[42524.5873, 1, 0.0, 1, 353.903]
[42458.7973, 1, 0.0, 1, 357.386]
[42114.1054, 1, 0.0, 1, 372.703]
[41226.64902, 1, 0.0, 1, 382.702]
[40922.4768, 1, 0.0, 1, 367.246]
[40876.46682, 1, 0.0, 1, 356.1]
[42524.5873, 1, 0.0, 1, 360.728]
[42458.7973, 1, 0.0, 1, 365.002]
[42114.1054, 1, 0.0, 1, 369.346]
[41226.64902, 1, 0.0, 1, 395.103]
[40922.4768, 1, 0.0, 1, 365.156]
[40876.46682, 1, 0.0, 1, 379.464]
[42524.5873, 1, 0.0, 1, 352.264]
[42458.7973, 1, 0.0, 1, 363.972]
[42114.1054, 1, 0.0, 1, 390.447]
[41226.64902, 1, 0.0, 1, 392.671]
[40876.46682, 1, 0.0, 1, 369.984]
[42524.5873, 1, 0.0, 1, 347.311]
[42458.7973, 1, 0.0, 1, 389.113]
[42114.1054, 1, 0.0, 1, 380.498]
[41226.64902, 1, 0.0, 1, 394.534]
[42524.5873, 1, 0.0, 1, 356.189]
[42458.7973, 1, 0.0, 1, 363.962]
[42114.1054, 1, 0.0, 1, 369.968]
[41226.64902, 1, 0.0, 1, 392.884]
[40876.46682, 1, 0.0, 1, 355.485]
[42524.5873, 1, 0.0, 1, 354.734]
[42458.7973, 1, 0.0, 1, 369.671]
[42811.667, 2, 1889.1902, 3, 1082.97]
[42524.5873, 1, 0.0, 1, 358.73]
[42458.7973, 1, 0.0, 1, 374.514]
[42114.1054, 1, 0.0, 1, 378.64]
[42524.5873, 1, 0.0, 1, 358.52]
[41226.64902, 1, 0.0, 1, 393.43]
[42458.7973, 1, 0.0, 1, 359.683]
[42811.667, 1, 0.0, 1, 365.127]
[42114.1054, 1, 0.0, 1, 384.084]
[42524.5873, 1, 0.0, 1, 360.854]
[40876.46682, 1, 0.0, 1, 367.796]
[41226.64902, 1, 0.0, 1, 392.589]
[42458.7973, 1, 0.0, 1, 371.354]
[42811.667, 1, 0.0, 1, 361.098]
[42114.1054, 1, 0.0, 1, 388.4]
[42524.5873, 1, 0.0, 1, 353.4]
[40876.46682, 1, 0.0, 1, 359.582]
[41226.64902, 1, 0.0, 1, 414.492]
[42458.7973, 1, 0.0, 1, 359.572]
[42811.667, 1, 0.0, 1, 344.722]
[42114.1054, 1, 0.0, 1, 399.28]
[40876.46682, 1, 0.0, 1, 352.554]
[41226.64902, 1, 0.0, 1, 392.193]
[42458.7973, 1, 0.0, 1, 365.315]
[42811.667, 1, 0.0, 1, 352.396]
[40876.46682, 1, 0.0, 1, 357.083]
[41226.64902, 1, 0.0, 1, 397.027]
[42811.667, 1, 0.0, 1, 346.012]
[42114.1054, 1, 0.0, 1, 391.636]
[42458.7973, 1, 0.0, 1, 372.76]
[42811.667, 1, 0.0, 1, 361.081]
[40876.46682, 1, 0.0, 2, 730.926]
[42114.1054, 1, 0.0, 1, 388.837]
[42458.7973, 1, 0.0, 1, 358.279]
[42811.667, 1, 0.0, 1, 357.047]
[41226.64902, 1, 0.0, 1, 394.002]
[40876.46682, 1, 0.0, 1, 362.123]
[42114.1054, 1, 0.0, 1, 365.509]
[42458.7973, 1, 0.0, 1, 361.225]
[42811.667, 1, 0.0, 1, 372.693]
[41226.64902, 1, 0.0, 1, 397.461]
[42524.5873, 1, 0.0, 1, 359.356]
[40876.46682, 1, 0.0, 1, 363.752]
[42114.1054, 1, 0.0, 1, 378.644]
[42458.7973, 1, 0.0, 1, 354.303]
[42811.667, 1, 0.0, 1, 361.658]
[41226.64902, 1, 0.0, 1, 404.396]
[40876.46682, 1, 0.0, 1, 349.643]
[42114.1054, 1, 0.0, 1, 365.6]
[42458.7973, 1, 0.0, 1, 361.034]
[42811.667, 1, 0.0, 1, 389.598]
[41226.64902, 1, 0.0, 1, 403.225]
[42524.5873, 1, 0.0, 1, 367.731]
[42114.1054, 1, 0.0, 1, 391.5]
[42458.7973, 1, 0.0, 1, 375.875]
[42811.667, 1, 0.0, 1, 352.112]
[42524.5873, 1, 0.0, 1, 353.812]
[41226.64902, 1, 0.0, 1, 401.982]
[42114.1054, 1, 0.0, 1, 370.531]
[42458.7973, 1, 0.0, 1, 377.216]
[42811.667, 1, 0.0, 1, 359.886]
[40876.46682, 1, 0.0, 1, 376.079]
[41226.64902, 1, 0.0, 1, 404.596]
[42114.1054, 1, 0.0, 1, 393.766]
[42811.667, 1, 0.0, 1, 352.715]
[42524.5873, 1, 0.0, 1, 368.586]
[40876.46682, 1, 0.0, 1, 379.107]
[41226.64902, 1, 0.0, 1, 402.691]
[42114.1054, 1, 0.0, 1, 387.634]
[42811.667, 1, 0.0, 1, 367.348]
[42524.5873, 1, 0.0, 1, 356.354]
[40876.46682, 1, 0.0, 1, 352.867]
[41226.64902, 1, 0.0, 1, 402.911]
[42114.1054, 1, 0.0, 1, 381.247]
[42458.7973, 1, 0.0, 1, 377.46]
[42524.5873, 1, 0.0, 1, 372.394]
[41226.64902, 1, 0.0, 1, 395.254]
[42114.1054, 1, 0.0, 1, 376.22]
[42811.667, 1, 0.0, 1, 360.765]
[42458.7973, 1, 0.0, 1, 380.743]
[42524.5873, 1, 0.0, 1, 356.761]
[41226.64902, 1, 0.0, 1, 388.833]
[42811.667, 1, 0.0, 1, 357.724]
[42458.7973, 1, 0.0, 1, 362.906]
[40876.46682, 1, 0.0, 1, 351.16]
[42524.5873, 1, 0.0, 1, 359.305]
[42811.667, 1, 0.0, 1, 355.311]
[42458.7973, 1, 0.0, 1, 357.191]
[40876.46682, 1, 0.0, 1, 362.053]
[42524.5873, 1, 0.0, 1, 376.063]
[42811.667, 1, 0.0, 1, 357.188]
[42114.1054, 1, 0.0, 1, 368.784]
[41226.64902, 1, 0.0, 1, 396.512]
[40876.46682, 1, 0.0, 1, 362.36]
[42524.5873, 1, 0.0, 1, 384.444]
[42811.667, 1, 0.0, 1, 364.044]
[42114.1054, 1, 0.0, 1, 375.044]
[41226.64902, 1, 0.0, 1, 390.103]
[40876.46682, 1, 0.0, 1, 357.39]
[42524.5873, 1, 0.0, 1, 369.93]
[42811.667, 1, 0.0, 1, 346.627]
[42114.1054, 1, 0.0, 1, 367.841]
[41226.64902, 1, 0.0, 1, 395.867]
[40876.46682, 1, 0.0, 1, 377.957]
[42524.5873, 1, 0.0, 1, 373.634]
[42811.667, 1, 0.0, 1, 345.265]
[42458.7973, 1, 0.0, 1, 377.143]
[40876.46682, 1, 0.0, 1, 345.035]
[41226.64902, 1, 0.0, 1, 387.965]
[42524.5873, 1, 0.0, 1, 355.969]
[42811.667, 1, 0.0, 1, 365.365]
[42114.1054, 1, 0.0, 1, 369.405]
[40876.46682, 1, 0.0, 1, 359.044]
[41226.64902, 1, 0.0, 1, 393.566]
[42524.5873, 1, 0.0, 1, 359.991]
[42811.667, 1, 0.0, 1, 357.757]
[42458.7973, 1, 0.0, 1, 355.065]
[42114.1054, 1, 0.0, 1, 369.518]
[41226.64902, 1, 0.0, 1, 399.638]
[42458.7973, 1, 0.0, 1, 360.343]
[42114.1054, 1, 0.0, 1, 379.352]
[41226.64902, 1, 0.0, 1, 395.711]
[42458.7973, 1, 0.0, 1, 361.395]
[42114.1054, 1, 0.0, 1, 363.332]
[41226.64902, 1, 0.0, 1, 399.458]
[42458.7973, 1, 0.0, 1, 363.89]
[42114.1054, 1, 0.0, 1, 386.427]
[41226.64902, 1, 0.0, 1, 391.057]
[42458.7973, 1, 0.0, 1, 354.642]
[42114.1054, 1, 0.0, 1, 400.254]
[41226.64902, 1, 0.0, 1, 382.425]
[42458.7973, 1, 0.0, 1, 378.59]
[42114.1054, 1, 0.0, 1, 377.642]
[41226.64902, 1, 0.0, 1, 390.362]
[42458.7973, 1, 0.0, 1, 369.578]
[42114.1054, 1, 0.0, 1, 358.539]
[41226.64902, 1, 0.0, 1, 385.297]
[42458.7973, 1, 0.0, 1, 373.704]
[42114.1054, 1, 0.0, 1, 379.224]
[41226.64902, 1, 0.0, 1, 385.135]
[42458.7973, 1, 0.0, 1, 356.733]
[42114.1054, 1, 0.0, 1, 369.824]
[41226.64902, 1, 0.0, 1, 388.629]
[42114.1054, 1, 0.0, 1, 380.076]
[42458.7973, 1, 0.0, 1, 372.049]
[41226.64902, 1, 0.0, 1, 395.161]
[42114.1054, 1, 0.0, 1, 365.678]
[42458.7973, 1, 0.0, 1, 370.038]
[41226.64902, 1, 0.0, 1, 403.153]
[42114.1054, 1, 0.0, 1, 360.577]
[42458.7973, 1, 0.0, 1, 357.918]
[41226.64902, 1, 0.0, 1, 409.57]
[42114.1054, 1, 0.0, 1, 368.702]
[42458.7973, 1, 0.0, 1, 357.787]
[41226.64902, 1, 0.0, 1, 377.731]
[42114.1054, 1, 0.0, 1, 382.568]
[42458.7973, 1, 0.0, 1, 365.409]
[41226.64902, 1, 0.0, 1, 397.077]
[42458.7973, 1, 0.0, 1, 373.216]
[42114.1054, 1, 0.0, 1, 369.641]
[41226.64902, 1, 0.0, 1, 392.443]
[42458.7973, 1, 0.0, 1, 367.854]
[42114.1054, 1, 0.0, 1, 375.452]
[41226.64902, 1, 0.0, 1, 394.961]
[42458.7973, 1, 0.0, 1, 360.878]
[42114.1054, 1, 0.0, 1, 395.707]
[41226.64902, 1, 0.0, 1, 402.288]
[42458.7973, 1, 0.0, 1, 373.279]
[42114.1054, 1, 0.0, 1, 377.992]
[41226.64902, 1, 0.0, 1, 406.592]
[42458.7973, 1, 0.0, 1, 360.039]
[42114.1054, 1, 0.0, 1, 389.766]
[41226.64902, 1, 0.0, 1, 401.951]
[42458.7973, 1, 0.0, 1, 356.508]
[42114.1054, 1, 0.0, 1, 370.741]
