[3082.78, 1, 0.0, 4, 0.293]
[3082.78, 1, 0.0, 3, 0.181]
[3082.78, 1, 0.0, 2, 0.128]
[3082.78, 1, 0.0, 3, 0.165]
[3082.78, 1, 0.0, 2, 0.167]
[3082.78, 1, 0.0, 2, 0.08]
[3082.78, 1, 0.0, 3, 0.102]
[3082.78, 1, 0.0, 2, 0.104]
[3082.78, 1, 0.0, 1, 0.034]
[3082.78, 1, 0.0, 4, 0.149]
[3082.78, 1, 0.0, 2, 0.068]
[3082.78, 1, 0.0, 1, 0.049]
[3082.78, 1, 0.0, 3, 0.121]
[3082.78, 1, 0.0, 1, 0.037]
[3082.78, 1, 0.0, 2, 0.067]
[3082.78, 1, 0.0, 2, 0.07]
[3082.78, 1, 0.0, 1, 0.035]
[3082.78, 1, 0.0, 1, 0.034]
[3082.78, 1, 0.0, 2, 0.069]
[3082.78, 1, 0.0, 2, 0.074]
[3082.78, 1, 0.0, 1, 0.035]
[3082.78, 1, 0.0, 2, 0.072]
[3082.78, 1, 0.0, 1, 0.035]
[3082.78, 1, 0.0, 1, 0.034]
[3082.78, 1, 0.0, 2, 0.07]
[3082.78, 1, 0.0, 1, 0.034]
[3082.78, 1, 0.0, 1, 0.04]
[3082.78, 1, 0.0, 3, 0.105]
[3082.78, 1, 0.0, 1, 0.033]
[3082.78, 1, 0.0, 2, 0.071]
[3082.78, 1, 0.0, 1, 0.034]
[3082.78, 1, 0.0, 1, 0.041]
[3082.78, 1, 0.0, 1, 0.034]
[3082.78, 1, 0.0, 2, 0.068]
[3082.78, 1, 0.0, 1, 0.035]
[3082.78, 1, 0.0, 1, 0.036]
[3082.78, 1, 0.0, 2, 0.07]
[3082.78, 1, 0.0, 1, 0.034]
[3082.78, 1, 0.0, 2, 0.065]
[3082.78, 1, 0.0, 1, 0.04]
[3082.78, 1, 0.0, 1, 0.038]
[3082.78, 1, 0.0, 1, 0.036]
[3082.78, 1, 0.0, 2, 0.067]
[3082.78, 1, 0.0, 1, 0.034]
[3082.78, 1, 0.0, 1, 0.034]
[3082.78, 1, 0.0, 1, 0.033]
[3082.78, 1, 0.0, 1, 0.037]
[3082.78, 1, 0.0, 1, 0.034]
[3082.78, 1, 0.0, 1, 0.034]
[3082.78, 1, 0.0, 2, 0.072]
[3082.78, 1, 0.0, 1, 0.035]
[3082.78, 1, 0.0, 1, 0.033]
[3082.78, 1, 0.0, 1, 0.034]
[3082.78, 1, 0.0, 1, 0.041]
[3082.78, 1, 0.0, 1, 0.033]
[3082.78, 1, 0.0, 1, 0.033]
[3082.78, 1, 0.0, 1, 0.035]
[3082.78, 1, 0.0, 1, 0.034]
[3082.78, 1, 0.0, 1, 0.034]
[3082.78, 1, 0.0, 1, 0.036]
[3082.78, 1, 0.0, 1, 0.034]
[3082.78, 1, 0.0, 1, 0.036]
[3082.78, 1, 0.0, 1, 0.034]
[3082.78, 1, 0.0, 1, 0.033]
[3082.78, 1, 0.0, 1, 0.033]
[3082.78, 1, 0.0, 1, 0.034]
[3082.78, 1, 0.0, 1, 0.034]
[3082.78, 1, 0.0, 1, 0.036]
[3082.78, 1, 0.0, 1, 0.033]
[3082.78, 1, 0.0, 1, 0.034]
[3082.78, 1, 0.0, 1, 0.034]
[3082.78, 1, 0.0, 1, 0.034]
[3082.78, 1, 0.0, 1, 0.034]
[3082.78, 1, 0.0, 1, 0.033]
[3082.78, 1, 0.0, 1, 0.033]
[3082.78, 1, 0.0, 1, 0.036]
[3082.78, 1, 0.0, 1, 0.036]
[3082.78, 1, 0.0, 1, 0.034]
[3082.78, 1, 0.0, 1, 0.035]
[3082.78, 1, 0.0, 1, 0.034]
[3082.78, 1, 0.0, 1, 0.042]
[3082.78, 1, 0.0, 1, 0.035]
[3082.78, 1, 0.0, 1, 0.034]
[3082.78, 1, 0.0, 1, 0.037]
[3082.78, 1, 0.0, 1, 0.034]
[3082.78, 1, 0.0, 1, 0.033]
[3082.78, 1, 0.0, 1, 0.036]
[3082.78, 1, 0.0, 1, 0.035]
[3082.78, 1, 0.0, 1, 0.037]
[3082.78, 1, 0.0, 1, 0.034]
[3082.78, 1, 0.0, 1, 0.034]
[3082.78, 1, 0.0, 1, 0.036]
[3082.78, 1, 0.0, 1, 0.034]
[3082.78, 1, 0.0, 1, 0.034]
[3082.78, 1, 0.0, 1, 0.035]
[3082.78, 1, 0.0, 1, 0.034]
[3082.78, 1, 0.0, 1, 0.041]
[3082.78, 1, 0.0, 1, 0.033]
[3082.78, 1, 0.0, 1, 0.035]
[3082.78, 1, 0.0, 1, 0.034]
[3082.78, 1, 0.0, 1, 0.034]
[3082.78, 1, 0.0, 1, 0.034]
[3082.78, 1, 0.0, 1, 0.038]
[3082.78, 1, 0.0, 1, 0.034]
[3082.78, 1, 0.0, 1, 0.037]
[3082.78, 1, 0.0, 1, 0.033]
[3082.78, 1, 0.0, 1, 0.046]
[3082.78, 1, 0.0, 1, 0.037]
[3082.78, 1, 0.0, 1, 0.035]
[3082.78, 1, 0.0, 1, 0.038]
[3082.78, 1, 0.0, 1, 0.033]
[3082.78, 1, 0.0, 1, 0.033]
[3082.78, 1, 0.0, 1, 0.034]
[3082.78, 1, 0.0, 1, 0.034]
[3082.78, 1, 0.0, 1, 0.034]
[3082.78, 1, 0.0, 1, 0.037]
[3082.78, 1, 0.0, 1, 0.034]
[3082.78, 1, 0.0, 1, 0.034]
[3082.78, 1, 0.0, 1, 0.035]
[3082.78, 1, 0.0, 1, 0.034]
[3082.78, 1, 0.0, 1, 0.033]
[3082.78, 1, 0.0, 1, 0.035]
[3082.78, 1, 0.0, 1, 0.034]
[3082.78, 1, 0.0, 1, 0.035]
[3082.78, 1, 0.0, 1, 0.034]
[3082.78, 1, 0.0, 1, 0.035]
[3082.78, 1, 0.0, 1, 0.034]
[3082.78, 1, 0.0, 1, 0.034]
[3082.78, 1, 0.0, 1, 0.034]
[3082.78, 1, 0.0, 1, 0.033]
[3082.78, 1, 0.0, 1, 0.035]
[3082.78, 1, 0.0, 1, 0.037]
[3082.78, 1, 0.0, 1, 0.034]
[3082.78, 1, 0.0, 1, 0.045]
[3082.78, 1, 0.0, 1, 0.035]
[3082.78, 1, 0.0, 1, 0.033]
[3082.78, 1, 0.0, 1, 0.035]
[3082.78, 1, 0.0, 1, 0.034]
[3082.78, 1, 0.0, 1, 0.035]
[3082.78, 1, 0.0, 1, 0.034]
[3082.78, 1, 0.0, 1, 0.033]
[3082.78, 1, 0.0, 1, 0.037]
[3082.78, 1, 0.0, 1, 0.034]
[3082.78, 1, 0.0, 1, 0.034]
[3082.78, 1, 0.0, 1, 0.038]
[3082.78, 1, 0.0, 1, 0.033]
[3082.78, 1, 0.0, 1, 0.034]
[3082.78, 1, 0.0, 1, 0.034]
[3082.78, 1, 0.0, 1, 0.035]
[3082.78, 1, 0.0, 1, 0.036]
[3082.78, 1, 0.0, 1, 0.039]
[3082.78, 1, 0.0, 1, 0.036]
[3082.78, 1, 0.0, 1, 0.035]
[3082.78, 1, 0.0, 1, 0.034]
[3082.78, 1, 0.0, 1, 0.033]
[3082.78, 1, 0.0, 1, 0.034]
[3082.78, 1, 0.0, 1, 0.034]
[3082.78, 1, 0.0, 1, 0.037]
[3082.78, 1, 0.0, 1, 0.033]
[3082.78, 1, 0.0, 1, 0.034]
[3082.78, 1, 0.0, 1, 0.048]
[3082.78, 1, 0.0, 1, 0.036]
[3082.78, 1, 0.0, 1, 0.036]
[3082.78, 1, 0.0, 1, 0.033]
[3082.78, 1, 0.0, 1, 0.034]
[3082.78, 1, 0.0, 1, 0.036]
[3082.78, 1, 0.0, 1, 0.034]
[3082.78, 1, 0.0, 1, 0.034]
[3082.78, 1, 0.0, 1, 0.034]
[3082.78, 1, 0.0, 1, 0.034]
[3082.78, 1, 0.0, 1, 0.034]
[3082.78, 1, 0.0, 1, 0.036]
[3082.78, 1, 0.0, 1, 0.034]
[3082.78, 1, 0.0, 1, 0.036]
[3082.78, 1, 0.0, 1, 0.034]
[3082.78, 1, 0.0, 1, 0.034]
[3082.78, 1, 0.0, 1, 0.034]
[3082.78, 1, 0.0, 1, 0.034]
[3082.78, 1, 0.0, 1, 0.034]
[3082.78, 1, 0.0, 1, 0.033]
[3082.78, 1, 0.0, 1, 0.034]
[3082.78, 1, 0.0, 1, 0.036]
[3082.78, 1, 0.0, 1, 0.034]
[3082.78, 1, 0.0, 1, 0.033]
[3082.78, 1, 0.0, 1, 0.035]
[3082.78, 1, 0.0, 1, 0.034]
[3082.78, 1, 0.0, 1, 0.034]
[3082.78, 1, 0.0, 1, 0.038]
[3082.78, 1, 0.0, 1, 0.034]
[3082.78, 1, 0.0, 1, 0.04]
[3082.78, 1, 0.0, 1, 0.034]
[3082.78, 1, 0.0, 1, 0.033]
[3082.78, 1, 0.0, 1, 0.035]
[3082.78, 1, 0.0, 1, 0.033]
[3082.78, 1, 0.0, 1, 0.036]
[3082.78, 1, 0.0, 1, 0.036]
[3082.78, 1, 0.0, 1, 0.035]
[3082.78, 1, 0.0, 1, 0.039]
[3082.78, 1, 0.0, 1, 0.034]
[3082.78, 1, 0.0, 1, 0.048]
[3082.78, 1, 0.0, 1, 0.056]
[3082.78, 1, 0.0, 1, 0.035]
[3082.78, 1, 0.0, 1, 0.037]
[3082.78, 1, 0.0, 1, 0.033]
[3082.78, 1, 0.0, 1, 0.037]
[3082.78, 1, 0.0, 1, 0.034]
[3082.78, 1, 0.0, 1, 0.039]
[3082.78, 1, 0.0, 1, 0.034]
[3082.78, 1, 0.0, 1, 0.034]
[3082.78, 1, 0.0, 1, 0.034]
[3082.78, 1, 0.0, 1, 0.035]
[3082.78, 1, 0.0, 1, 0.033]
[3082.78, 1, 0.0, 1, 0.044]
[3082.78, 1, 0.0, 1, 0.041]
[3082.78, 1, 0.0, 1, 0.036]
[3082.78, 1, 0.0, 1, 0.035]
[3082.78, 1, 0.0, 1, 0.033]
[3082.78, 1, 0.0, 1, 0.034]
[3082.78, 1, 0.0, 1, 0.034]
[3082.78, 1, 0.0, 1, 0.035]
[3082.78, 1, 0.0, 1, 0.039]
[3082.78, 1, 0.0, 1, 0.035]
[3082.78, 1, 0.0, 1, 0.035]
[3082.78, 1, 0.0, 1, 0.033]
[3082.78, 1, 0.0, 1, 0.034]
[3082.78, 1, 0.0, 1, 0.033]
[3082.78, 1, 0.0, 1, 0.039]
[3082.78, 1, 0.0, 1, 0.036]
[3082.78, 1, 0.0, 1, 0.037]
[3082.78, 1, 0.0, 1, 0.035]
[3082.78, 1, 0.0, 1, 0.035]
[3082.78, 1, 0.0, 1, 0.034]
[3082.78, 1, 0.0, 1, 0.034]
[3082.78, 1, 0.0, 1, 0.034]
[3082.78, 1, 0.0, 1, 0.033]
[3082.78, 1, 0.0, 1, 0.033]
[3082.78, 1, 0.0, 1, 0.036]
[3082.78, 1, 0.0, 1, 0.034]
[3082.78, 1, 0.0, 1, 0.034]
[3082.78, 1, 0.0, 1, 0.041]
[3082.78, 1, 0.0, 1, 0.033]
[3082.78, 1, 0.0, 1, 0.037]
[3082.78, 1, 0.0, 1, 0.034]
[3082.78, 1, 0.0, 1, 0.034]
[3082.78, 1, 0.0, 1, 0.039]
[3082.78, 1, 0.0, 1, 0.034]
[3082.78, 1, 0.0, 1, 0.035]
[3082.78, 1, 0.0, 1, 0.034]
[3082.78, 1, 0.0, 1, 0.036]
[3082.78, 1, 0.0, 1, 0.036]
[3082.78, 1, 0.0, 1, 0.034]
[3082.78, 1, 0.0, 1, 0.034]
[3082.78, 1, 0.0, 1, 0.04]
[3082.78, 1, 0.0, 1, 0.033]
[3082.78, 1, 0.0, 1, 0.035]
[3082.78, 1, 0.0, 1, 0.036]
[3082.78, 1, 0.0, 1, 0.034]
[3082.78, 1, 0.0, 1, 0.035]
[3082.78, 1, 0.0, 1, 0.034]
[3082.78, 1, 0.0, 1, 0.036]
[3082.78, 1, 0.0, 1, 0.037]
[3082.78, 1, 0.0, 1, 0.035]
[3082.78, 1, 0.0, 1, 0.033]
[3082.78, 1, 0.0, 1, 0.033]
[3082.78, 1, 0.0, 1, 0.033]
[3082.78, 1, 0.0, 1, 0.034]
[3082.78, 1, 0.0, 1, 0.043]
[3082.78, 1, 0.0, 1, 0.033]
[3082.78, 1, 0.0, 1, 0.037]
[3082.78, 1, 0.0, 1, 0.035]
[3082.78, 1, 0.0, 1, 0.034]
[3082.78, 1, 0.0, 1, 0.035]
[3082.78, 1, 0.0, 1, 0.034]
[3082.78, 1, 0.0, 1, 0.04]
[3082.78, 1, 0.0, 1, 0.037]
[3082.78, 1, 0.0, 1, 0.036]
[3082.78, 1, 0.0, 1, 0.034]
[3082.78, 1, 0.0, 1, 0.034]
[3082.78, 1, 0.0, 1, 0.034]
[3082.78, 1, 0.0, 1, 0.033]
[3082.78, 1, 0.0, 1, 0.036]
[3082.78, 1, 0.0, 1, 0.039]
[3082.78, 1, 0.0, 1, 0.034]
[3082.78, 1, 0.0, 1, 0.034]
[3082.78, 1, 0.0, 1, 0.035]
[3082.78, 1, 0.0, 1, 0.033]
[3082.78, 1, 0.0, 1, 0.041]
[3082.78, 1, 0.0, 1, 0.033]
[3082.78, 1, 0.0, 1, 0.034]
[3082.78, 1, 0.0, 1, 0.033]
[3082.78, 1, 0.0, 1, 0.034]
[3082.78, 1, 0.0, 1, 0.034]
[3082.78, 1, 0.0, 1, 0.042]
[3082.78, 1, 0.0, 1, 0.033]
[3082.78, 1, 0.0, 1, 0.037]
[3082.78, 1, 0.0, 1, 0.035]
[3082.78, 1, 0.0, 1, 0.033]
[3082.78, 1, 0.0, 1, 0.037]
[3082.78, 1, 0.0, 1, 0.034]
[3082.78, 1, 0.0, 1, 0.034]
[3082.78, 1, 0.0, 1, 0.035]
[3082.78, 1, 0.0, 1, 0.037]
[3082.78, 1, 0.0, 1, 0.034]
[3082.78, 1, 0.0, 1, 0.033]
[3082.78, 1, 0.0, 1, 0.034]
[3082.78, 1, 0.0, 1, 0.038]
[3082.78, 1, 0.0, 1, 0.033]
[3082.78, 1, 0.0, 1, 0.034]
[3082.78, 1, 0.0, 1, 0.036]
[3082.78, 1, 0.0, 1, 0.034]
[3082.78, 1, 0.0, 1, 0.035]
[3082.78, 1, 0.0, 1, 0.033]
[3082.78, 1, 0.0, 1, 0.033]
[3082.78, 1, 0.0, 1, 0.043]
[3082.78, 1, 0.0, 1, 0.035]
[3082.78, 1, 0.0, 1, 0.036]
[3082.78, 1, 0.0, 1, 0.035]
[3082.78, 1, 0.0, 1, 0.033]
[3082.78, 1, 0.0, 1, 0.035]
[3082.78, 1, 0.0, 1, 0.04]
[3082.78, 1, 0.0, 1, 0.033]
[3082.78, 1, 0.0, 1, 0.037]
[3082.78, 1, 0.0, 1, 0.035]
[3082.78, 1, 0.0, 1, 0.034]
[3082.78, 1, 0.0, 1, 0.035]
[3082.78, 1, 0.0, 1, 0.033]
[3082.78, 1, 0.0, 1, 0.034]
[3082.78, 1, 0.0, 1, 0.037]
[3082.78, 1, 0.0, 1, 0.034]
[3082.78, 1, 0.0, 1, 0.037]
[3082.78, 1, 0.0, 1, 0.034]
[3082.78, 1, 0.0, 1, 0.034]
[3082.78, 1, 0.0, 1, 0.033]
[3082.78, 1, 0.0, 1, 0.034]
[3082.78, 1, 0.0, 1, 0.036]
[3082.78, 1, 0.0, 1, 0.035]
[3082.78, 1, 0.0, 1, 0.034]
[3082.78, 1, 0.0, 1, 0.034]
[3082.78, 1, 0.0, 1, 0.034]
[3082.78, 1, 0.0, 1, 0.035]
[3082.78, 1, 0.0, 1, 0.034]
[3082.78, 1, 0.0, 1, 0.033]
[3082.78, 1, 0.0, 1, 0.034]
[3082.78, 1, 0.0, 1, 0.035]
[3082.78, 1, 0.0, 1, 0.033]
[3082.78, 1, 0.0, 1, 0.04]
[3082.78, 1, 0.0, 1, 0.042]
[3082.78, 1, 0.0, 1, 0.034]
[3082.78, 1, 0.0, 1, 0.034]
[3082.78, 1, 0.0, 1, 0.034]
[3082.78, 1, 0.0, 1, 0.038]
[3082.78, 1, 0.0, 1, 0.033]
[3082.78, 1, 0.0, 1, 0.033]
[3082.78, 1, 0.0, 1, 0.037]
[3082.78, 1, 0.0, 1, 0.033]
[3082.78, 1, 0.0, 1, 0.034]
[3082.78, 1, 0.0, 1, 0.034]
[3082.78, 1, 0.0, 1, 0.034]
[3082.78, 1, 0.0, 1, 0.033]
[3082.78, 1, 0.0, 1, 0.034]
[3082.78, 1, 0.0, 1, 0.037]
[3082.78, 1, 0.0, 1, 0.038]
[3082.78, 1, 0.0, 1, 0.033]
[3082.78, 1, 0.0, 1, 0.034]
[3082.78, 1, 0.0, 1, 0.033]
[3082.78, 1, 0.0, 1, 0.034]
[3082.78, 1, 0.0, 1, 0.035]
[3082.78, 1, 0.0, 1, 0.04]
[3082.78, 1, 0.0, 1, 0.035]
[3082.78, 1, 0.0, 1, 0.035]
[3082.78, 1, 0.0, 1, 0.034]
[3082.78, 1, 0.0, 1, 0.034]
[3082.78, 1, 0.0, 1, 0.033]
[3082.78, 1, 0.0, 1, 0.04]
[3082.78, 1, 0.0, 1, 0.035]
[3082.78, 1, 0.0, 1, 0.033]
[3082.78, 1, 0.0, 1, 0.034]
[3082.78, 1, 0.0, 1, 0.035]
[3082.78, 1, 0.0, 1, 0.035]
[3082.78, 1, 0.0, 1, 0.034]
[3082.78, 1, 0.0, 1, 0.034]
[3082.78, 1, 0.0, 1, 0.036]
[3082.78, 1, 0.0, 1, 0.041]
[3082.78, 1, 0.0, 1, 0.034]
[3082.78, 1, 0.0, 1, 0.034]
[3082.78, 1, 0.0, 1, 0.033]
[3082.78, 1, 0.0, 1, 0.034]
[3082.78, 1, 0.0, 1, 0.035]
[3082.78, 1, 0.0, 1, 0.038]
[3082.78, 1, 0.0, 1, 0.035]
[3082.78, 1, 0.0, 1, 0.034]
[3082.78, 1, 0.0, 1, 0.033]
[3082.78, 1, 0.0, 1, 0.034]
[3082.78, 1, 0.0, 1, 0.037]
[3082.78, 1, 0.0, 1, 0.034]
[3082.78, 1, 0.0, 1, 0.034]
[3082.78, 1, 0.0, 1, 0.038]
[3082.78, 1, 0.0, 1, 0.034]
[3082.78, 1, 0.0, 1, 0.034]
[3082.78, 1, 0.0, 1, 0.037]
[3082.78, 1, 0.0, 1, 0.036]
[3082.78, 1, 0.0, 1, 0.037]
[3082.78, 1, 0.0, 1, 0.034]
[3082.78, 1, 0.0, 1, 0.034]
[3082.78, 1, 0.0, 1, 0.037]
[3082.78, 1, 0.0, 1, 0.034]
[3082.78, 1, 0.0, 1, 0.035]
[3082.78, 1, 0.0, 1, 0.034]
[3082.78, 1, 0.0, 1, 0.034]
[3082.78, 1, 0.0, 1, 0.037]
[3082.78, 1, 0.0, 1, 0.038]
[3082.78, 1, 0.0, 1, 0.036]
[3082.78, 1, 0.0, 1, 0.037]
[3082.78, 1, 0.0, 1, 0.035]
[3082.78, 1, 0.0, 1, 0.039]
[3082.78, 1, 0.0, 1, 0.037]
[3082.78, 1, 0.0, 1, 0.036]
[3082.78, 1, 0.0, 1, 0.038]
[3082.78, 1, 0.0, 1, 0.033]
[3082.78, 1, 0.0, 1, 0.033]
[3082.78, 1, 0.0, 1, 0.033]
[3082.78, 1, 0.0, 1, 0.033]
[3082.78, 1, 0.0, 1, 0.033]
[3082.78, 1, 0.0, 1, 0.036]
[3082.78, 1, 0.0, 1, 0.034]
[3082.78, 1, 0.0, 1, 0.037]
[3082.78, 1, 0.0, 1, 0.041]
[3082.78, 1, 0.0, 1, 0.034]
[3082.78, 1, 0.0, 1, 0.035]
[3082.78, 1, 0.0, 1, 0.034]
[3082.78, 1, 0.0, 1, 0.033]
[3082.78, 1, 0.0, 1, 0.033]
[3082.78, 1, 0.0, 1, 0.038]
[3082.78, 1, 0.0, 1, 0.044]
[3082.78, 1, 0.0, 1, 0.034]
[3082.78, 1, 0.0, 1, 0.035]
[3082.78, 1, 0.0, 1, 0.034]
[3082.78, 1, 0.0, 1, 0.034]
[3082.78, 1, 0.0, 1, 0.034]
[3082.78, 1, 0.0, 1, 0.034]
[3082.78, 1, 0.0, 1, 0.034]
[3082.78, 1, 0.0, 1, 0.038]
[3082.78, 1, 0.0, 1, 0.038]
[3082.78, 1, 0.0, 1, 0.034]
[3082.78, 1, 0.0, 1, 0.034]
[3082.78, 1, 0.0, 1, 0.033]
[3082.78, 1, 0.0, 1, 0.034]
[3082.78, 1, 0.0, 1, 0.036]
[3082.78, 1, 0.0, 1, 0.034]
[3082.78, 1, 0.0, 1, 0.035]
[3082.78, 1, 0.0, 1, 0.035]
[3082.78, 1, 0.0, 1, 0.035]
[3082.78, 1, 0.0, 1, 0.033]
[3082.78, 1, 0.0, 1, 0.04]
[3082.78, 1, 0.0, 1, 0.036]
[3082.78, 1, 0.0, 1, 0.034]
[3082.78, 1, 0.0, 1, 0.035]
[3082.78, 1, 0.0, 1, 0.033]
[3082.78, 1, 0.0, 1, 0.034]
[3082.78, 1, 0.0, 1, 0.038]
[3082.78, 1, 0.0, 1, 0.035]
[3082.78, 1, 0.0, 1, 0.037]
[3082.78, 1, 0.0, 1, 0.038]
[3082.78, 1, 0.0, 1, 0.035]
[3082.78, 1, 0.0, 1, 0.039]
[3082.78, 1, 0.0, 1, 0.038]
[3082.78, 1, 0.0, 1, 0.037]
[3082.78, 1, 0.0, 1, 0.036]
[3082.78, 1, 0.0, 1, 0.035]
[3082.78, 1, 0.0, 1, 0.036]
[3082.78, 1, 0.0, 1, 0.037]
[3082.78, 1, 0.0, 1, 0.035]
[3082.78, 1, 0.0, 1, 0.035]
[3082.78, 1, 0.0, 1, 0.033]
[3082.78, 1, 0.0, 1, 0.034]
[3082.78, 1, 0.0, 1, 0.04]
[3082.78, 1, 0.0, 1, 0.033]
[3082.78, 1, 0.0, 1, 0.035]
[3082.78, 1, 0.0, 1, 0.033]
[3082.78, 1, 0.0, 1, 0.04]
[3082.78, 1, 0.0, 1, 0.034]
[3082.78, 1, 0.0, 1, 0.033]
[3082.78, 1, 0.0, 1, 0.034]
[3082.78, 1, 0.0, 1, 0.042]
[3082.78, 1, 0.0, 1, 0.034]
[3082.78, 1, 0.0, 1, 0.034]
[3082.78, 1, 0.0, 1, 0.035]
[3082.78, 1, 0.0, 1, 0.034]
[3082.78, 1, 0.0, 1, 0.034]
[3082.78, 1, 0.0, 1, 0.035]
[3082.78, 1, 0.0, 1, 0.042]
[3082.78, 1, 0.0, 1, 0.033]
[3082.78, 1, 0.0, 1, 0.034]
[3082.78, 1, 0.0, 1, 0.036]
[3082.78, 1, 0.0, 1, 0.033]
[3082.78, 1, 0.0, 1, 0.034]
[3082.78, 1, 0.0, 1, 0.035]
[3082.78, 1, 0.0, 1, 0.034]
[3082.78, 1, 0.0, 1, 0.034]
[3082.78, 1, 0.0, 1, 0.037]
[3082.78, 1, 0.0, 1, 0.035]
[3082.78, 1, 0.0, 1, 0.034]
[3082.78, 1, 0.0, 1, 0.034]
[3082.78, 1, 0.0, 1, 0.034]
[3082.78, 1, 0.0, 1, 0.033]
[3082.78, 1, 0.0, 1, 0.036]
[3082.78, 1, 0.0, 1, 0.04]
[3082.78, 1, 0.0, 1, 0.036]
[3082.78, 1, 0.0, 1, 0.033]
[3082.78, 1, 0.0, 1, 0.034]
[3082.78, 1, 0.0, 1, 0.033]
[3082.78, 1, 0.0, 1, 0.033]
[3082.78, 1, 0.0, 1, 0.034]
[3082.78, 1, 0.0, 1, 0.034]
[3082.78, 1, 0.0, 1, 0.033]
[3082.78, 1, 0.0, 1, 0.039]
[3082.78, 1, 0.0, 1, 0.033]
[3082.78, 1, 0.0, 1, 0.033]
[3082.78, 1, 0.0, 1, 0.033]
[3082.78, 1, 0.0, 1, 0.035]
[3082.78, 1, 0.0, 1, 0.034]
[3082.78, 1, 0.0, 1, 0.039]
[3082.78, 1, 0.0, 1, 0.035]
[3082.78, 1, 0.0, 1, 0.038]
[3082.78, 1, 0.0, 1, 0.034]
[3082.78, 1, 0.0, 1, 0.034]
[3082.78, 1, 0.0, 1, 0.034]
[3082.78, 1, 0.0, 1, 0.033]
[3082.78, 1, 0.0, 1, 0.039]
[3082.78, 1, 0.0, 1, 0.033]
[3082.78, 1, 0.0, 1, 0.033]
[3082.78, 1, 0.0, 1, 0.034]
[3082.78, 1, 0.0, 1, 0.032]
[3082.78, 1, 0.0, 1, 0.04]
[3082.78, 1, 0.0, 1, 0.034]
[3082.78, 1, 0.0, 1, 0.033]
[3082.78, 1, 0.0, 1, 0.038]
[3082.78, 1, 0.0, 1, 0.039]
[3082.78, 1, 0.0, 1, 0.037]
[3082.78, 1, 0.0, 1, 0.035]
[3082.78, 1, 0.0, 1, 0.035]
[3082.78, 1, 0.0, 1, 0.033]
[3082.78, 1, 0.0, 1, 0.034]
[3082.78, 1, 0.0, 1, 0.036]
[3082.78, 1, 0.0, 1, 0.04]
[3082.78, 1, 0.0, 1, 0.036]
[3082.78, 1, 0.0, 1, 0.036]
[3082.78, 1, 0.0, 1, 0.035]
[3082.78, 1, 0.0, 1, 0.035]
[3082.78, 1, 0.0, 1, 0.036]
[3082.78, 1, 0.0, 1, 0.036]
[3082.78, 1, 0.0, 1, 0.034]
[3082.78, 1, 0.0, 1, 0.036]
[3082.78, 1, 0.0, 1, 0.034]
[3082.78, 1, 0.0, 1, 0.035]
[3082.78, 1, 0.0, 1, 0.033]
[3082.78, 1, 0.0, 1, 0.034]
[3082.78, 1, 0.0, 1, 0.034]
[3082.78, 1, 0.0, 1, 0.033]
[3082.78, 1, 0.0, 1, 0.033]
[3082.78, 1, 0.0, 1, 0.037]
[3082.78, 1, 0.0, 1, 0.038]
[3082.78, 1, 0.0, 1, 0.034]
[3082.78, 1, 0.0, 1, 0.034]
[3082.78, 1, 0.0, 1, 0.033]
[3082.78, 1, 0.0, 1, 0.034]
[3082.78, 1, 0.0, 1, 0.033]
[3082.78, 1, 0.0, 1, 0.033]
[3082.78, 1, 0.0, 1, 0.036]
[3082.78, 1, 0.0, 1, 0.035]
[3082.78, 1, 0.0, 1, 0.038]
[3082.78, 1, 0.0, 1, 0.035]
[3082.78, 1, 0.0, 1, 0.035]
[3082.78, 1, 0.0, 1, 0.04]
[3082.78, 1, 0.0, 1, 0.035]
[3082.78, 1, 0.0, 1, 0.034]
[3082.78, 1, 0.0, 1, 0.036]
[3082.78, 1, 0.0, 1, 0.034]
[3082.78, 1, 0.0, 1, 0.036]
[3082.78, 1, 0.0, 1, 0.035]
[3082.78, 1, 0.0, 1, 0.038]
[3082.78, 1, 0.0, 1, 0.036]
[3082.78, 1, 0.0, 1, 0.035]
[3082.78, 1, 0.0, 1, 0.035]
[3082.78, 1, 0.0, 1, 0.037]
[3082.78, 1, 0.0, 1, 0.034]
[3082.78, 1, 0.0, 1, 0.043]
[3082.78, 1, 0.0, 1, 0.038]
[3082.78, 1, 0.0, 1, 0.033]
[3082.78, 1, 0.0, 1, 0.037]
[3082.78, 1, 0.0, 1, 0.033]
[3082.78, 1, 0.0, 1, 0.038]
[3082.78, 1, 0.0, 1, 0.035]
[3082.78, 1, 0.0, 1, 0.034]
[3082.78, 1, 0.0, 1, 0.034]
[3082.78, 1, 0.0, 1, 0.037]
[3082.78, 1, 0.0, 1, 0.034]
[3082.78, 1, 0.0, 1, 0.05]
[3082.78, 1, 0.0, 1, 0.035]
[3082.78, 1, 0.0, 1, 0.035]
[3082.78, 1, 0.0, 1, 0.037]
[3082.78, 1, 0.0, 1, 0.035]
[3082.78, 1, 0.0, 1, 0.035]
[3082.78, 1, 0.0, 1, 0.034]
[3082.78, 1, 0.0, 1, 0.047]
[3082.78, 1, 0.0, 1, 0.034]
[3082.78, 1, 0.0, 1, 0.033]
[3082.78, 1, 0.0, 1, 0.035]
[3082.78, 1, 0.0, 1, 0.032]
[3082.78, 1, 0.0, 1, 0.033]
[3082.78, 1, 0.0, 1, 0.034]
[3082.78, 1, 0.0, 1, 0.033]
[3082.78, 1, 0.0, 1, 0.042]
[3082.78, 1, 0.0, 1, 0.039]
[3082.78, 1, 0.0, 1, 0.034]
[3082.78, 1, 0.0, 1, 0.034]
[3082.78, 1, 0.0, 1, 0.034]
[3082.78, 1, 0.0, 1, 0.034]
[3082.78, 1, 0.0, 1, 0.034]
[3082.78, 1, 0.0, 1, 0.034]
[3082.78, 1, 0.0, 1, 0.033]
[3082.78, 1, 0.0, 1, 0.036]
[3082.78, 1, 0.0, 1, 0.038]
[3082.78, 1, 0.0, 1, 0.033]
[3082.78, 1, 0.0, 1, 0.041]
[3082.78, 1, 0.0, 1, 0.037]
[3082.78, 1, 0.0, 1, 0.037]
[3082.78, 1, 0.0, 1, 0.034]
[3082.78, 1, 0.0, 1, 0.034]
[3082.78, 1, 0.0, 1, 0.035]
[3082.78, 1, 0.0, 1, 0.035]
[3082.78, 1, 0.0, 1, 0.034]
[3082.78, 1, 0.0, 1, 0.034]
[3082.78, 1, 0.0, 1, 0.034]
[3082.78, 1, 0.0, 1, 0.036]
[3082.78, 1, 0.0, 1, 0.034]
[3082.78, 1, 0.0, 1, 0.037]
[3082.78, 1, 0.0, 1, 0.034]
[3082.78, 1, 0.0, 1, 0.035]
[3082.78, 1, 0.0, 1, 0.04]
[3082.78, 1, 0.0, 1, 0.033]
[3082.78, 1, 0.0, 1, 0.035]
[3082.78, 1, 0.0, 1, 0.049]
[3082.78, 1, 0.0, 1, 0.034]
[3082.78, 1, 0.0, 1, 0.034]
[3082.78, 1, 0.0, 1, 0.034]
[3082.78, 1, 0.0, 1, 0.034]
[3082.78, 1, 0.0, 1, 0.038]
[3082.78, 1, 0.0, 1, 0.034]
[3082.78, 1, 0.0, 1, 0.034]
[3082.78, 1, 0.0, 1, 0.035]
[3082.78, 1, 0.0, 1, 0.035]
[3082.78, 1, 0.0, 1, 0.035]
[3082.78, 1, 0.0, 1, 0.036]
[3082.78, 1, 0.0, 1, 0.034]
[3082.78, 1, 0.0, 1, 0.037]
[3082.78, 1, 0.0, 1, 0.034]
[3082.78, 1, 0.0, 1, 0.034]
[3082.78, 1, 0.0, 1, 0.037]
[3082.78, 1, 0.0, 1, 0.034]
[3082.78, 1, 0.0, 1, 0.034]
[3082.78, 1, 0.0, 1, 0.034]
[3082.78, 1, 0.0, 1, 0.034]
[3082.78, 1, 0.0, 1, 0.037]
[3082.78, 1, 0.0, 1, 0.034]
[3082.78, 1, 0.0, 1, 0.034]
[3082.78, 1, 0.0, 1, 0.039]
[3082.78, 1, 0.0, 1, 0.039]
[3082.78, 1, 0.0, 1, 0.035]
[3082.78, 1, 0.0, 1, 0.036]
[3082.78, 1, 0.0, 1, 0.034]
[3082.78, 1, 0.0, 1, 0.038]
[3082.78, 1, 0.0, 1, 0.034]
[3082.78, 1, 0.0, 1, 0.033]
[3082.78, 1, 0.0, 1, 0.034]
[3082.78, 1, 0.0, 1, 0.033]
[3082.78, 1, 0.0, 1, 0.034]
[3082.78, 1, 0.0, 1, 0.035]
[3082.78, 1, 0.0, 1, 0.034]
[3082.78, 1, 0.0, 1, 0.036]
[3082.78, 1, 0.0, 1, 0.036]
[3082.78, 1, 0.0, 1, 0.034]
[3082.78, 1, 0.0, 1, 0.034]
[3082.78, 1, 0.0, 1, 0.035]
[3082.78, 1, 0.0, 1, 0.033]
[3082.78, 1, 0.0, 1, 0.034]
[3082.78, 1, 0.0, 1, 0.034]
[3082.78, 1, 0.0, 1, 0.039]
[3082.78, 1, 0.0, 1, 0.033]
[3082.78, 1, 0.0, 1, 0.035]
[3082.78, 1, 0.0, 1, 0.034]
[3082.78, 1, 0.0, 1, 0.038]
[3082.78, 1, 0.0, 1, 0.035]
[3082.78, 1, 0.0, 1, 0.04]
[3082.78, 1, 0.0, 1, 0.035]
[3082.78, 1, 0.0, 1, 0.039]
[3082.78, 1, 0.0, 1, 0.036]
[3082.78, 1, 0.0, 1, 0.034]
[3082.78, 1, 0.0, 1, 0.035]
[3082.78, 1, 0.0, 1, 0.034]
[3082.78, 1, 0.0, 1, 0.036]
[3082.78, 1, 0.0, 1, 0.036]
[3082.78, 1, 0.0, 1, 0.034]
[3082.78, 1, 0.0, 1, 0.034]
[3082.78, 1, 0.0, 1, 0.034]
[3082.78, 1, 0.0, 1, 0.035]
[3082.78, 1, 0.0, 1, 0.034]
[3082.78, 1, 0.0, 1, 0.034]
[3082.78, 1, 0.0, 1, 0.034]
[3082.78, 1, 0.0, 1, 0.037]
[3082.78, 1, 0.0, 1, 0.037]
[3082.78, 1, 0.0, 1, 0.034]
[3082.78, 1, 0.0, 1, 0.035]
[3082.78, 1, 0.0, 1, 0.034]
[3082.78, 1, 0.0, 1, 0.035]
[3082.78, 1, 0.0, 1, 0.034]
[3082.78, 1, 0.0, 1, 0.034]
[3082.78, 1, 0.0, 1, 0.037]
[3082.78, 1, 0.0, 1, 0.037]
[3082.78, 1, 0.0, 1, 0.035]
[3082.78, 1, 0.0, 1, 0.039]
[3082.78, 1, 0.0, 1, 0.034]
[3082.78, 1, 0.0, 1, 0.034]
[3082.78, 1, 0.0, 1, 0.033]
[3082.78, 1, 0.0, 1, 0.037]
[3082.78, 1, 0.0, 1, 0.036]
[3082.78, 1, 0.0, 1, 0.036]
[3082.78, 1, 0.0, 1, 0.034]
[3082.78, 1, 0.0, 1, 0.034]
[3082.78, 1, 0.0, 1, 0.034]
[3082.78, 1, 0.0, 1, 0.035]
[3082.78, 1, 0.0, 1, 0.033]
[3082.78, 1, 0.0, 1, 0.034]
[3082.78, 1, 0.0, 1, 0.033]
[3082.78, 1, 0.0, 1, 0.033]
[3082.78, 1, 0.0, 1, 0.042]
[3082.78, 1, 0.0, 1, 0.034]
[3082.78, 1, 0.0, 1, 0.034]
[3082.78, 1, 0.0, 1, 0.034]
[3082.78, 1, 0.0, 1, 0.034]
[3082.78, 1, 0.0, 1, 0.037]
[3082.78, 1, 0.0, 1, 0.034]
[3082.78, 1, 0.0, 1, 0.033]
[3082.78, 1, 0.0, 1, 0.037]
[3082.78, 1, 0.0, 1, 0.034]
[3082.78, 1, 0.0, 1, 0.033]
[3082.78, 1, 0.0, 1, 0.041]
[3082.78, 1, 0.0, 1, 0.035]
[3082.78, 1, 0.0, 1, 0.036]
[3082.78, 1, 0.0, 1, 0.033]
[3082.78, 1, 0.0, 1, 0.034]
[3082.78, 1, 0.0, 1, 0.037]
[3082.78, 1, 0.0, 1, 0.034]
[3082.78, 1, 0.0, 1, 0.035]
[3082.78, 1, 0.0, 1, 0.038]
[3082.78, 1, 0.0, 1, 0.033]
[3082.78, 1, 0.0, 1, 0.038]
[3082.78, 1, 0.0, 1, 0.037]
[3082.78, 1, 0.0, 1, 0.034]
[3082.78, 1, 0.0, 1, 0.034]
[3082.78, 1, 0.0, 1, 0.038]
[3082.78, 1, 0.0, 1, 0.034]
[3082.78, 1, 0.0, 1, 0.034]
[3082.78, 1, 0.0, 1, 0.033]
[3082.78, 1, 0.0, 1, 0.037]
[3082.78, 1, 0.0, 1, 0.039]
[3082.78, 1, 0.0, 1, 0.034]
[3082.78, 1, 0.0, 1, 0.033]
[3082.78, 1, 0.0, 1, 0.034]
[3082.78, 1, 0.0, 1, 0.034]
[3082.78, 1, 0.0, 1, 0.033]
[3082.78, 1, 0.0, 1, 0.034]
[3082.78, 1, 0.0, 1, 0.04]
[3082.78, 1, 0.0, 1, 0.037]
[3082.78, 1, 0.0, 1, 0.036]
[3082.78, 1, 0.0, 1, 0.034]
[3082.78, 1, 0.0, 1, 0.035]
[3082.78, 1, 0.0, 1, 0.034]
[3082.78, 1, 0.0, 1, 0.034]
[3082.78, 1, 0.0, 1, 0.033]
[3082.78, 1, 0.0, 1, 0.04]
[3082.78, 1, 0.0, 1, 0.033]
[3082.78, 1, 0.0, 1, 0.035]
[3082.78, 1, 0.0, 1, 0.034]
[3082.78, 1, 0.0, 1, 0.033]
[3082.78, 1, 0.0, 1, 0.035]
[3082.78, 1, 0.0, 1, 0.034]
[3082.78, 1, 0.0, 1, 0.033]
[3082.78, 1, 0.0, 1, 0.038]
[3082.78, 1, 0.0, 1, 0.033]
[3082.78, 1, 0.0, 1, 0.033]
[3082.78, 1, 0.0, 1, 0.034]
[3082.78, 1, 0.0, 1, 0.034]
[3082.78, 1, 0.0, 1, 0.036]
[3082.78, 1, 0.0, 1, 0.034]
[3082.78, 1, 0.0, 1, 0.037]
[3082.78, 1, 0.0, 1, 0.038]
[3082.78, 1, 0.0, 1, 0.033]
[3082.78, 1, 0.0, 1, 0.033]
[3082.78, 1, 0.0, 1, 0.038]
[3082.78, 1, 0.0, 1, 0.034]
[3082.78, 1, 0.0, 1, 0.037]
[3082.78, 1, 0.0, 1, 0.037]
[3082.78, 1, 0.0, 1, 0.033]
[3082.78, 1, 0.0, 1, 0.04]
[3082.78, 1, 0.0, 1, 0.035]
[3082.78, 1, 0.0, 1, 0.034]
[3082.78, 1, 0.0, 1, 0.034]
[3082.78, 1, 0.0, 1, 0.034]
[3082.78, 1, 0.0, 1, 0.034]
[3082.78, 1, 0.0, 1, 0.033]
[3082.78, 1, 0.0, 1, 0.035]
[3082.78, 1, 0.0, 1, 0.036]
[3082.78, 1, 0.0, 1, 0.033]
[3082.78, 1, 0.0, 1, 0.033]
[3082.78, 1, 0.0, 1, 0.034]
[3082.78, 1, 0.0, 1, 0.034]
[3082.78, 1, 0.0, 1, 0.034]
[3082.78, 1, 0.0, 1, 0.035]
[3082.78, 1, 0.0, 1, 0.033]
[3082.78, 1, 0.0, 1, 0.036]
[3082.78, 1, 0.0, 1, 0.037]
[3082.78, 1, 0.0, 1, 0.034]
[3082.78, 1, 0.0, 1, 0.034]
[3082.78, 1, 0.0, 1, 0.037]
[3082.78, 1, 0.0, 1, 0.034]
[3082.78, 1, 0.0, 1, 0.036]
[3082.78, 1, 0.0, 1, 0.04]
[3082.78, 1, 0.0, 1, 0.037]
[3082.78, 1, 0.0, 1, 0.034]
[3082.78, 1, 0.0, 1, 0.034]
[3082.78, 1, 0.0, 1, 0.035]
[3082.78, 1, 0.0, 1, 0.034]
[3082.78, 1, 0.0, 1, 0.036]
[3082.78, 1, 0.0, 1, 0.034]
[3082.78, 1, 0.0, 1, 0.034]
[3082.78, 1, 0.0, 1, 0.04]
[3082.78, 1, 0.0, 1, 0.034]
[3082.78, 1, 0.0, 1, 0.034]
[3082.78, 1, 0.0, 1, 0.033]
[3082.78, 1, 0.0, 1, 0.033]
[3082.78, 1, 0.0, 1, 0.033]
[3082.78, 1, 0.0, 1, 0.034]
[3082.78, 1, 0.0, 1, 0.033]
[3082.78, 1, 0.0, 1, 0.039]
[3082.78, 1, 0.0, 1, 0.037]
[3082.78, 1, 0.0, 1, 0.035]
[3082.78, 1, 0.0, 1, 0.036]
[3082.78, 1, 0.0, 1, 0.038]
[3082.78, 1, 0.0, 1, 0.036]
[3082.78, 1, 0.0, 1, 0.034]
[3082.78, 1, 0.0, 1, 0.034]
[3082.78, 1, 0.0, 1, 0.036]
[3082.78, 1, 0.0, 1, 0.043]
[3082.78, 1, 0.0, 1, 0.033]
[3082.78, 1, 0.0, 1, 0.035]
[3082.78, 1, 0.0, 1, 0.033]
[3082.78, 1, 0.0, 1, 0.035]
[3082.78, 1, 0.0, 1, 0.034]
[3082.78, 1, 0.0, 1, 0.034]
[3082.78, 1, 0.0, 1, 0.036]
[3082.78, 1, 0.0, 1, 0.033]
[3082.78, 1, 0.0, 1, 0.033]
[3082.78, 1, 0.0, 1, 0.035]
[3082.78, 1, 0.0, 1, 0.033]
[3082.78, 1, 0.0, 1, 0.037]
[3082.78, 1, 0.0, 1, 0.035]
[3082.78, 1, 0.0, 1, 0.034]
[3082.78, 1, 0.0, 1, 0.037]
[3082.78, 1, 0.0, 1, 0.035]
[3082.78, 1, 0.0, 1, 0.034]
[3082.78, 1, 0.0, 1, 0.034]
[3082.78, 1, 0.0, 1, 0.033]
[3082.78, 1, 0.0, 1, 0.033]
[3082.78, 1, 0.0, 1, 0.033]
[3082.78, 1, 0.0, 1, 0.034]
[3082.78, 1, 0.0, 1, 0.037]
[3082.78, 1, 0.0, 1, 0.035]
[3082.78, 1, 0.0, 1, 0.034]
[3082.78, 1, 0.0, 1, 0.034]
[3082.78, 1, 0.0, 1, 0.04]
[3082.78, 1, 0.0, 1, 0.034]
[3082.78, 1, 0.0, 1, 0.034]
[3082.78, 1, 0.0, 1, 0.034]
[3082.78, 1, 0.0, 1, 0.041]
[3082.78, 1, 0.0, 1, 0.033]
[3082.78, 1, 0.0, 1, 0.039]
[3082.78, 1, 0.0, 1, 0.034]
[3082.78, 1, 0.0, 1, 0.034]
[3082.78, 1, 0.0, 1, 0.039]
[3082.78, 1, 0.0, 1, 0.034]
[3082.78, 1, 0.0, 1, 0.034]
[3082.78, 1, 0.0, 1, 0.039]
[3082.78, 1, 0.0, 1, 0.036]
[3082.78, 1, 0.0, 1, 0.042]
[3082.78, 1, 0.0, 1, 0.035]
[3082.78, 1, 0.0, 1, 0.034]
[3082.78, 1, 0.0, 1, 0.039]
[3082.78, 1, 0.0, 1, 0.035]
[3082.78, 1, 0.0, 1, 0.039]
[3082.78, 1, 0.0, 1, 0.037]
[3082.78, 1, 0.0, 1, 0.038]
[3082.78, 1, 0.0, 1, 0.035]
[3082.78, 1, 0.0, 1, 0.035]
[3082.78, 1, 0.0, 1, 0.035]
[3082.78, 1, 0.0, 1, 0.037]
[3082.78, 1, 0.0, 1, 0.039]
[3082.78, 1, 0.0, 1, 0.036]
[3082.78, 1, 0.0, 1, 0.035]
[3082.78, 1, 0.0, 1, 0.034]
[3082.78, 1, 0.0, 1, 0.034]
[3082.78, 1, 0.0, 1, 0.033]
[3082.78, 1, 0.0, 1, 0.036]
[3082.78, 1, 0.0, 1, 0.038]
[3082.78, 1, 0.0, 1, 0.035]
[3082.78, 1, 0.0, 1, 0.036]
[3082.78, 1, 0.0, 1, 0.034]
[3082.78, 1, 0.0, 1, 0.033]
[3082.78, 1, 0.0, 1, 0.04]
[3082.78, 1, 0.0, 1, 0.034]
[3082.78, 1, 0.0, 1, 0.033]
[3082.78, 1, 0.0, 1, 0.035]
[3082.78, 1, 0.0, 1, 0.034]
[3082.78, 1, 0.0, 1, 0.034]
[3082.78, 1, 0.0, 1, 0.033]
[3082.78, 1, 0.0, 1, 0.034]
[3082.78, 1, 0.0, 1, 0.036]
[3082.78, 1, 0.0, 1, 0.033]
[3082.78, 1, 0.0, 1, 0.034]
[3082.78, 1, 0.0, 1, 0.034]
[3082.78, 1, 0.0, 1, 0.039]
[3082.78, 1, 0.0, 1, 0.034]
[3082.78, 1, 0.0, 1, 0.086]
[3082.78, 1, 0.0, 1, 0.044]
[3082.78, 1, 0.0, 1, 0.037]
[3082.78, 1, 0.0, 1, 0.038]
[3082.78, 1, 0.0, 1, 0.034]
[3082.78, 1, 0.0, 1, 0.033]
[3082.78, 1, 0.0, 1, 0.04]
[3082.78, 1, 0.0, 1, 0.036]
[3082.78, 1, 0.0, 1, 0.035]
[3082.78, 1, 0.0, 1, 0.033]
[3082.78, 1, 0.0, 1, 0.033]
[3082.78, 1, 0.0, 1, 0.037]
[3082.78, 1, 0.0, 1, 0.034]
[3082.78, 1, 0.0, 1, 0.036]
[3082.78, 1, 0.0, 1, 0.034]
[3082.78, 1, 0.0, 1, 0.035]
[3082.78, 1, 0.0, 1, 0.033]
[3082.78, 1, 0.0, 1, 0.034]
[3082.78, 1, 0.0, 1, 0.033]
[3082.78, 1, 0.0, 1, 0.038]
[3082.78, 1, 0.0, 1, 0.034]
[3082.78, 1, 0.0, 1, 0.034]
[3082.78, 1, 0.0, 1, 0.034]
[3082.78, 1, 0.0, 1, 0.038]
[3082.78, 1, 0.0, 1, 0.035]
[3082.78, 1, 0.0, 1, 0.037]
[3082.78, 1, 0.0, 1, 0.034]
[3082.78, 1, 0.0, 1, 0.041]
[3082.78, 1, 0.0, 1, 0.036]
[3082.78, 1, 0.0, 1, 0.034]
[3082.78, 1, 0.0, 1, 0.035]
[3082.78, 1, 0.0, 1, 0.033]
[3082.78, 1, 0.0, 1, 0.035]
[3082.78, 1, 0.0, 1, 0.034]
[3082.78, 1, 0.0, 1, 0.034]
[3082.78, 1, 0.0, 1, 0.035]
[3082.78, 1, 0.0, 1, 0.038]
[3082.78, 1, 0.0, 1, 0.035]
[3082.78, 1, 0.0, 1, 0.034]
[3082.78, 1, 0.0, 1, 0.034]
[3082.78, 1, 0.0, 1, 0.04]
[3082.78, 1, 0.0, 1, 0.034]
[3082.78, 1, 0.0, 1, 0.04]
[3082.78, 1, 0.0, 1, 0.038]
[3082.78, 1, 0.0, 1, 0.034]
[3082.78, 1, 0.0, 1, 0.035]
[3082.78, 1, 0.0, 1, 0.034]
[3082.78, 1, 0.0, 1, 0.034]
[3082.78, 1, 0.0, 1, 0.037]
[3082.78, 1, 0.0, 1, 0.033]
[3082.78, 1, 0.0, 1, 0.036]
[3082.78, 1, 0.0, 1, 0.034]
[3082.78, 1, 0.0, 1, 0.034]
[3082.78, 1, 0.0, 1, 0.042]
[3082.78, 1, 0.0, 1, 0.034]
[3082.78, 1, 0.0, 1, 0.034]
[3082.78, 1, 0.0, 1, 0.037]
[3082.78, 1, 0.0, 1, 0.036]
[3082.78, 1, 0.0, 1, 0.034]
[3082.78, 1, 0.0, 1, 0.035]
[3082.78, 1, 0.0, 1, 0.035]
[3082.78, 1, 0.0, 1, 0.038]
[3082.78, 1, 0.0, 1, 0.036]
[3082.78, 1, 0.0, 1, 0.034]
[3082.78, 1, 0.0, 1, 0.033]
[3082.78, 1, 0.0, 1, 0.033]
[3082.78, 1, 0.0, 1, 0.033]
[3082.78, 1, 0.0, 1, 0.039]