[3082.78, 1, 0.0, 5, 0.28]
[3082.78, 1, 0.0, 3, 0.193]
[3082.78, 1, 0.0, 4, 0.237]
[3082.78, 1, 0.0, 2, 0.078]
[3082.78, 1, 0.0, 1, 0.045]
[3082.78, 1, 0.0, 2, 0.09]
[3082.78, 1, 0.0, 4, 0.152]
[3082.78, 1, 0.0, 3, 0.145]
[3082.78, 1, 0.0, 2, 0.077]
[3082.78, 1, 0.0, 2, 0.096]
[3082.78, 1, 0.0, 2, 0.076]
[3082.78, 1, 0.0, 3, 0.118]
[3082.78, 1, 0.0, 1, 0.035]
[3082.78, 1, 0.0, 1, 0.043]
[3082.78, 1, 0.0, 2, 0.071]
[3082.78, 1, 0.0, 1, 0.037]
[3082.78, 1, 0.0, 1, 0.048]
[3082.78, 1, 0.0, 1, 0.035]
[3082.78, 1, 0.0, 1, 0.042]
[3082.78, 1, 0.0, 3, 0.114]
[3082.78, 1, 0.0, 1, 0.035]
[3082.78, 1, 0.0, 2, 0.071]
[3082.78, 1, 0.0, 2, 0.072]
[3082.78, 1, 0.0, 1, 0.036]
[3082.78, 1, 0.0, 2, 0.081]
[3082.78, 1, 0.0, 1, 0.035]
[3082.78, 1, 0.0, 2, 0.07]
[3082.78, 1, 0.0, 1, 0.036]
[3082.78, 1, 0.0, 2, 0.07]
[3082.78, 1, 0.0, 1, 0.035]
[3082.78, 1, 0.0, 1, 0.037]
[3082.78, 1, 0.0, 1, 0.035]
[3082.78, 1, 0.0, 1, 0.035]
[3082.78, 1, 0.0, 2, 0.07]
[3082.78, 1, 0.0, 1, 0.048]
[3082.78, 1, 0.0, 1, 0.036]
[3082.78, 1, 0.0, 1, 0.04]
[3082.78, 1, 0.0, 1, 0.034]
[3082.78, 1, 0.0, 1, 0.045]
[3082.78, 1, 0.0, 2, 0.069]
[3082.78, 1, 0.0, 1, 0.034]
[3082.78, 1, 0.0, 1, 0.036]
[3082.78, 1, 0.0, 1, 0.034]
[3082.78, 1, 0.0, 1, 0.038]
[3082.78, 1, 0.0, 1, 0.035]
[3082.78, 1, 0.0, 1, 0.034]
[3082.78, 1, 0.0, 1, 0.048]
[3082.78, 1, 0.0, 1, 0.036]
[3082.78, 1, 0.0, 1, 0.035]
[3082.78, 1, 0.0, 1, 0.035]
[3082.78, 1, 0.0, 1, 0.035]
[3082.78, 1, 0.0, 1, 0.036]
[3082.78, 1, 0.0, 1, 0.035]
[3082.78, 1, 0.0, 1, 0.037]
[3082.78, 1, 0.0, 1, 0.035]
[3082.78, 1, 0.0, 1, 0.035]
[3082.78, 1, 0.0, 1, 0.035]
[3082.78, 1, 0.0, 1, 0.035]
[3082.78, 1, 0.0, 1, 0.041]
[3082.78, 1, 0.0, 1, 0.037]
[3082.78, 1, 0.0, 1, 0.036]
[3082.78, 1, 0.0, 1, 0.039]
[3082.78, 1, 0.0, 1, 0.035]
[3082.78, 1, 0.0, 1, 0.04]
[3082.78, 1, 0.0, 1, 0.034]
[3082.78, 1, 0.0, 1, 0.035]
[3082.78, 1, 0.0, 1, 0.045]
[3082.78, 1, 0.0, 1, 0.036]
[3082.78, 1, 0.0, 1, 0.035]
[3082.78, 1, 0.0, 1, 0.035]
[3082.78, 1, 0.0, 1, 0.036]
[3082.78, 1, 0.0, 1, 0.036]
[3082.78, 1, 0.0, 1, 0.035]
[3082.78, 1, 0.0, 1, 0.037]
[3082.78, 1, 0.0, 1, 0.036]
[3082.78, 1, 0.0, 1, 0.034]
[3082.78, 1, 0.0, 1, 0.037]
[3082.78, 1, 0.0, 1, 0.035]
[3082.78, 1, 0.0, 1, 0.035]
[3082.78, 1, 0.0, 1, 0.035]
[3082.78, 1, 0.0, 1, 0.041]
[3082.78, 1, 0.0, 1, 0.037]
[3082.78, 1, 0.0, 1, 0.038]
[3082.78, 1, 0.0, 1, 0.035]
[3082.78, 1, 0.0, 1, 0.036]
[3082.78, 1, 0.0, 1, 0.035]
[3082.78, 1, 0.0, 1, 0.035]
[3082.78, 1, 0.0, 1, 0.036]
[3082.78, 1, 0.0, 1, 0.035]
[3082.78, 1, 0.0, 1, 0.052]
[3082.78, 1, 0.0, 1, 0.035]
[3082.78, 1, 0.0, 1, 0.035]
[3082.78, 1, 0.0, 1, 0.035]
[3082.78, 1, 0.0, 1, 0.041]
[3082.78, 1, 0.0, 1, 0.041]
[3082.78, 1, 0.0, 1, 0.038]
[3082.78, 1, 0.0, 1, 0.036]
[3082.78, 1, 0.0, 1, 0.034]
[3082.78, 1, 0.0, 1, 0.035]
[3082.78, 1, 0.0, 1, 0.044]
[3082.78, 1, 0.0, 1, 0.035]
[3082.78, 1, 0.0, 1, 0.034]
[3082.78, 1, 0.0, 1, 0.039]
[3082.78, 1, 0.0, 1, 0.039]
[3082.78, 1, 0.0, 1, 0.037]
[3082.78, 1, 0.0, 1, 0.035]
[3082.78, 1, 0.0, 1, 0.034]
[3082.78, 1, 0.0, 1, 0.036]
[3082.78, 1, 0.0, 1, 0.035]
[3082.78, 1, 0.0, 1, 0.035]
[3082.78, 1, 0.0, 1, 0.036]
[3082.78, 1, 0.0, 1, 0.035]
[3082.78, 1, 0.0, 1, 0.037]
[3082.78, 1, 0.0, 1, 0.035]
[3082.78, 1, 0.0, 1, 0.034]
[3082.78, 1, 0.0, 1, 0.044]
[3082.78, 1, 0.0, 1, 0.035]
[3082.78, 1, 0.0, 1, 0.035]
[3082.78, 1, 0.0, 1, 0.048]
[3082.78, 1, 0.0, 1, 0.036]
[3082.78, 1, 0.0, 1, 0.034]
[3082.78, 1, 0.0, 1, 0.035]
[3082.78, 1, 0.0, 1, 0.035]
[3082.78, 1, 0.0, 1, 0.035]
[3082.78, 1, 0.0, 1, 0.037]
[3082.78, 1, 0.0, 1, 0.036]
[3082.78, 1, 0.0, 1, 0.034]
[3082.78, 1, 0.0, 1, 0.039]
[3082.78, 1, 0.0, 1, 0.036]
[3082.78, 1, 0.0, 1, 0.036]
[3082.78, 1, 0.0, 1, 0.035]
[3082.78, 1, 0.0, 1, 0.035]
[3082.78, 1, 0.0, 1, 0.035]
[3082.78, 1, 0.0, 1, 0.036]
[3082.78, 1, 0.0, 1, 0.04]
[3082.78, 1, 0.0, 1, 0.04]
[3082.78, 1, 0.0, 1, 0.037]
[3082.78, 1, 0.0, 1, 0.037]
[3082.78, 1, 0.0, 1, 0.034]
[3082.78, 1, 0.0, 1, 0.034]
[3082.78, 1, 0.0, 1, 0.044]
[3082.78, 1, 0.0, 1, 0.035]
[3082.78, 1, 0.0, 1, 0.036]
[3082.78, 1, 0.0, 1, 0.034]
[3082.78, 1, 0.0, 1, 0.035]
[3082.78, 1, 0.0, 1, 0.035]
[3082.78, 1, 0.0, 1, 0.034]
[3082.78, 1, 0.0, 1, 0.035]
[3082.78, 1, 0.0, 1, 0.038]
[3082.78, 1, 0.0, 1, 0.036]
[3082.78, 1, 0.0, 1, 0.036]
[3082.78, 1, 0.0, 1, 0.035]
[3082.78, 1, 0.0, 1, 0.036]
[3082.78, 1, 0.0, 1, 0.036]
[3082.78, 1, 0.0, 1, 0.035]
[3082.78, 1, 0.0, 1, 0.034]
[3082.78, 1, 0.0, 1, 0.037]
[3082.78, 1, 0.0, 1, 0.035]
[3082.78, 1, 0.0, 1, 0.036]
[3082.78, 1, 0.0, 1, 0.035]
[3082.78, 1, 0.0, 1, 0.035]
[3082.78, 1, 0.0, 1, 0.035]
[3082.78, 1, 0.0, 1, 0.034]
[3082.78, 1, 0.0, 1, 0.034]
[3082.78, 1, 0.0, 1, 0.036]
[3082.78, 1, 0.0, 1, 0.034]
[3082.78, 1, 0.0, 1, 0.035]
[3082.78, 1, 0.0, 1, 0.041]
[3082.78, 1, 0.0, 1, 0.036]
[3082.78, 1, 0.0, 1, 0.035]
[3082.78, 1, 0.0, 1, 0.035]
[3082.78, 1, 0.0, 1, 0.034]
[3082.78, 1, 0.0, 1, 0.034]
[3082.78, 1, 0.0, 1, 0.036]
[3082.78, 1, 0.0, 1, 0.037]
[3082.78, 1, 0.0, 1, 0.035]
[3082.78, 1, 0.0, 1, 0.036]
[3082.78, 1, 0.0, 1, 0.035]
[3082.78, 1, 0.0, 1, 0.034]
[3082.78, 1, 0.0, 1, 0.038]
[3082.78, 1, 0.0, 1, 0.038]
[3082.78, 1, 0.0, 1, 0.034]
[3082.78, 1, 0.0, 1, 0.035]
[3082.78, 1, 0.0, 1, 0.034]
[3082.78, 1, 0.0, 1, 0.038]
[3082.78, 1, 0.0, 1, 0.035]
[3082.78, 1, 0.0, 1, 0.035]
[3082.78, 1, 0.0, 1, 0.036]
[3082.78, 1, 0.0, 1, 0.035]
[3082.78, 1, 0.0, 1, 0.034]
[3082.78, 1, 0.0, 1, 0.035]
[3082.78, 1, 0.0, 1, 0.038]
[3082.78, 1, 0.0, 1, 0.038]
[3082.78, 1, 0.0, 1, 0.041]
[3082.78, 1, 0.0, 1, 0.034]
[3082.78, 1, 0.0, 1, 0.035]
[3082.78, 1, 0.0, 1, 0.035]
[3082.78, 1, 0.0, 1, 0.036]
[3082.78, 1, 0.0, 1, 0.038]
[3082.78, 1, 0.0, 1, 0.036]
[3082.78, 1, 0.0, 1, 0.035]
[3082.78, 1, 0.0, 1, 0.035]
[3082.78, 1, 0.0, 1, 0.035]
[3082.78, 1, 0.0, 1, 0.036]
[3082.78, 1, 0.0, 1, 0.037]
[3082.78, 1, 0.0, 1, 0.04]
[3082.78, 1, 0.0, 1, 0.039]
[3082.78, 1, 0.0, 1, 0.034]
[3082.78, 1, 0.0, 1, 0.036]
[3082.78, 1, 0.0, 1, 0.034]
[3082.78, 1, 0.0, 1, 0.035]
[3082.78, 1, 0.0, 1, 0.035]
[3082.78, 1, 0.0, 1, 0.036]
[3082.78, 1, 0.0, 1, 0.038]
[3082.78, 1, 0.0, 1, 0.034]
[3082.78, 1, 0.0, 1, 0.038]
[3082.78, 1, 0.0, 1, 0.034]
[3082.78, 1, 0.0, 1, 0.036]
[3082.78, 1, 0.0, 1, 0.034]
[3082.78, 1, 0.0, 1, 0.04]
[3082.78, 1, 0.0, 1, 0.034]
[3082.78, 1, 0.0, 1, 0.037]
[3082.78, 1, 0.0, 1, 0.037]
[3082.78, 1, 0.0, 1, 0.039]
[3082.78, 1, 0.0, 1, 0.035]
[3082.78, 1, 0.0, 1, 0.035]
[3082.78, 1, 0.0, 1, 0.037]
[3082.78, 1, 0.0, 1, 0.034]
[3082.78, 1, 0.0, 1, 0.034]
[3082.78, 1, 0.0, 1, 0.039]
[3082.78, 1, 0.0, 1, 0.034]
[3082.78, 1, 0.0, 1, 0.036]
[3082.78, 1, 0.0, 1, 0.034]
[3082.78, 1, 0.0, 1, 0.035]
[3082.78, 1, 0.0, 1, 0.034]
[3082.78, 1, 0.0, 1, 0.034]
[3082.78, 1, 0.0, 1, 0.035]
[3082.78, 1, 0.0, 1, 0.04]
[3082.78, 1, 0.0, 1, 0.035]
[3082.78, 1, 0.0, 1, 0.036]
[3082.78, 1, 0.0, 1, 0.035]
[3082.78, 1, 0.0, 1, 0.035]
[3082.78, 1, 0.0, 1, 0.036]
[3082.78, 1, 0.0, 1, 0.034]
[3082.78, 1, 0.0, 1, 0.036]
[3082.78, 1, 0.0, 1, 0.039]
[3082.78, 1, 0.0, 1, 0.039]
[3082.78, 1, 0.0, 1, 0.036]
[3082.78, 1, 0.0, 1, 0.035]
[3082.78, 1, 0.0, 1, 0.037]
[3082.78, 1, 0.0, 1, 0.034]
[3082.78, 1, 0.0, 1, 0.035]
[3082.78, 1, 0.0, 1, 0.037]
[3082.78, 1, 0.0, 1, 0.035]
[3082.78, 1, 0.0, 1, 0.034]
[3082.78, 1, 0.0, 1, 0.035]
[3082.78, 1, 0.0, 1, 0.035]
[3082.78, 1, 0.0, 1, 0.036]
[3082.78, 1, 0.0, 1, 0.035]
[3082.78, 1, 0.0, 1, 0.034]
[3082.78, 1, 0.0, 1, 0.038]
[3082.78, 1, 0.0, 1, 0.042]
[3082.78, 1, 0.0, 1, 0.036]
[3082.78, 1, 0.0, 1, 0.036]
[3082.78, 1, 0.0, 1, 0.035]
[3082.78, 1, 0.0, 1, 0.034]
[3082.78, 1, 0.0, 1, 0.034]
[3082.78, 1, 0.0, 1, 0.035]
[3082.78, 1, 0.0, 1, 0.038]
[3082.78, 1, 0.0, 1, 0.034]
[3082.78, 1, 0.0, 1, 0.034]
[3082.78, 1, 0.0, 1, 0.038]
[3082.78, 1, 0.0, 1, 0.041]
[3082.78, 1, 0.0, 1, 0.035]
[3082.78, 1, 0.0, 1, 0.035]
[3082.78, 1, 0.0, 1, 0.035]
[3082.78, 1, 0.0, 1, 0.034]
[3082.78, 1, 0.0, 1, 0.034]
[3082.78, 1, 0.0, 1, 0.035]
[3082.78, 1, 0.0, 1, 0.036]
[3082.78, 1, 0.0, 1, 0.034]
[3082.78, 1, 0.0, 1, 0.036]
[3082.78, 1, 0.0, 1, 0.035]
[3082.78, 1, 0.0, 1, 0.036]
[3082.78, 1, 0.0, 1, 0.034]
[3082.78, 1, 0.0, 1, 0.038]
[3082.78, 1, 0.0, 1, 0.035]
[3082.78, 1, 0.0, 1, 0.035]
[3082.78, 1, 0.0, 1, 0.036]
[3082.78, 1, 0.0, 1, 0.035]
[3082.78, 1, 0.0, 1, 0.035]
[3082.78, 1, 0.0, 1, 0.037]
[3082.78, 1, 0.0, 1, 0.035]
[3082.78, 1, 0.0, 1, 0.034]
[3082.78, 1, 0.0, 1, 0.035]
[3082.78, 1, 0.0, 1, 0.035]
[3082.78, 1, 0.0, 1, 0.034]
[3082.78, 1, 0.0, 1, 0.035]
[3082.78, 1, 0.0, 1, 0.041]
[3082.78, 1, 0.0, 1, 0.037]
[3082.78, 1, 0.0, 1, 0.035]
[3082.78, 1, 0.0, 1, 0.034]
[3082.78, 1, 0.0, 1, 0.035]
[3082.78, 1, 0.0, 1, 0.035]
[3082.78, 1, 0.0, 1, 0.035]
[3082.78, 1, 0.0, 1, 0.035]
[3082.78, 1, 0.0, 1, 0.035]
[3082.78, 1, 0.0, 1, 0.041]
[3082.78, 1, 0.0, 1, 0.035]
[3082.78, 1, 0.0, 1, 0.037]
[3082.78, 1, 0.0, 1, 0.038]
[3082.78, 1, 0.0, 1, 0.036]
[3082.78, 1, 0.0, 1, 0.036]
[3082.78, 1, 0.0, 1, 0.035]
[3082.78, 1, 0.0, 1, 0.034]
[3082.78, 1, 0.0, 1, 0.037]
[3082.78, 1, 0.0, 1, 0.038]
[3082.78, 1, 0.0, 1, 0.036]
[3082.78, 1, 0.0, 1, 0.035]
[3082.78, 1, 0.0, 1, 0.035]
[3082.78, 1, 0.0, 1, 0.034]
[3082.78, 1, 0.0, 1, 0.035]
[3082.78, 1, 0.0, 1, 0.035]
[3082.78, 1, 0.0, 1, 0.037]
[3082.78, 1, 0.0, 1, 0.035]
[3082.78, 1, 0.0, 1, 0.041]
[3082.78, 1, 0.0, 1, 0.034]
[3082.78, 1, 0.0, 1, 0.034]
[3082.78, 1, 0.0, 1, 0.034]
[3082.78, 1, 0.0, 1, 0.035]
[3082.78, 1, 0.0, 1, 0.035]
[3082.78, 1, 0.0, 1, 0.046]
[3082.78, 1, 0.0, 1, 0.036]
[3082.78, 1, 0.0, 1, 0.037]
[3082.78, 1, 0.0, 1, 0.035]
[3082.78, 1, 0.0, 1, 0.035]
[3082.78, 1, 0.0, 1, 0.039]
[3082.78, 1, 0.0, 1, 0.036]
[3082.78, 1, 0.0, 1, 0.034]
[3082.78, 1, 0.0, 1, 0.035]
[3082.78, 1, 0.0, 1, 0.035]
[3082.78, 1, 0.0, 1, 0.034]
[3082.78, 1, 0.0, 1, 0.035]
[3082.78, 1, 0.0, 1, 0.038]
[3082.78, 1, 0.0, 1, 0.039]
[3082.78, 1, 0.0, 1, 0.035]
[3082.78, 1, 0.0, 1, 0.035]
[3082.78, 1, 0.0, 1, 0.036]
[3082.78, 1, 0.0, 1, 0.035]
[3082.78, 1, 0.0, 1, 0.036]
[3082.78, 1, 0.0, 1, 0.034]
[3082.78, 1, 0.0, 1, 0.046]
[3082.78, 1, 0.0, 1, 0.043]
[3082.78, 1, 0.0, 1, 0.035]
[3082.78, 1, 0.0, 1, 0.035]
[3082.78, 1, 0.0, 1, 0.035]
[3082.78, 1, 0.0, 1, 0.036]
[3082.78, 1, 0.0, 1, 0.036]
[3082.78, 1, 0.0, 1, 0.034]
[3082.78, 1, 0.0, 1, 0.037]
[3082.78, 1, 0.0, 1, 0.033]
[3082.78, 1, 0.0, 1, 0.035]
[3082.78, 1, 0.0, 1, 0.038]
[3082.78, 1, 0.0, 1, 0.035]
[3082.78, 1, 0.0, 1, 0.038]
[3082.78, 1, 0.0, 1, 0.034]
[3082.78, 1, 0.0, 1, 0.036]
[3082.78, 1, 0.0, 1, 0.036]
[3082.78, 1, 0.0, 1, 0.034]
[3082.78, 1, 0.0, 1, 0.035]
[3082.78, 1, 0.0, 1, 0.039]
[3082.78, 1, 0.0, 1, 0.035]
[3082.78, 1, 0.0, 1, 0.035]
[3082.78, 1, 0.0, 1, 0.035]
[3082.78, 1, 0.0, 1, 0.034]
[3082.78, 1, 0.0, 1, 0.036]
[3082.78, 1, 0.0, 1, 0.034]
[3082.78, 1, 0.0, 1, 0.043]
[3082.78, 1, 0.0, 1, 0.035]
[3082.78, 1, 0.0, 1, 0.036]
[3082.78, 1, 0.0, 1, 0.035]
[3082.78, 1, 0.0, 1, 0.039]
[3082.78, 1, 0.0, 1, 0.036]
[3082.78, 1, 0.0, 1, 0.034]
[3082.78, 1, 0.0, 1, 0.035]
[3082.78, 1, 0.0, 1, 0.038]
[3082.78, 1, 0.0, 1, 0.037]
[3082.78, 1, 0.0, 1, 0.035]
[3082.78, 1, 0.0, 1, 0.035]
[3082.78, 1, 0.0, 1, 0.034]
[3082.78, 1, 0.0, 1, 0.034]
[3082.78, 1, 0.0, 1, 0.034]
[3082.78, 1, 0.0, 1, 0.034]
[3082.78, 1, 0.0, 1, 0.038]
[3082.78, 1, 0.0, 1, 0.035]
[3082.78, 1, 0.0, 1, 0.036]
[3082.78, 1, 0.0, 1, 0.034]
[3082.78, 1, 0.0, 1, 0.039]
[3082.78, 1, 0.0, 1, 0.039]
[3082.78, 1, 0.0, 1, 0.034]
[3082.78, 1, 0.0, 1, 0.035]
[3082.78, 1, 0.0, 1, 0.037]
[3082.78, 1, 0.0, 1, 0.035]
[3082.78, 1, 0.0, 1, 0.041]
[3082.78, 1, 0.0, 1, 0.035]
[3082.78, 1, 0.0, 1, 0.035]
[3082.78, 1, 0.0, 1, 0.037]
[3082.78, 1, 0.0, 1, 0.042]
[3082.78, 1, 0.0, 1, 0.036]
[3082.78, 1, 0.0, 1, 0.037]
[3082.78, 1, 0.0, 1, 0.034]
[3082.78, 1, 0.0, 1, 0.035]
[3082.78, 1, 0.0, 1, 0.036]
[3082.78, 1, 0.0, 1, 0.034]
[3082.78, 1, 0.0, 1, 0.042]
[3082.78, 1, 0.0, 1, 0.035]
[3082.78, 1, 0.0, 1, 0.035]
[3082.78, 1, 0.0, 1, 0.035]
[3082.78, 1, 0.0, 1, 0.036]
[3082.78, 1, 0.0, 1, 0.038]
[3082.78, 1, 0.0, 1, 0.035]
[3082.78, 1, 0.0, 1, 0.038]
[3082.78, 1, 0.0, 1, 0.035]
[3082.78, 1, 0.0, 1, 0.035]
[3082.78, 1, 0.0, 1, 0.034]
[3082.78, 1, 0.0, 1, 0.034]
[3082.78, 1, 0.0, 1, 0.034]
[3082.78, 1, 0.0, 1, 0.038]
[3082.78, 1, 0.0, 1, 0.035]
[3082.78, 1, 0.0, 1, 0.041]
[3082.78, 1, 0.0, 1, 0.034]
[3082.78, 1, 0.0, 1, 0.036]
[3082.78, 1, 0.0, 1, 0.037]
[3082.78, 1, 0.0, 1, 0.034]
[3082.78, 1, 0.0, 1, 0.034]
[3082.78, 1, 0.0, 1, 0.035]
[3082.78, 1, 0.0, 1, 0.035]
[3082.78, 1, 0.0, 1, 0.034]
[3082.78, 1, 0.0, 1, 0.036]
[3082.78, 1, 0.0, 1, 0.035]
[3082.78, 1, 0.0, 1, 0.037]
[3082.78, 1, 0.0, 1, 0.035]
[3082.78, 1, 0.0, 1, 0.035]
[3082.78, 1, 0.0, 1, 0.039]
[3082.78, 1, 0.0, 1, 0.035]
[3082.78, 1, 0.0, 1, 0.035]
[3082.78, 1, 0.0, 1, 0.035]
[3082.78, 1, 0.0, 1, 0.035]
[3082.78, 1, 0.0, 1, 0.038]
[3082.78, 1, 0.0, 1, 0.035]
[3082.78, 1, 0.0, 1, 0.036]
[3082.78, 1, 0.0, 1, 0.034]
[3082.78, 1, 0.0, 1, 0.038]
[3082.78, 1, 0.0, 1, 0.035]
[3082.78, 1, 0.0, 1, 0.034]
[3082.78, 1, 0.0, 1, 0.042]
[3082.78, 1, 0.0, 1, 0.035]
[3082.78, 1, 0.0, 1, 0.035]
[3082.78, 1, 0.0, 1, 0.035]
[3082.78, 1, 0.0, 1, 0.034]
[3082.78, 1, 0.0, 1, 0.039]
[3082.78, 1, 0.0, 1, 0.035]
[3082.78, 1, 0.0, 1, 0.036]
[3082.78, 1, 0.0, 1, 0.039]
[3082.78, 1, 0.0, 1, 0.036]
[3082.78, 1, 0.0, 1, 0.036]
[3082.78, 1, 0.0, 1, 0.035]
[3082.78, 1, 0.0, 1, 0.034]
[3082.78, 1, 0.0, 1, 0.035]
[3082.78, 1, 0.0, 1, 0.038]
[3082.78, 1, 0.0, 1, 0.034]
[3082.78, 1, 0.0, 1, 0.038]
[3082.78, 1, 0.0, 1, 0.035]
[3082.78, 1, 0.0, 1, 0.037]
[3082.78, 1, 0.0, 1, 0.037]
[3082.78, 1, 0.0, 1, 0.037]
[3082.78, 1, 0.0, 1, 0.039]
[3082.78, 1, 0.0, 1, 0.039]
[3082.78, 1, 0.0, 1, 0.034]
[3082.78, 1, 0.0, 1, 0.035]
[3082.78, 1, 0.0, 1, 0.035]
[3082.78, 1, 0.0, 1, 0.04]
[3082.78, 1, 0.0, 1, 0.036]
[3082.78, 1, 0.0, 1, 0.036]
[3082.78, 1, 0.0, 1, 0.038]
[3082.78, 1, 0.0, 1, 0.039]
[3082.78, 1, 0.0, 1, 0.035]
[3082.78, 1, 0.0, 1, 0.036]
[3082.78, 1, 0.0, 1, 0.035]
[3082.78, 1, 0.0, 1, 0.038]
[3082.78, 1, 0.0, 1, 0.035]
[3082.78, 1, 0.0, 1, 0.035]
[3082.78, 1, 0.0, 1, 0.035]
[3082.78, 1, 0.0, 1, 0.035]
[3082.78, 1, 0.0, 1, 0.035]
[3082.78, 1, 0.0, 1, 0.035]
[3082.78, 1, 0.0, 1, 0.036]
[3082.78, 1, 0.0, 1, 0.04]
[3082.78, 1, 0.0, 1, 0.035]
[3082.78, 1, 0.0, 1, 0.035]
[3082.78, 1, 0.0, 1, 0.034]
[3082.78, 1, 0.0, 1, 0.034]
[3082.78, 1, 0.0, 1, 0.036]
[3082.78, 1, 0.0, 1, 0.035]
[3082.78, 1, 0.0, 1, 0.034]
[3082.78, 1, 0.0, 1, 0.038]
[3082.78, 1, 0.0, 1, 0.036]
[3082.78, 1, 0.0, 1, 0.045]
[3082.78, 1, 0.0, 1, 0.035]
[3082.78, 1, 0.0, 1, 0.035]
[3082.78, 1, 0.0, 1, 0.035]
[3082.78, 1, 0.0, 1, 0.034]
[3082.78, 1, 0.0, 1, 0.038]
[3082.78, 1, 0.0, 1, 0.035]
[3082.78, 1, 0.0, 1, 0.034]
[3082.78, 1, 0.0, 1, 0.035]
[3082.78, 1, 0.0, 1, 0.036]
[3082.78, 1, 0.0, 1, 0.035]
[3082.78, 1, 0.0, 1, 0.039]
[3082.78, 1, 0.0, 1, 0.035]
[3082.78, 1, 0.0, 1, 0.039]
[3082.78, 1, 0.0, 1, 0.036]
[3082.78, 1, 0.0, 1, 0.035]
[3082.78, 1, 0.0, 1, 0.035]
[3082.78, 1, 0.0, 1, 0.034]
[3082.78, 1, 0.0, 1, 0.035]
[3082.78, 1, 0.0, 1, 0.035]
[3082.78, 1, 0.0, 1, 0.035]
[3082.78, 1, 0.0, 1, 0.035]
[3082.78, 1, 0.0, 1, 0.034]
[3082.78, 1, 0.0, 1, 0.035]
[3082.78, 1, 0.0, 1, 0.036]
[3082.78, 1, 0.0, 1, 0.038]
[3082.78, 1, 0.0, 1, 0.036]
[3082.78, 1, 0.0, 1, 0.043]
[3082.78, 1, 0.0, 1, 0.037]
[3082.78, 1, 0.0, 1, 0.035]
[3082.78, 1, 0.0, 1, 0.035]
[3082.78, 1, 0.0, 1, 0.035]
[3082.78, 1, 0.0, 1, 0.037]
[3082.78, 1, 0.0, 1, 0.036]
[3082.78, 1, 0.0, 1, 0.035]
[3082.78, 1, 0.0, 1, 0.053]
[3082.78, 1, 0.0, 1, 0.036]
[3082.78, 1, 0.0, 1, 0.035]
[3082.78, 1, 0.0, 1, 0.034]
[3082.78, 1, 0.0, 1, 0.037]
[3082.78, 1, 0.0, 1, 0.037]
[3082.78, 1, 0.0, 1, 0.035]
[3082.78, 1, 0.0, 1, 0.036]
[3082.78, 1, 0.0, 1, 0.034]
[3082.78, 1, 0.0, 1, 0.036]
[3082.78, 1, 0.0, 1, 0.036]
[3082.78, 1, 0.0, 1, 0.035]
[3082.78, 1, 0.0, 1, 0.035]
[3082.78, 1, 0.0, 1, 0.035]
[3082.78, 1, 0.0, 1, 0.039]
[3082.78, 1, 0.0, 1, 0.035]
[3082.78, 1, 0.0, 1, 0.035]
[3082.78, 1, 0.0, 1, 0.044]
[3082.78, 1, 0.0, 1, 0.035]
[3082.78, 1, 0.0, 1, 0.035]
[3082.78, 1, 0.0, 1, 0.034]
[3082.78, 1, 0.0, 1, 0.035]
[3082.78, 1, 0.0, 1, 0.036]
[3082.78, 1, 0.0, 1, 0.034]
[3082.78, 1, 0.0, 1, 0.035]
[3082.78, 1, 0.0, 1, 0.039]
[3082.78, 1, 0.0, 1, 0.035]
[3082.78, 1, 0.0, 1, 0.035]
[3082.78, 1, 0.0, 1, 0.036]
[3082.78, 1, 0.0, 1, 0.039]
[3082.78, 1, 0.0, 1, 0.035]
[3082.78, 1, 0.0, 1, 0.036]
[3082.78, 1, 0.0, 1, 0.034]
[3082.78, 1, 0.0, 1, 0.035]
[3082.78, 1, 0.0, 1, 0.036]
[3082.78, 1, 0.0, 1, 0.035]
[3082.78, 1, 0.0, 1, 0.035]
[3082.78, 1, 0.0, 1, 0.035]
[3082.78, 1, 0.0, 1, 0.035]
[3082.78, 1, 0.0, 1, 0.035]
[3082.78, 1, 0.0, 1, 0.035]
[3082.78, 1, 0.0, 1, 0.034]
[3082.78, 1, 0.0, 1, 0.038]
[3082.78, 1, 0.0, 1, 0.035]
[3082.78, 1, 0.0, 1, 0.041]
[3082.78, 1, 0.0, 1, 0.034]
[3082.78, 1, 0.0, 1, 0.036]
[3082.78, 1, 0.0, 1, 0.035]
[3082.78, 1, 0.0, 1, 0.035]
[3082.78, 1, 0.0, 1, 0.035]
[3082.78, 1, 0.0, 1, 0.036]
[3082.78, 1, 0.0, 1, 0.039]
[3082.78, 1, 0.0, 1, 0.034]
[3082.78, 1, 0.0, 1, 0.038]
[3082.78, 1, 0.0, 1, 0.035]
[3082.78, 1, 0.0, 1, 0.034]
[3082.78, 1, 0.0, 1, 0.035]
[3082.78, 1, 0.0, 1, 0.035]
[3082.78, 1, 0.0, 1, 0.034]
[3082.78, 1, 0.0, 1, 0.035]
[3082.78, 1, 0.0, 1, 0.035]
[3082.78, 1, 0.0, 1, 0.038]
[3082.78, 1, 0.0, 1, 0.035]
[3082.78, 1, 0.0, 1, 0.034]
[3082.78, 1, 0.0, 1, 0.035]
[3082.78, 1, 0.0, 1, 0.035]
[3082.78, 1, 0.0, 1, 0.034]
[3082.78, 1, 0.0, 1, 0.035]
[3082.78, 1, 0.0, 1, 0.036]
[3082.78, 1, 0.0, 1, 0.045]
[3082.78, 1, 0.0, 1, 0.042]
[3082.78, 1, 0.0, 1, 0.038]
[3082.78, 1, 0.0, 1, 0.035]
[3082.78, 1, 0.0, 1, 0.036]
[3082.78, 1, 0.0, 1, 0.035]
[3082.78, 1, 0.0, 1, 0.036]
[3082.78, 1, 0.0, 1, 0.034]
[3082.78, 1, 0.0, 1, 0.037]
[3082.78, 1, 0.0, 1, 0.034]
[3082.78, 1, 0.0, 1, 0.035]
[3082.78, 1, 0.0, 1, 0.038]
[3082.78, 1, 0.0, 1, 0.035]
[3082.78, 1, 0.0, 1, 0.039]
[3082.78, 1, 0.0, 1, 0.035]
[3082.78, 1, 0.0, 1, 0.035]
[3082.78, 1, 0.0, 1, 0.035]
[3082.78, 1, 0.0, 1, 0.034]
[3082.78, 1, 0.0, 1, 0.035]
[3082.78, 1, 0.0, 1, 0.034]
[3082.78, 1, 0.0, 1, 0.034]
[3082.78, 1, 0.0, 1, 0.037]
[3082.78, 1, 0.0, 1, 0.036]
[3082.78, 1, 0.0, 1, 0.034]
[3082.78, 1, 0.0, 1, 0.035]
[3082.78, 1, 0.0, 1, 0.035]
[3082.78, 1, 0.0, 1, 0.038]
[3082.78, 1, 0.0, 1, 0.041]
[3082.78, 1, 0.0, 1, 0.034]
[3082.78, 1, 0.0, 1, 0.042]
[3082.78, 1, 0.0, 1, 0.036]
[3082.78, 1, 0.0, 1, 0.034]
[3082.78, 1, 0.0, 1, 0.035]
[3082.78, 1, 0.0, 1, 0.035]
[3082.78, 1, 0.0, 1, 0.036]
[3082.78, 1, 0.0, 1, 0.036]
[3082.78, 1, 0.0, 1, 0.034]
[3082.78, 1, 0.0, 1, 0.035]
[3082.78, 1, 0.0, 1, 0.035]
[3082.78, 1, 0.0, 1, 0.034]
[3082.78, 1, 0.0, 1, 0.035]
[3082.78, 1, 0.0, 1, 0.035]
[3082.78, 1, 0.0, 1, 0.035]
[3082.78, 1, 0.0, 1, 0.033]
[3082.78, 1, 0.0, 1, 0.035]
[3082.78, 1, 0.0, 1, 0.037]
[3082.78, 1, 0.0, 1, 0.038]
[3082.78, 1, 0.0, 1, 0.035]
[3082.78, 1, 0.0, 1, 0.035]
[3082.78, 1, 0.0, 1, 0.034]
[3082.78, 1, 0.0, 1, 0.035]
[3082.78, 1, 0.0, 1, 0.035]
[3082.78, 1, 0.0, 1, 0.035]
[3082.78, 1, 0.0, 1, 0.038]
[3082.78, 1, 0.0, 1, 0.035]
[3082.78, 1, 0.0, 1, 0.035]
[3082.78, 1, 0.0, 1, 0.038]
[3082.78, 1, 0.0, 1, 0.037]
[3082.78, 1, 0.0, 1, 0.035]
[3082.78, 1, 0.0, 1, 0.035]
[3082.78, 1, 0.0, 1, 0.036]
[3082.78, 1, 0.0, 1, 0.036]
[3082.78, 1, 0.0, 1, 0.035]
[3082.78, 1, 0.0, 1, 0.035]
[3082.78, 1, 0.0, 1, 0.035]
[3082.78, 1, 0.0, 1, 0.038]
[3082.78, 1, 0.0, 1, 0.035]
[3082.78, 1, 0.0, 1, 0.034]
[3082.78, 1, 0.0, 1, 0.041]
[3082.78, 1, 0.0, 1, 0.036]
[3082.78, 1, 0.0, 1, 0.037]
[3082.78, 1, 0.0, 1, 0.034]
[3082.78, 1, 0.0, 1, 0.036]
[3082.78, 1, 0.0, 1, 0.035]
[3082.78, 1, 0.0, 1, 0.035]
[3082.78, 1, 0.0, 1, 0.034]
[3082.78, 1, 0.0, 1, 0.034]
[3082.78, 1, 0.0, 1, 0.034]
[3082.78, 1, 0.0, 1, 0.034]
[3082.78, 1, 0.0, 1, 0.035]
[3082.78, 1, 0.0, 1, 0.04]
[3082.78, 1, 0.0, 1, 0.035]
[3082.78, 1, 0.0, 1, 0.035]
[3082.78, 1, 0.0, 1, 0.036]
[3082.78, 1, 0.0, 1, 0.039]
[3082.78, 1, 0.0, 1, 0.036]
[3082.78, 1, 0.0, 1, 0.038]
[3082.78, 1, 0.0, 1, 0.034]
[3082.78, 1, 0.0, 1, 0.035]
[3082.78, 1, 0.0, 1, 0.035]
[3082.78, 1, 0.0, 1, 0.036]
[3082.78, 1, 0.0, 1, 0.035]
[3082.78, 1, 0.0, 1, 0.035]
[3082.78, 1, 0.0, 1, 0.035]
[3082.78, 1, 0.0, 1, 0.04]
[3082.78, 1, 0.0, 1, 0.034]
[3082.78, 1, 0.0, 1, 0.035]
[3082.78, 1, 0.0, 1, 0.034]
[3082.78, 1, 0.0, 1, 0.035]
[3082.78, 1, 0.0, 1, 0.037]
[3082.78, 1, 0.0, 1, 0.035]
[3082.78, 1, 0.0, 1, 0.035]
[3082.78, 1, 0.0, 1, 0.035]
[3082.78, 1, 0.0, 1, 0.034]
[3082.78, 1, 0.0, 1, 0.035]
[3082.78, 1, 0.0, 1, 0.035]
[3082.78, 1, 0.0, 1, 0.042]
[3082.78, 1, 0.0, 1, 0.039]
[3082.78, 1, 0.0, 1, 0.037]
[3082.78, 1, 0.0, 1, 0.035]
[3082.78, 1, 0.0, 1, 0.035]
[3082.78, 1, 0.0, 1, 0.034]
[3082.78, 1, 0.0, 1, 0.039]
[3082.78, 1, 0.0, 1, 0.034]
[3082.78, 1, 0.0, 1, 0.035]
[3082.78, 1, 0.0, 1, 0.039]
[3082.78, 1, 0.0, 1, 0.035]
[3082.78, 1, 0.0, 1, 0.035]
[3082.78, 1, 0.0, 1, 0.034]
[3082.78, 1, 0.0, 1, 0.037]
[3082.78, 1, 0.0, 1, 0.038]
[3082.78, 1, 0.0, 1, 0.034]
[3082.78, 1, 0.0, 1, 0.035]
[3082.78, 1, 0.0, 1, 0.035]
[3082.78, 1, 0.0, 1, 0.035]
[3082.78, 1, 0.0, 1, 0.036]
[3082.78, 1, 0.0, 1, 0.034]
[3082.78, 1, 0.0, 1, 0.034]
[3082.78, 1, 0.0, 1, 0.038]
[3082.78, 1, 0.0, 1, 0.041]
[3082.78, 1, 0.0, 1, 0.037]
[3082.78, 1, 0.0, 1, 0.034]
[3082.78, 1, 0.0, 1, 0.038]
[3082.78, 1, 0.0, 1, 0.037]
[3082.78, 1, 0.0, 1, 0.034]
[3082.78, 1, 0.0, 1, 0.035]
[3082.78, 1, 0.0, 1, 0.038]
[3082.78, 1, 0.0, 1, 0.034]
[3082.78, 1, 0.0, 1, 0.036]
[3082.78, 1, 0.0, 1, 0.034]
[3082.78, 1, 0.0, 1, 0.034]
[3082.78, 1, 0.0, 1, 0.035]
[3082.78, 1, 0.0, 1, 0.034]
[3082.78, 1, 0.0, 1, 0.034]
[3082.78, 1, 0.0, 1, 0.038]
[3082.78, 1, 0.0, 1, 0.035]
[3082.78, 1, 0.0, 1, 0.035]
[3082.78, 1, 0.0, 1, 0.034]
[3082.78, 1, 0.0, 1, 0.034]
[3082.78, 1, 0.0, 1, 0.034]
[3082.78, 1, 0.0, 1, 0.035]
[3082.78, 1, 0.0, 1, 0.034]
[3082.78, 1, 0.0, 1, 0.035]
[3082.78, 1, 0.0, 1, 0.034]
[3082.78, 1, 0.0, 1, 0.038]
[3082.78, 1, 0.0, 1, 0.036]
[3082.78, 1, 0.0, 1, 0.036]
[3082.78, 1, 0.0, 1, 0.034]
[3082.78, 1, 0.0, 1, 0.035]
[3082.78, 1, 0.0, 1, 0.045]
[3082.78, 1, 0.0, 1, 0.034]
[3082.78, 1, 0.0, 1, 0.034]
[3082.78, 1, 0.0, 1, 0.035]
[3082.78, 1, 0.0, 1, 0.034]
[3082.78, 1, 0.0, 1, 0.036]
[3082.78, 1, 0.0, 1, 0.038]
[3082.78, 1, 0.0, 1, 0.035]
[3082.78, 1, 0.0, 1, 0.038]
[3082.78, 1, 0.0, 1, 0.035]
[3082.78, 1, 0.0, 1, 0.036]
[3082.78, 1, 0.0, 1, 0.035]
[3082.78, 1, 0.0, 1, 0.034]
[3082.78, 1, 0.0, 1, 0.035]
[3082.78, 1, 0.0, 1, 0.038]
[3082.78, 1, 0.0, 1, 0.04]
[3082.78, 1, 0.0, 1, 0.035]
[3082.78, 1, 0.0, 1, 0.035]
[3082.78, 1, 0.0, 1, 0.035]
[3082.78, 1, 0.0, 1, 0.035]
[3082.78, 1, 0.0, 1, 0.035]
[3082.78, 1, 0.0, 1, 0.038]
[3082.78, 1, 0.0, 1, 0.035]
[3082.78, 1, 0.0, 1, 0.035]
[3082.78, 1, 0.0, 1, 0.034]
[3082.78, 1, 0.0, 1, 0.037]
[3082.78, 1, 0.0, 1, 0.043]
[3082.78, 1, 0.0, 1, 0.035]
[3082.78, 1, 0.0, 1, 0.035]
[3082.78, 1, 0.0, 1, 0.035]
[3082.78, 1, 0.0, 1, 0.036]
[3082.78, 1, 0.0, 1, 0.036]
[3082.78, 1, 0.0, 1, 0.037]
[3082.78, 1, 0.0, 1, 0.035]
[3082.78, 1, 0.0, 1, 0.036]
[3082.78, 1, 0.0, 1, 0.036]
[3082.78, 1, 0.0, 1, 0.038]
[3082.78, 1, 0.0, 1, 0.036]
[3082.78, 1, 0.0, 1, 0.034]
[3082.78, 1, 0.0, 1, 0.035]
[3082.78, 1, 0.0, 1, 0.035]
[3082.78, 1, 0.0, 1, 0.035]
[3082.78, 1, 0.0, 1, 0.036]
[3082.78, 1, 0.0, 1, 0.035]
[3082.78, 1, 0.0, 1, 0.041]
[3082.78, 1, 0.0, 1, 0.035]
[3082.78, 1, 0.0, 1, 0.035]
[3082.78, 1, 0.0, 1, 0.034]
[3082.78, 1, 0.0, 1, 0.034]
[3082.78, 1, 0.0, 1, 0.034]
[3082.78, 1, 0.0, 1, 0.034]
[3082.78, 1, 0.0, 1, 0.035]
[3082.78, 1, 0.0, 1, 0.045]
[3082.78, 1, 0.0, 1, 0.034]
[3082.78, 1, 0.0, 1, 0.034]
[3082.78, 1, 0.0, 1, 0.036]
[3082.78, 1, 0.0, 1, 0.035]
[3082.78, 1, 0.0, 1, 0.035]
[3082.78, 1, 0.0, 1, 0.034]
[3082.78, 1, 0.0, 1, 0.034]
[3082.78, 1, 0.0, 1, 0.043]
[3082.78, 1, 0.0, 1, 0.036]
[3082.78, 1, 0.0, 1, 0.036]
[3082.78, 1, 0.0, 1, 0.035]
[3082.78, 1, 0.0, 1, 0.034]
[3082.78, 1, 0.0, 1, 0.035]
[3082.78, 1, 0.0, 1, 0.034]
[3082.78, 1, 0.0, 1, 0.035]
[3082.78, 1, 0.0, 1, 0.037]
[3082.78, 1, 0.0, 1, 0.034]
[3082.78, 1, 0.0, 1, 0.035]
[3082.78, 1, 0.0, 1, 0.035]
[3082.78, 1, 0.0, 1, 0.035]
[3082.78, 1, 0.0, 1, 0.04]
[3082.78, 1, 0.0, 1, 0.035]
[3082.78, 1, 0.0, 1, 0.037]
[3082.78, 1, 0.0, 1, 0.04]
[3082.78, 1, 0.0, 1, 0.037]
[3082.78, 1, 0.0, 1, 0.039]
[3082.78, 1, 0.0, 1, 0.036]
[3082.78, 1, 0.0, 1, 0.034]
[3082.78, 1, 0.0, 1, 0.036]
[3082.78, 1, 0.0, 1, 0.035]
[3082.78, 1, 0.0, 1, 0.035]
[3082.78, 1, 0.0, 1, 0.037]
[3082.78, 1, 0.0, 1, 0.038]
[3082.78, 1, 0.0, 1, 0.035]
[3082.78, 1, 0.0, 1, 0.035]
[3082.78, 1, 0.0, 1, 0.034]
[3082.78, 1, 0.0, 1, 0.036]
[3082.78, 1, 0.0, 1, 0.035]
[3082.78, 1, 0.0, 1, 0.035]
[3082.78, 1, 0.0, 1, 0.035]
[3082.78, 1, 0.0, 1, 0.035]
[3082.78, 1, 0.0, 1, 0.034]
[3082.78, 1, 0.0, 1, 0.035]
[3082.78, 1, 0.0, 1, 0.038]
[3082.78, 1, 0.0, 1, 0.037]
[3082.78, 1, 0.0, 1, 0.034]
[3082.78, 1, 0.0, 1, 0.04]
[3082.78, 1, 0.0, 1, 0.035]
[3082.78, 1, 0.0, 1, 0.034]
[3082.78, 1, 0.0, 1, 0.035]
[3082.78, 1, 0.0, 1, 0.035]
[3082.78, 1, 0.0, 1, 0.041]
[3082.78, 1, 0.0, 1, 0.034]
[3082.78, 1, 0.0, 1, 0.034]
[3082.78, 1, 0.0, 1, 0.035]
[3082.78, 1, 0.0, 1, 0.036]
[3082.78, 1, 0.0, 1, 0.037]
[3082.78, 1, 0.0, 1, 0.035]
[3082.78, 1, 0.0, 1, 0.035]
[3082.78, 1, 0.0, 1, 0.034]
[3082.78, 1, 0.0, 1, 0.035]
[3082.78, 1, 0.0, 1, 0.038]
[3082.78, 1, 0.0, 1, 0.035]
[3082.78, 1, 0.0, 1, 0.036]
[3082.78, 1, 0.0, 1, 0.037]
[3082.78, 1, 0.0, 1, 0.034]
[3082.78, 1, 0.0, 1, 0.035]
[3082.78, 1, 0.0, 1, 0.034]
[3082.78, 1, 0.0, 1, 0.034]
[3082.78, 1, 0.0, 1, 0.035]
[3082.78, 1, 0.0, 1, 0.034]
[3082.78, 1, 0.0, 1, 0.035]
[3082.78, 1, 0.0, 1, 0.035]
[3082.78, 1, 0.0, 1, 0.035]
[3082.78, 1, 0.0, 1, 0.038]
[3082.78, 1, 0.0, 1, 0.035]
[3082.78, 1, 0.0, 1, 0.036]
[3082.78, 1, 0.0, 1, 0.037]
[3082.78, 1, 0.0, 1, 0.042]
[3082.78, 1, 0.0, 1, 0.035]
[3082.78, 1, 0.0, 1, 0.249]
[3082.78, 1, 0.0, 1, 0.035]
[3082.78, 1, 0.0, 1, 0.035]
[3082.78, 1, 0.0, 1, 0.035]
[3082.78, 1, 0.0, 1, 0.034]
[3082.78, 1, 0.0, 1, 0.035]
[3082.78, 1, 0.0, 1, 0.035]
[3082.78, 1, 0.0, 1, 0.037]
[3082.78, 1, 0.0, 1, 0.034]
[3082.78, 1, 0.0, 1, 0.035]
[3082.78, 1, 0.0, 1, 0.034]
[3082.78, 1, 0.0, 1, 0.035]
[3082.78, 1, 0.0, 1, 0.039]
[3082.78, 1, 0.0, 1, 0.035]
[3082.78, 1, 0.0, 1, 0.034]
[3082.78, 1, 0.0, 1, 0.037]
[3082.78, 1, 0.0, 1, 0.035]
[3082.78, 1, 0.0, 1, 0.038]
[3082.78, 1, 0.0, 1, 0.036]
[3082.78, 1, 0.0, 1, 0.042]
[3082.78, 1, 0.0, 1, 0.036]
[3082.78, 1, 0.0, 1, 0.035]
[3082.78, 1, 0.0, 1, 0.036]
[3082.78, 1, 0.0, 1, 0.038]
[3082.78, 1, 0.0, 1, 0.038]
[3082.78, 1, 0.0, 1, 0.034]
[3082.78, 1, 0.0, 1, 0.036]
[3082.78, 1, 0.0, 1, 0.034]
[3082.78, 1, 0.0, 1, 0.035]
[3082.78, 1, 0.0, 1, 0.035]
[3082.78, 1, 0.0, 1, 0.035]
[3082.78, 1, 0.0, 1, 0.042]
[3082.78, 1, 0.0, 1, 0.038]
[3082.78, 1, 0.0, 1, 0.034]
[3082.78, 1, 0.0, 1, 0.034]
[3082.78, 1, 0.0, 1, 0.034]
[3082.78, 1, 0.0, 1, 0.034]
[3082.78, 1, 0.0, 1, 0.035]
[3082.78, 1, 0.0, 1, 0.035]
[3082.78, 1, 0.0, 1, 0.037]
[3082.78, 1, 0.0, 1, 0.035]
[3082.78, 1, 0.0, 1, 0.035]
[3082.78, 1, 0.0, 1, 0.035]
[3082.78, 1, 0.0, 1, 0.039]
[3082.78, 1, 0.0, 1, 0.035]
[3082.78, 1, 0.0, 1, 0.042]
[3082.78, 1, 0.0, 1, 0.034]
[3082.78, 1, 0.0, 1, 0.039]
[3082.78, 1, 0.0, 1, 0.036]
[3082.78, 1, 0.0, 1, 0.035]
[3082.78, 1, 0.0, 1, 0.034]
[3082.78, 1, 0.0, 1, 0.034]
[3082.78, 1, 0.0, 1, 0.037]
[3082.78, 1, 0.0, 1, 0.035]
[3082.78, 1, 0.0, 1, 0.035]
[3082.78, 1, 0.0, 1, 0.035]
[3082.78, 1, 0.0, 1, 0.038]
[3082.78, 1, 0.0, 1, 0.035]
[3082.78, 1, 0.0, 1, 0.034]
[3082.78, 1, 0.0, 1, 0.034]
[3082.78, 1, 0.0, 1, 0.038]
[3082.78, 1, 0.0, 1, 0.034]
[3082.78, 1, 0.0, 1, 0.035]
[3082.78, 1, 0.0, 1, 0.035]
[3082.78, 1, 0.0, 1, 0.035]
[3082.78, 1, 0.0, 1, 0.038]
[3082.78, 1, 0.0, 1, 0.038]
[3082.78, 1, 0.0, 1, 0.038]
[3082.78, 1, 0.0, 1, 0.035]
[3082.78, 1, 0.0, 1, 0.035]
[3082.78, 1, 0.0, 1, 0.036]
[3082.78, 1, 0.0, 1, 0.041]
[3082.78, 1, 0.0, 1, 0.035]
[3082.78, 1, 0.0, 1, 0.037]
[3082.78, 1, 0.0, 1, 0.034]
[3082.78, 1, 0.0, 1, 0.035]
[3082.78, 1, 0.0, 1, 0.034]
[3082.78, 1, 0.0, 1, 0.034]
[3082.78, 1, 0.0, 1, 0.038]
[3082.78, 1, 0.0, 1, 0.034]
[3082.78, 1, 0.0, 1, 0.034]
[3082.78, 1, 0.0, 1, 0.036]
[3082.78, 1, 0.0, 1, 0.035]
[3082.78, 1, 0.0, 1, 0.035]
[3082.78, 1, 0.0, 1, 0.034]
[3082.78, 1, 0.0, 1, 0.038]
[3082.78, 1, 0.0, 1, 0.038]
[3082.78, 1, 0.0, 1, 0.035]
[3082.78, 1, 0.0, 1, 0.034]
[3082.78, 1, 0.0, 1, 0.035]
[3082.78, 1, 0.0, 1, 0.036]
[3082.78, 1, 0.0, 1, 0.039]
[3082.78, 1, 0.0, 1, 0.034]
[3082.78, 1, 0.0, 1, 0.035]
[3082.78, 1, 0.0, 1, 0.039]
[3082.78, 1, 0.0, 1, 0.041]
[3082.78, 1, 0.0, 1, 0.037]