[192836.5249, 4, 9393.27628, 8, 1725.99]
[188979.08842, 6, 10671.61994, 9, 1864.282]
[192836.5249, 1, 0.0, 1, 261.83]
[188783.5084, 5, 7548.9139, 10, 2047.408]
[188979.08842, 1, 0.0, 1, 267.762]
[192836.5249, 1, 0.0, 1, 234.811]
[187828.8527, 4, 9766.7874, 11, 2280.385]
[189771.01065, 5, 9183.39712, 11, 2303.005]
[188979.08842, 1, 0.0, 1, 258.881]
[192836.5249, 1, 0.0, 1, 292.971]
[188783.5084, 1, 0.0, 1, 256.36]
[187828.8527, 1, 0.0, 1, 256.961]
[189771.01065, 1, 0.0, 1, 264.134]
[188979.08842, 1, 0.0, 1, 266.836]
[188783.5084, 1, 0.0, 1, 239.437]
[187828.8527, 1, 0.0, 1, 267.631]
[189771.01065, 1, 0.0, 1, 302.351]
[188979.08842, 1, 0.0, 1, 257.754]
[188783.5084, 1, 0.0, 1, 244.513]
[187828.8527, 1, 0.0, 1, 268.29]
[192836.5249, 1, 0.0, 1, 279.389]
[189771.01065, 1, 0.0, 1, 291.874]
[188979.08842, 1, 0.0, 1, 279.198]
[191587.017, 6, 7202.09798, 16, 3281.63]
[188783.5084, 1, 0.0, 1, 287.891]
[192836.5249, 1, 0.0, 1, 253.032]
[187828.8527, 1, 0.0, 1, 269.305]
[189806.38012, 12, 9753.2957, 17, 3401.813]
[189771.01065, 1, 0.0, 1, 274.24]
[191587.017, 1, 0.0, 1, 248.332]
[192836.5249, 1, 0.0, 1, 239.658]
[187828.8527, 1, 0.0, 1, 271.188]
[189806.38012, 1, 0.0, 1, 271.275]
[188979.08842, 1, 0.0, 1, 269.017]
[189771.01065, 1, 0.0, 1, 288.763]
[191587.017, 1, 0.0, 1, 261.134]
[188783.5084, 1, 0.0, 1, 261.197]
[192836.5249, 1, 0.0, 1, 281.73]
[187828.8527, 1, 0.0, 1, 265.351]
[189806.38012, 1, 0.0, 1, 274.154]
[189771.01065, 1, 0.0, 1, 267.848]
[189038.13802, 14, 10763.7236, 20, 4074.247]
[188783.5084, 1, 0.0, 1, 283.833]
[194043.35303, 15, 10841.4643, 21, 4140.2]
[192836.5249, 1, 0.0, 1, 290.734]
[187828.8527, 1, 0.0, 1, 287.414]
[189806.38012, 1, 0.0, 1, 252.412]
[188979.08842, 1, 0.0, 1, 271.842]
[189771.01065, 1, 0.0, 1, 266.12]
[191587.017, 1, 0.0, 1, 267.155]
[188783.5084, 1, 0.0, 1, 257.141]
[192836.5249, 1, 0.0, 1, 278.424]
[189806.38012, 1, 0.0, 1, 263.123]
[188979.08842, 1, 0.0, 1, 282.644]
[189771.01065, 1, 0.0, 1, 270.116]
[191587.017, 1, 0.0, 1, 278.546]
[192534.9996, 1, 0.0, 1, 270.793]
[192836.5249, 1, 0.0, 1, 280.496]
[187828.8527, 1, 0.0, 1, 289.222]
[188979.08842, 1, 0.0, 1, 273.77]
[189771.01065, 1, 0.0, 1, 258.209]
[191587.017, 1, 0.0, 1, 240.325]
[189038.13802, 1, 0.0, 1, 277.006]
[194043.35303, 1, 0.0, 1, 293.841]
[189806.38012, 1, 0.0, 1, 284.032]
[187828.8527, 1, 0.0, 1, 279.61]
[188979.08842, 1, 0.0, 1, 265.605]
[189771.01065, 1, 0.0, 1, 291.516]
[192534.9996, 1, 0.0, 1, 241.013]
[188783.5084, 1, 0.0, 1, 266.492]
[194043.35303, 1, 0.0, 1, 265.241]
[189806.38012, 1, 0.0, 1, 272.146]
[187828.8527, 1, 0.0, 1, 248.376]
[188979.08842, 1, 0.0, 1, 272.037]
[189771.01065, 1, 0.0, 1, 287.377]
[189038.13802, 1, 0.0, 1, 265.234]
[194043.35303, 1, 0.0, 1, 262.715]
[189806.38012, 1, 0.0, 1, 252.154]
[187828.8527, 1, 0.0, 1, 260.392]
[192836.5249, 1, 0.0, 1, 282.67]
[188979.08842, 1, 0.0, 1, 279.046]
[188735.31002, 1, 0.0, 1, 274.653]
[188783.5084, 1, 0.0, 1, 255.113]
[191587.017, 1, 0.0, 1, 260.934]
[189806.38012, 1, 0.0, 1, 252.19]
[187828.8527, 1, 0.0, 1, 258.787]
[188979.08842, 1, 0.0, 1, 235.384]
[188783.5084, 1, 0.0, 1, 256.063]
[189038.13802, 1, 0.0, 1, 282.696]
[189806.38012, 1, 0.0, 1, 278.796]
[188979.08842, 1, 0.0, 1, 256.959]
[192836.5249, 1, 0.0, 1, 291.444]
[192534.9996, 1, 0.0, 1, 253.559]
[188735.31002, 1, 0.0, 1, 266.482]
[191587.017, 1, 0.0, 1, 271.549]
[189771.01065, 1, 0.0, 1, 309.271]
[189806.38012, 1, 0.0, 1, 248.4]
[187828.8527, 1, 0.0, 1, 273.077]
[188979.08842, 1, 0.0, 1, 282.969]
[192836.5249, 1, 0.0, 1, 282.346]
[188783.5084, 1, 0.0, 1, 245.864]
[188735.31002, 1, 0.0, 1, 243.183]
[189038.13802, 1, 0.0, 1, 252.869]
[194043.35303, 1, 0.0, 1, 259.869]
[189806.38012, 1, 0.0, 1, 272.452]
[187828.8527, 1, 0.0, 1, 269.221]
[188979.08842, 1, 0.0, 1, 276.764]
[188735.31002, 1, 0.0, 1, 255.683]
[191587.017, 1, 0.0, 1, 261.971]
[194043.35303, 1, 0.0, 1, 267.065]
[189806.38012, 1, 0.0, 1, 253.683]
[187828.8527, 1, 0.0, 1, 257.324]
[188979.08842, 1, 0.0, 1, 251.277]
[188783.5084, 1, 0.0, 1, 244.465]
[192836.5249, 1, 0.0, 1, 264.962]
[188735.31002, 1, 0.0, 1, 270.946]
[194043.35303, 1, 0.0, 1, 256.616]
[189771.01065, 1, 0.0, 1, 281.124]
[189806.38012, 1, 0.0, 1, 308.744]
[188979.08842, 1, 0.0, 1, 251.355]
[188783.5084, 1, 0.0, 1, 258.692]
[192836.5249, 1, 0.0, 1, 274.173]
[188735.31002, 1, 0.0, 1, 292.521]
[194043.35303, 1, 0.0, 1, 267.653]
[191587.017, 1, 0.0, 1, 279.943]
[189771.01065, 1, 0.0, 1, 283.232]
[189806.38012, 1, 0.0, 1, 238.681]
[187828.8527, 1, 0.0, 1, 271.364]
[188979.08842, 1, 0.0, 1, 279.234]
[192836.5249, 1, 0.0, 1, 253.235]
[188735.31002, 1, 0.0, 1, 234.047]
[194043.35303, 1, 0.0, 1, 285.157]
[189038.13802, 1, 0.0, 1, 264.513]
[189771.01065, 1, 0.0, 1, 294.981]
[189806.38012, 1, 0.0, 1, 273.174]
[187828.8527, 1, 0.0, 1, 268.372]
[192836.5249, 1, 0.0, 1, 289.152]
[189038.13802, 1, 0.0, 1, 248.522]
[194043.35303, 1, 0.0, 1, 309.421]
[189806.38012, 1, 0.0, 1, 257.727]
[187828.8527, 1, 0.0, 1, 259.712]
[192836.5249, 1, 0.0, 1, 266.344]
[189038.13802, 1, 0.0, 1, 283.371]
[189771.01065, 1, 0.0, 1, 259.334]
[189806.38012, 1, 0.0, 1, 272.198]
[187828.8527, 1, 0.0, 1, 286.658]
[192836.5249, 1, 0.0, 1, 268.511]
[189038.13802, 1, 0.0, 1, 261.638]
[189771.01065, 1, 0.0, 1, 279.389]
[191587.017, 1, 0.0, 1, 273.847]
[192836.5249, 1, 0.0, 1, 268.114]
[189038.13802, 1, 0.0, 1, 258.456]
[194043.35303, 1, 0.0, 1, 264.306]
[189806.38012, 1, 0.0, 1, 246.816]
[191587.017, 1, 0.0, 1, 267.988]
[192836.5249, 1, 0.0, 1, 260.514]
[187828.8527, 1, 0.0, 1, 272.068]
[189038.13802, 1, 0.0, 1, 271.36]
[189806.38012, 1, 0.0, 1, 251.48]
[191587.017, 1, 0.0, 1, 273.724]
[192836.5249, 1, 0.0, 1, 230.443]
[187828.8527, 1, 0.0, 1, 278.773]
[189038.13802, 1, 0.0, 1, 252.752]
[189806.38012, 1, 0.0, 1, 237.942]
[194043.35303, 1, 0.0, 1, 269.935]
[189771.01065, 1, 0.0, 1, 280.618]
[192836.5249, 1, 0.0, 1, 260.583]
[189806.38012, 1, 0.0, 1, 259.863]