[187619.15825, 9, 22761.47374, 29, 2613.353]
[187619.15825, 1, 0.0, 1, 83.096]
[187619.15825, 1, 0.0, 1, 83.036]
[190738.322, 13, 19078.34589, 31, 2774.123]
[186687.7971, 31, 22268.361, 31, 2787.012]
[187794.27022, 14, 15679.34669, 31, 2829.651]
[187619.15825, 1, 0.0, 1, 83.178]
[187409.5485, 23, 23796.4234, 31, 2870.517]
[186687.7971, 1, 0.0, 1, 82.929]
[187794.27022, 1, 0.0, 1, 84.783]
[187619.15825, 1, 0.0, 1, 82.923]
[187409.5485, 1, 0.0, 1, 84.562]
[186687.7971, 1, 0.0, 1, 82.508]
[187794.27022, 1, 0.0, 1, 84.148]
[187619.15825, 1, 0.0, 1, 82.616]
[187409.5485, 1, 0.0, 1, 84.888]
[186687.7971, 1, 0.0, 1, 82.853]
[187794.27022, 1, 0.0, 1, 83.826]
[188476.7038, 1, 0.0, 1, 82.089]
[187409.5485, 1, 0.0, 1, 85.41]
[186687.7971, 1, 0.0, 1, 82.514]
[188476.7038, 1, 0.0, 1, 82.231]
[187409.5485, 1, 0.0, 1, 84.842]
[186687.7971, 1, 0.0, 1, 82.828]
[187794.27022, 1, 0.0, 1, 84.782]
[188476.7038, 1, 0.0, 1, 82.112]
[187409.5485, 1, 0.0, 1, 84.926]
[186687.7971, 1, 0.0, 1, 82.915]
[187794.27022, 1, 0.0, 1, 84.484]
[188476.7038, 1, 0.0, 1, 82.077]
[187409.5485, 1, 0.0, 1, 85.377]
[186687.7971, 1, 0.0, 1, 83.271]
[187794.27022, 1, 0.0, 1, 84.05]
[188476.7038, 1, 0.0, 1, 82.024]
[187409.5485, 1, 0.0, 1, 85.538]
[186687.7971, 1, 0.0, 1, 82.715]
[187794.27022, 1, 0.0, 1, 84.383]
[190738.322, 1, 0.0, 1, 82.042]
[186687.7971, 1, 0.0, 1, 82.737]
[187794.27022, 1, 0.0, 1, 84.333]
[190738.322, 1, 0.0, 1, 82.456]
[186687.7971, 1, 0.0, 1, 83.069]
[187794.27022, 1, 0.0, 1, 84.424]
[190738.322, 1, 0.0, 1, 82.277]
[186687.7971, 1, 0.0, 1, 83.213]
[187794.27022, 1, 0.0, 1, 84.146]
[190738.322, 1, 0.0, 1, 82.479]
[186687.7971, 1, 0.0, 1, 82.833]
[187794.27022, 1, 0.0, 1, 84.246]
[190738.322, 1, 0.0, 1, 81.97]
[187409.5485, 1, 0.0, 1, 84.994]
[187794.27022, 1, 0.0, 1, 84.107]
[190738.322, 1, 0.0, 1, 82.095]
[187409.5485, 1, 0.0, 1, 85.386]
[187794.27022, 1, 0.0, 1, 83.884]
[190738.322, 1, 0.0, 1, 82.39]
[186687.7971, 1, 0.0, 1, 83.168]
[189420.63872, 1, 0.0, 1, 112.974]
[188476.7038, 1, 0.0, 1, 82.165]
[190738.322, 1, 0.0, 1, 82.765]
[187409.5485, 1, 0.0, 1, 85.44]
[187794.27022, 1, 0.0, 1, 84.068]
[190738.322, 1, 0.0, 1, 82.368]
[186687.7971, 1, 0.0, 1, 83.267]
[187409.5485, 1, 0.0, 1, 85.231]
[188476.7038, 1, 0.0, 1, 81.935]
[190738.322, 1, 0.0, 1, 81.946]
[186687.7971, 1, 0.0, 1, 82.894]
[187409.5485, 1, 0.0, 1, 85.304]
[188476.7038, 1, 0.0, 1, 81.926]
[190738.322, 1, 0.0, 1, 81.993]
[186687.7971, 1, 0.0, 1, 82.868]
[187409.5485, 1, 0.0, 1, 84.584]
[187619.15825, 1, 0.0, 1, 83.276]
[190738.322, 1, 0.0, 1, 82.424]
[187409.5485, 1, 0.0, 1, 85.054]
[188476.7038, 1, 0.0, 1, 82.039]
[189420.63872, 1, 0.0, 1, 114.806]
[187409.5485, 1, 0.0, 1, 85.965]
[190738.322, 1, 0.0, 1, 82.243]
[186687.7971, 1, 0.0, 1, 82.981]
[187409.5485, 1, 0.0, 1, 85.228]
[190738.322, 1, 0.0, 1, 81.903]
[186687.7971, 1, 0.0, 1, 82.763]
[188476.7038, 1, 0.0, 1, 81.734]
[187794.27022, 1, 0.0, 1, 84.386]
[186687.7971, 1, 0.0, 1, 82.552]
[187619.15825, 1, 0.0, 1, 82.553]
[189420.63872, 1, 0.0, 1, 115.783]
[186687.7971, 1, 0.0, 1, 83.043]
[188476.7038, 1, 0.0, 1, 81.835]
[187794.27022, 1, 0.0, 1, 84.409]
[186687.7971, 1, 0.0, 1, 82.953]
[188476.7038, 1, 0.0, 1, 81.882]
[187794.27022, 1, 0.0, 1, 83.906]
[186687.7971, 1, 0.0, 1, 83.024]
[187409.5485, 1, 0.0, 1, 85.14]
[187794.27022, 1, 0.0, 1, 84.354]
[186687.7971, 1, 0.0, 1, 82.497]
[187409.5485, 1, 0.0, 1, 85.238]
[187794.27022, 1, 0.0, 1, 84.364]
[189420.63872, 1, 0.0, 1, 114.303]
[187409.5485, 1, 0.0, 1, 85.07]
[187794.27022, 1, 0.0, 1, 83.948]
[186687.7971, 1, 0.0, 1, 82.875]
[189420.63872, 1, 0.0, 1, 113.605]
[187794.27022, 1, 0.0, 1, 84.337]
[186687.7971, 1, 0.0, 1, 83.014]
[188476.7038, 1, 0.0, 1, 81.744]
[187794.27022, 1, 0.0, 1, 85.225]
[186687.7971, 1, 0.0, 1, 82.784]
[188476.7038, 1, 0.0, 1, 81.634]
[190738.322, 1, 0.0, 1, 82.063]
[186687.7971, 1, 0.0, 1, 83.294]
[188476.7038, 1, 0.0, 1, 81.715]
[190738.322, 1, 0.0, 1, 82.075]
[186687.7971, 1, 0.0, 1, 83.538]
[189420.63872, 1, 0.0, 1, 110.94]
[190738.322, 1, 0.0, 1, 82.584]
[186687.7971, 1, 0.0, 1, 83.193]
[188476.7038, 1, 0.0, 1, 81.605]
[187409.5485, 1, 0.0, 1, 84.673]
[187794.27022, 1, 0.0, 1, 85.365]
[188476.7038, 1, 0.0, 1, 81.591]
[187409.5485, 1, 0.0, 1, 85.229]
[187794.27022, 1, 0.0, 1, 84.122]
[188476.7038, 1, 0.0, 1, 81.605]
[187409.5485, 1, 0.0, 1, 84.867]
[187794.27022, 1, 0.0, 1, 84.537]
[188476.7038, 1, 0.0, 1, 81.711]
[189420.63872, 1, 0.0, 1, 111.696]
[190738.322, 1, 0.0, 1, 83.044]
[187794.27022, 1, 0.0, 1, 85.486]
[188476.7038, 1, 0.0, 1, 81.665]
[190738.322, 1, 0.0, 1, 83.254]
[189420.63872, 1, 0.0, 1, 111.534]
[188476.7038, 1, 0.0, 1, 81.692]
[187409.5485, 1, 0.0, 1, 84.722]
[189420.63872, 1, 0.0, 1, 110.949]
[190738.322, 1, 0.0, 1, 83.292]
[187409.5485, 1, 0.0, 1, 84.836]
[188476.7038, 1, 0.0, 1, 81.69]
[190738.322, 1, 0.0, 1, 82.11]
[187409.5485, 1, 0.0, 1, 84.492]
[188476.7038, 1, 0.0, 1, 81.664]
[187619.15825, 1, 0.0, 1, 82.747]
[189420.63872, 1, 0.0, 1, 110.897]
[188476.7038, 1, 0.0, 1, 81.809]
[187619.15825, 1, 0.0, 1, 82.746]
[187409.5485, 1, 0.0, 1, 84.644]
[189420.63872, 1, 0.0, 1, 111.266]
[190738.322, 1, 0.0, 1, 82.409]
[188476.7038, 1, 0.0, 1, 81.873]
[190738.322, 1, 0.0, 1, 82.632]
[187794.27022, 1, 0.0, 1, 85.385]
[190738.322, 1, 0.0, 1, 82.522]
[187794.27022, 1, 0.0, 1, 84.198]
[190738.322, 1, 0.0, 1, 82.771]
[186687.7971, 1, 0.0, 1, 82.908]
[189420.63872, 1, 0.0, 1, 111.067]
[190738.322, 1, 0.0, 1, 83.137]
[188476.7038, 1, 0.0, 1, 82.059]
[187794.27022, 1, 0.0, 1, 84.634]
[190738.322, 1, 0.0, 1, 83.184]
[188476.7038, 1, 0.0, 1, 82.331]
[187794.27022, 1, 0.0, 1, 84.609]
[190738.322, 1, 0.0, 1, 83.652]
[188476.7038, 1, 0.0, 1, 82.102]
[187794.27022, 1, 0.0, 1, 84.218]
[190738.322, 1, 0.0, 1, 83.657]
[188476.7038, 1, 0.0, 1, 82.006]
[189420.63872, 1, 0.0, 1, 110.962]
[187619.15825, 1, 0.0, 1, 82.512]
[190738.322, 1, 0.0, 1, 83.828]
[187409.5485, 1, 0.0, 1, 85.396]
[187794.27022, 1, 0.0, 1, 84.994]
[189420.63872, 1, 0.0, 1, 111.252]
[190738.322, 1, 0.0, 1, 83.796]
[188476.7038, 1, 0.0, 1, 82.014]
[187794.27022, 1, 0.0, 1, 84.593]
[187619.15825, 1, 0.0, 1, 82.407]
[190738.322, 1, 0.0, 1, 83.255]
[186687.7971, 1, 0.0, 1, 82.91]
[187794.27022, 1, 0.0, 1, 84.29]
[187619.15825, 1, 0.0, 1, 82.624]
[190738.322, 1, 0.0, 1, 83.323]
[186687.7971, 1, 0.0, 1, 83.226]
[189420.63872, 1, 0.0, 1, 110.802]
[187619.15825, 1, 0.0, 1, 82.67]
[186687.7971, 1, 0.0, 1, 82.864]
[187409.5485, 1, 0.0, 1, 85.286]
[189420.63872, 1, 0.0, 1, 110.431]
[186687.7971, 1, 0.0, 1, 83.029]
[187409.5485, 1, 0.0, 1, 85.17]
[187619.15825, 1, 0.0, 1, 82.35]
[186687.7971, 1, 0.0, 1, 82.49]
[187409.5485, 1, 0.0, 1, 85.114]
[187619.15825, 1, 0.0, 1, 82.443]
[186687.7971, 1, 0.0, 1, 83.013]
[189420.63872, 1, 0.0, 1, 110.334]
[187619.15825, 1, 0.0, 1, 82.83]
[186687.7971, 1, 0.0, 1, 83.173]
[187409.5485, 1, 0.0, 1, 85.103]
[189420.63872, 1, 0.0, 1, 109.958]
[186687.7971, 1, 0.0, 1, 83.454]
[187619.15825, 1, 0.0, 1, 82.795]
[189420.63872, 1, 0.0, 1, 109.914]
[186687.7971, 1, 0.0, 1, 83.584]
[187619.15825, 1, 0.0, 1, 82.711]
[188476.7038, 1, 0.0, 1, 81.318]
[186687.7971, 1, 0.0, 1, 83.253]
[187619.15825, 1, 0.0, 1, 82.79]
[188476.7038, 1, 0.0, 1, 81.622]
[186687.7971, 1, 0.0, 1, 83.205]
[187409.5485, 1, 0.0, 1, 85.333]
[189420.63872, 1, 0.0, 1, 110.13]
[188476.7038, 1, 0.0, 1, 81.77]
[186687.7971, 1, 0.0, 1, 82.936]
[187619.15825, 1, 0.0, 1, 82.721]
[190738.322, 1, 0.0, 1, 83.403]
[186687.7971, 1, 0.0, 1, 83.227]
[187409.5485, 1, 0.0, 1, 85.334]
[187794.27022, 1, 0.0, 1, 85.602]
[190738.322, 1, 0.0, 1, 82.904]
[189420.63872, 1, 0.0, 1, 110.813]
[187794.27022, 1, 0.0, 1, 84.887]
[190738.322, 1, 0.0, 1, 83.062]
[186687.7971, 1, 0.0, 1, 82.605]
[187794.27022, 1, 0.0, 1, 84.679]
[190738.322, 1, 0.0, 1, 82.917]
[186687.7971, 1, 0.0, 1, 82.831]
[187619.15825, 1, 0.0, 1, 82.47]
[188476.7038, 1, 0.0, 1, 82.055]
[186687.7971, 1, 0.0, 1, 82.731]
[187409.5485, 1, 0.0, 1, 85.286]
[190738.322, 1, 0.0, 1, 82.921]
[189420.63872, 1, 0.0, 1, 110.351]
[188476.7038, 1, 0.0, 1, 81.851]
[186687.7971, 1, 0.0, 1, 82.527]
[187619.15825, 1, 0.0, 1, 82.466]
[188476.7038, 1, 0.0, 1, 81.825]
[186687.7971, 1, 0.0, 1, 82.846]
[187619.15825, 1, 0.0, 1, 82.874]
[188476.7038, 1, 0.0, 1, 82.073]
[186687.7971, 1, 0.0, 1, 82.655]
[187619.15825, 1, 0.0, 1, 82.765]
[187794.27022, 1, 0.0, 1, 84.701]
[186687.7971, 1, 0.0, 1, 82.682]
[189420.63872, 1, 0.0, 1, 110.131]
[187794.27022, 1, 0.0, 1, 85.189]
[186687.7971, 1, 0.0, 1, 82.72]
[187619.15825, 1, 0.0, 1, 82.831]
[187794.27022, 1, 0.0, 1, 84.988]
[186687.7971, 1, 0.0, 1, 82.908]
[187619.15825, 1, 0.0, 1, 82.695]
[187409.5485, 1, 0.0, 1, 84.896]
[186687.7971, 1, 0.0, 1, 82.766]
[187619.15825, 1, 0.0, 1, 82.528]
[187409.5485, 1, 0.0, 1, 85.204]
[186687.7971, 1, 0.0, 1, 82.757]
[189420.63872, 1, 0.0, 1, 108.97]
[187619.15825, 1, 0.0, 1, 82.395]
[187409.5485, 1, 0.0, 1, 84.804]
[186687.7971, 1, 0.0, 1, 82.361]
[187619.15825, 1, 0.0, 1, 82.928]
[188476.7038, 1, 0.0, 1, 81.814]
[186687.7971, 1, 0.0, 1, 82.562]
[187619.15825, 1, 0.0, 1, 82.749]
[188476.7038, 1, 0.0, 1, 82.325]
[186687.7971, 1, 0.0, 1, 83.084]
[187619.15825, 1, 0.0, 1, 82.837]
[188476.7038, 1, 0.0, 1, 81.725]
[186687.7971, 1, 0.0, 1, 83.229]
[189420.63872, 1, 0.0, 1, 109.716]
[187619.15825, 1, 0.0, 1, 82.508]
[188476.7038, 1, 0.0, 1, 81.956]
[186687.7971, 1, 0.0, 1, 82.737]
[188476.7038, 1, 0.0, 1, 83.093]
[186687.7971, 1, 0.0, 1, 82.967]
[187619.15825, 1, 0.0, 1, 82.809]
[188476.7038, 1, 0.0, 1, 82.694]
[186687.7971, 1, 0.0, 1, 82.625]
[188476.7038, 1, 0.0, 1, 82.674]
[186687.7971, 1, 0.0, 1, 83.126]
[189420.63872, 1, 0.0, 1, 109.964]
[188476.7038, 1, 0.0, 1, 82.41]
[187794.27022, 1, 0.0, 1, 84.625]
[187619.15825, 1, 0.0, 1, 82.445]
[188476.7038, 1, 0.0, 1, 83.441]
[190738.322, 1, 0.0, 1, 82.926]
[188476.7038, 1, 0.0, 1, 82.784]
[186687.7971, 1, 0.0, 1, 82.705]
[188476.7038, 1, 0.0, 1, 82.628]
[190738.322, 1, 0.0, 1, 83.777]
[189420.63872, 1, 0.0, 1, 110.596]
[187619.15825, 1, 0.0, 1, 82.606]
[188476.7038, 1, 0.0, 1, 82.476]
[187794.27022, 1, 0.0, 1, 84.564]
[189420.63872, 1, 0.0, 1, 110.331]
[188476.7038, 1, 0.0, 1, 86.542]
[186687.7971, 1, 0.0, 1, 82.762]
[187794.27022, 1, 0.0, 1, 84.963]
[188476.7038, 1, 0.0, 1, 82.01]
[186687.7971, 1, 0.0, 1, 82.714]
[187794.27022, 1, 0.0, 1, 85.148]
[187619.15825, 1, 0.0, 1, 82.482]
[188476.7038, 1, 0.0, 1, 82.837]
[186687.7971, 1, 0.0, 1, 82.637]
[187794.27022, 1, 0.0, 1, 84.575]
[187619.15825, 1, 0.0, 1, 82.611]
[188476.7038, 1, 0.0, 1, 81.944]
[186687.7971, 1, 0.0, 1, 82.345]
[187794.27022, 1, 0.0, 1, 84.905]
[187619.15825, 1, 0.0, 1, 82.595]
[188476.7038, 1, 0.0, 1, 81.948]
[186687.7971, 1, 0.0, 1, 82.992]
[187794.27022, 1, 0.0, 1, 84.5]
[188476.7038, 1, 0.0, 1, 81.897]
[186687.7971, 1, 0.0, 1, 82.62]
[187794.27022, 1, 0.0, 1, 85.0]
[188476.7038, 1, 0.0, 1, 82.089]
[186687.7971, 1, 0.0, 1, 82.921]
[187794.27022, 1, 0.0, 1, 84.825]
[188476.7038, 1, 0.0, 1, 82.19]
[186687.7971, 1, 0.0, 1, 82.28]
[187409.5485, 1, 0.0, 1, 84.607]
[189420.63872, 1, 0.0, 1, 109.589]
[188476.7038, 1, 0.0, 1, 81.819]
[190738.322, 1, 0.0, 1, 83.775]
[187619.15825, 1, 0.0, 1, 82.639]
[189420.63872, 1, 0.0, 1, 109.586]
[190738.322, 1, 0.0, 1, 83.732]
[187794.27022, 1, 0.0, 1, 85.416]
[188476.7038, 1, 0.0, 1, 82.194]
[186687.7971, 1, 0.0, 1, 82.699]
[189420.63872, 1, 0.0, 1, 109.614]
[188476.7038, 1, 0.0, 1, 81.741]
[186687.7971, 1, 0.0, 1, 82.668]
[188476.7038, 1, 0.0, 1, 81.641]
[186687.7971, 1, 0.0, 1, 82.948]
[188476.7038, 1, 0.0, 1, 81.872]
[186687.7971, 1, 0.0, 1, 82.411]
[187619.15825, 1, 0.0, 1, 82.486]
[186687.7971, 1, 0.0, 1, 82.515]
[189420.63872, 1, 0.0, 1, 110.613]
[187619.15825, 1, 0.0, 1, 82.53]
[186687.7971, 1, 0.0, 1, 82.857]
[187619.15825, 1, 0.0, 1, 82.58]
[186687.7971, 1, 0.0, 1, 82.598]
[187619.15825, 1, 0.0, 1, 82.499]
[186687.7971, 1, 0.0, 1, 82.348]
[187619.15825, 1, 0.0, 1, 82.597]
[186687.7971, 1, 0.0, 1, 82.599]
[189420.63872, 1, 0.0, 1, 110.46]
[187794.27022, 1, 0.0, 1, 84.382]
[186687.7971, 1, 0.0, 1, 82.472]
[188476.7038, 1, 0.0, 1, 81.871]
[187794.27022, 1, 0.0, 1, 84.536]
[186687.7971, 1, 0.0, 1, 82.717]
[188476.7038, 1, 0.0, 1, 81.953]
[187794.27022, 1, 0.0, 1, 84.44]
[186687.7971, 1, 0.0, 1, 82.354]
[188476.7038, 1, 0.0, 1, 81.875]
[187794.27022, 1, 0.0, 1, 84.43]
[186687.7971, 1, 0.0, 1, 82.526]
[189420.63872, 1, 0.0, 1, 109.952]
[188476.7038, 1, 0.0, 1, 81.909]
[187794.27022, 1, 0.0, 1, 84.655]
[186687.7971, 1, 0.0, 1, 82.433]
[188476.7038, 1, 0.0, 1, 82.032]
[187794.27022, 1, 0.0, 1, 84.463]
[186687.7971, 1, 0.0, 1, 82.332]
[188476.7038, 1, 0.0, 1, 82.019]
[187794.27022, 1, 0.0, 1, 85.084]
[186687.7971, 1, 0.0, 1, 82.35]
[190738.322, 1, 0.0, 1, 83.697]
[186687.7971, 1, 0.0, 1, 82.711]
[189420.63872, 1, 0.0, 1, 110.404]
[190738.322, 1, 0.0, 1, 84.047]
[186687.7971, 1, 0.0, 1, 82.643]
[190738.322, 1, 0.0, 1, 84.138]
[186687.7971, 1, 0.0, 1, 82.553]
[188476.7038, 1, 0.0, 1, 81.982]
[190738.322, 1, 0.0, 1, 83.826]
[186687.7971, 1, 0.0, 1, 82.492]
[188476.7038, 1, 0.0, 1, 81.821]
[190738.322, 1, 0.0, 1, 84.06]
[186687.7971, 1, 0.0, 1, 82.611]
[188476.7038, 1, 0.0, 1, 82.057]
[187619.15825, 1, 0.0, 1, 82.678]
[186687.7971, 1, 0.0, 1, 82.42]
[188476.7038, 1, 0.0, 1, 82.304]
[187619.15825, 1, 0.0, 1, 82.704]
[187409.5485, 1, 0.0, 1, 84.516]
[186687.7971, 1, 0.0, 1, 82.754]
[188476.7038, 1, 0.0, 1, 81.962]
[187619.15825, 1, 0.0, 1, 82.645]
[189420.63872, 1, 0.0, 1, 109.571]
[186687.7971, 1, 0.0, 1, 82.523]
[188476.7038, 1, 0.0, 1, 82.09]
[190738.322, 1, 0.0, 1, 84.049]
[186687.7971, 1, 0.0, 1, 82.678]
[188476.7038, 1, 0.0, 1, 81.973]
[187619.15825, 1, 0.0, 1, 82.655]
[187794.27022, 1, 0.0, 1, 84.661]
[188476.7038, 1, 0.0, 1, 82.258]
[187619.15825, 1, 0.0, 1, 82.662]
[187409.5485, 1, 0.0, 1, 85.001]
[188476.7038, 1, 0.0, 1, 82.105]
[187619.15825, 1, 0.0, 1, 82.522]
[189420.63872, 1, 0.0, 1, 109.479]
[187794.27022, 1, 0.0, 1, 84.722]
[188476.7038, 1, 0.0, 1, 82.172]
[190738.322, 1, 0.0, 1, 83.874]
[187409.5485, 1, 0.0, 1, 84.882]
[188476.7038, 1, 0.0, 1, 82.038]
[190738.322, 1, 0.0, 1, 84.045]
[187794.27022, 1, 0.0, 1, 84.447]
[188476.7038, 1, 0.0, 1, 82.301]
[187619.15825, 1, 0.0, 1, 82.643]
[186687.7971, 1, 0.0, 1, 82.446]
[188476.7038, 1, 0.0, 1, 81.995]
[187619.15825, 1, 0.0, 1, 82.588]
[189420.63872, 1, 0.0, 1, 109.431]
[186687.7971, 1, 0.0, 1, 82.543]
[188476.7038, 1, 0.0, 1, 81.945]
[187619.15825, 1, 0.0, 1, 82.39]
[186687.7971, 1, 0.0, 1, 82.548]
[188476.7038, 1, 0.0, 1, 81.946]
[187619.15825, 1, 0.0, 1, 82.364]
[190738.322, 1, 0.0, 1, 84.307]
[187409.5485, 1, 0.0, 1, 84.452]
[189420.63872, 1, 0.0, 1, 110.068]
[187619.15825, 1, 0.0, 1, 82.695]
[190738.322, 1, 0.0, 1, 84.183]
[188476.7038, 1, 0.0, 1, 82.157]
[187619.15825, 1, 0.0, 1, 82.544]
[190738.322, 1, 0.0, 1, 84.403]
[188476.7038, 1, 0.0, 1, 82.186]
[187619.15825, 1, 0.0, 1, 82.592]
[186687.7971, 1, 0.0, 1, 82.657]
[188476.7038, 1, 0.0, 1, 81.969]
[187619.15825, 1, 0.0, 1, 82.999]
[190738.322, 1, 0.0, 1, 84.687]
[189420.63872, 1, 0.0, 1, 109.701]
[187619.15825, 1, 0.0, 1, 82.67]
[190738.322, 1, 0.0, 1, 84.467]
[187794.27022, 1, 0.0, 1, 84.964]
[189420.63872, 1, 0.0, 1, 109.208]
[190738.322, 1, 0.0, 1, 84.166]
[187794.27022, 1, 0.0, 1, 85.24]
[187619.15825, 1, 0.0, 1, 82.592]
[190738.322, 1, 0.0, 1, 84.034]
[187794.27022, 1, 0.0, 1, 84.653]
[187619.15825, 1, 0.0, 1, 82.974]
[186687.7971, 1, 0.0, 1, 82.688]
[190738.322, 1, 0.0, 1, 84.129]
[189420.63872, 1, 0.0, 1, 108.954]
[187619.15825, 1, 0.0, 1, 82.542]
[186687.7971, 1, 0.0, 1, 82.825]
[190738.322, 1, 0.0, 1, 84.016]
[187409.5485, 1, 0.0, 1, 85.165]
[187619.15825, 1, 0.0, 1, 82.51]
[186687.7971, 1, 0.0, 1, 82.637]
[190738.322, 1, 0.0, 1, 84.62]
[187794.27022, 1, 0.0, 1, 85.695]
[187619.15825, 1, 0.0, 1, 82.602]
[186687.7971, 1, 0.0, 1, 82.942]
[188476.7038, 1, 0.0, 1, 82.059]
[187409.5485, 1, 0.0, 1, 85.085]
[187619.15825, 1, 0.0, 1, 82.645]
[186687.7971, 1, 0.0, 1, 82.564]
[188476.7038, 1, 0.0, 1, 82.05]
[187794.27022, 1, 0.0, 1, 84.396]
[187619.15825, 1, 0.0, 1, 82.414]
[186687.7971, 1, 0.0, 1, 82.666]
[190738.322, 1, 0.0, 1, 83.582]
[187619.15825, 1, 0.0, 1, 82.505]
[186687.7971, 1, 0.0, 1, 82.77]
[190738.322, 1, 0.0, 1, 83.496]
[187619.15825, 1, 0.0, 1, 82.909]
[189420.63872, 1, 0.0, 1, 109.384]
[190738.322, 1, 0.0, 1, 83.843]
[187619.15825, 1, 0.0, 1, 82.399]
[188476.7038, 1, 0.0, 1, 82.057]
[189420.63872, 1, 0.0, 1, 109.963]
[187619.15825, 1, 0.0, 1, 83.196]
[186687.7971, 1, 0.0, 1, 82.633]
[190738.322, 1, 0.0, 1, 84.001]
[189420.63872, 1, 0.0, 1, 109.527]
[186687.7971, 1, 0.0, 1, 82.362]
[190738.322, 1, 0.0, 1, 83.73]
[187794.27022, 1, 0.0, 1, 85.285]
[186687.7971, 1, 0.0, 1, 82.858]
[188476.7038, 1, 0.0, 1, 82.025]
[190738.322, 1, 0.0, 1, 83.505]
[187794.27022, 1, 0.0, 1, 84.983]
[188476.7038, 1, 0.0, 1, 81.908]
[190738.322, 1, 0.0, 1, 83.802]
[187794.27022, 1, 0.0, 1, 85.402]
[188476.7038, 1, 0.0, 1, 82.368]
[187794.27022, 1, 0.0, 1, 85.051]
[188476.7038, 1, 0.0, 1, 82.334]
[190738.322, 1, 0.0, 1, 83.438]
[187619.15825, 1, 0.0, 1, 83.169]
[188476.7038, 1, 0.0, 1, 81.666]
[190738.322, 1, 0.0, 1, 83.43]
[187619.15825, 1, 0.0, 1, 83.102]
[188476.7038, 1, 0.0, 1, 81.666]
[189420.63872, 1, 0.0, 1, 108.976]
[187619.15825, 1, 0.0, 1, 83.135]
[188476.7038, 1, 0.0, 1, 81.587]
[190738.322, 1, 0.0, 1, 83.413]
[187619.15825, 1, 0.0, 1, 83.359]
[188476.7038, 1, 0.0, 1, 81.658]
[190738.322, 1, 0.0, 1, 83.65]
[187619.15825, 1, 0.0, 1, 83.129]
[188476.7038, 1, 0.0, 1, 81.652]
[190738.322, 1, 0.0, 1, 83.568]
[187619.15825, 1, 0.0, 1, 83.015]
[188476.7038, 1, 0.0, 1, 81.649]
[189420.63872, 1, 0.0, 1, 109.245]
[187619.15825, 1, 0.0, 1, 83.448]
[188476.7038, 1, 0.0, 1, 81.566]
[190738.322, 1, 0.0, 1, 83.471]
[187619.15825, 1, 0.0, 1, 83.438]
[188476.7038, 1, 0.0, 1, 81.615]
[190738.322, 1, 0.0, 1, 83.382]
[187619.15825, 1, 0.0, 1, 83.103]
[187409.5485, 1, 0.0, 1, 85.247]
[187619.15825, 1, 0.0, 1, 82.99]
[187409.5485, 1, 0.0, 1, 85.418]
[189420.63872, 1, 0.0, 1, 109.415]
[190738.322, 1, 0.0, 1, 84.228]
[187619.15825, 1, 0.0, 1, 83.531]
[187409.5485, 1, 0.0, 1, 84.621]
[189420.63872, 1, 0.0, 1, 109.04]
[187619.15825, 1, 0.0, 1, 83.801]
[187409.5485, 1, 0.0, 1, 84.711]
[187619.15825, 1, 0.0, 1, 82.899]
[187409.5485, 1, 0.0, 1, 85.198]
[190738.322, 1, 0.0, 1, 84.659]
[188476.7038, 1, 0.0, 1, 81.756]
[189420.63872, 1, 0.0, 1, 109.581]
[188476.7038, 1, 0.0, 1, 82.438]
[187409.5485, 1, 0.0, 1, 84.815]
[187619.15825, 1, 0.0, 1, 83.084]
[187409.5485, 1, 0.0, 1, 85.314]
[190738.322, 1, 0.0, 1, 83.831]
[186687.7971, 1, 0.0, 1, 82.699]
[187409.5485, 1, 0.0, 1, 85.113]
[188476.7038, 1, 0.0, 1, 81.757]
[187409.5485, 1, 0.0, 1, 85.099]
[186687.7971, 1, 0.0, 1, 82.841]
[187409.5485, 1, 0.0, 1, 85.33]
[189420.63872, 1, 0.0, 1, 108.712]
[186687.7971, 1, 0.0, 1, 82.633]
[187409.5485, 1, 0.0, 1, 84.676]
[187619.15825, 1, 0.0, 1, 82.627]
[186687.7971, 1, 0.0, 1, 82.853]
[187409.5485, 1, 0.0, 1, 84.504]
[187619.15825, 1, 0.0, 1, 82.695]
[186687.7971, 1, 0.0, 1, 82.597]
[187409.5485, 1, 0.0, 1, 84.944]
[187619.15825, 1, 0.0, 1, 82.771]
[190738.322, 1, 0.0, 1, 83.92]
[187794.27022, 1, 0.0, 1, 84.661]
[189420.63872, 1, 0.0, 1, 109.549]
[188476.7038, 1, 0.0, 1, 81.472]
[190738.322, 1, 0.0, 1, 83.314]
[187409.5485, 1, 0.0, 1, 85.727]
[189420.63872, 1, 0.0, 1, 109.575]
[190738.322, 1, 0.0, 1, 83.289]
[187409.5485, 1, 0.0, 1, 85.008]
[187619.15825, 1, 0.0, 1, 82.747]
[190738.322, 1, 0.0, 1, 83.847]
[187409.5485, 1, 0.0, 1, 84.586]
[187619.15825, 1, 0.0, 1, 83.0]
[190738.322, 1, 0.0, 1, 83.851]
[189420.63872, 1, 0.0, 1, 109.719]
[190738.322, 1, 0.0, 1, 83.628]
[187794.27022, 1, 0.0, 1, 84.862]
[188476.7038, 1, 0.0, 1, 81.889]
[188476.7038, 1, 0.0, 1, 81.36]
[188476.7038, 1, 0.0, 1, 82.003]
[188476.7038, 1, 0.0, 1, 81.404]
[186687.7971, 1, 0.0, 1, 82.416]
[190738.322, 1, 0.0, 1, 84.776]
[188476.7038, 1, 0.0, 1, 81.437]
[186687.7971, 1, 0.0, 1, 82.53]
[190738.322, 1, 0.0, 1, 84.281]
[187794.27022, 1, 0.0, 1, 84.982]
[187619.15825, 1, 0.0, 1, 82.911]
[190738.322, 1, 0.0, 1, 83.28]
[187619.15825, 1, 0.0, 1, 82.849]
[190738.322, 1, 0.0, 1, 83.673]
[189420.63872, 1, 0.0, 1, 108.784]
[187409.5485, 1, 0.0, 1, 85.081]
[186687.7971, 1, 0.0, 1, 82.57]
[190738.322, 1, 0.0, 1, 83.678]
[187794.27022, 1, 0.0, 1, 84.504]
[187619.15825, 1, 0.0, 1, 82.995]
[190738.322, 1, 0.0, 1, 83.614]
[188476.7038, 1, 0.0, 1, 81.587]
[187619.15825, 1, 0.0, 1, 82.988]
[190738.322, 1, 0.0, 1, 83.606]
[188476.7038, 1, 0.0, 1, 81.541]
[186687.7971, 1, 0.0, 1, 82.884]
[190738.322, 1, 0.0, 1, 83.441]
[188476.7038, 1, 0.0, 1, 81.522]
[186687.7971, 1, 0.0, 1, 82.695]
[190738.322, 1, 0.0, 1, 83.685]
[188476.7038, 1, 0.0, 1, 81.659]
[186687.7971, 1, 0.0, 1, 82.649]
[190738.322, 1, 0.0, 1, 83.746]
[188476.7038, 1, 0.0, 1, 81.888]
[187409.5485, 1, 0.0, 1, 84.94]
[189420.63872, 1, 0.0, 1, 108.868]
[190738.322, 1, 0.0, 1, 84.207]
[188476.7038, 1, 0.0, 1, 81.875]
[187794.27022, 1, 0.0, 1, 84.798]
[186687.7971, 1, 0.0, 1, 82.746]
[188476.7038, 1, 0.0, 1, 82.237]
[187794.27022, 1, 0.0, 1, 85.323]
[186687.7971, 1, 0.0, 1, 82.654]
[190738.322, 1, 0.0, 1, 83.635]
[188476.7038, 1, 0.0, 1, 81.512]
[187409.5485, 1, 0.0, 1, 84.697]
[190738.322, 1, 0.0, 1, 84.016]
[188476.7038, 1, 0.0, 1, 81.435]
[187794.27022, 1, 0.0, 1, 84.774]
[189420.63872, 1, 0.0, 1, 109.112]
[190738.322, 1, 0.0, 1, 83.395]
[188476.7038, 1, 0.0, 1, 81.544]
[187409.5485, 1, 0.0, 1, 84.413]
[189420.63872, 1, 0.0, 1, 108.966]
[188476.7038, 1, 0.0, 1, 81.647]
[187619.15825, 1, 0.0, 1, 82.558]
[187409.5485, 1, 0.0, 1, 84.286]
[190738.322, 1, 0.0, 1, 82.63]
[189420.63872, 1, 0.0, 1, 108.944]
[186687.7971, 1, 0.0, 1, 82.627]
[187409.5485, 1, 0.0, 1, 84.296]
[190738.322, 1, 0.0, 1, 82.688]
[188476.7038, 1, 0.0, 1, 82.009]
[186687.7971, 1, 0.0, 1, 83.017]
[187409.5485, 1, 0.0, 1, 84.765]
[188476.7038, 1, 0.0, 1, 81.782]
[186687.7971, 1, 0.0, 1, 82.982]
[187409.5485, 1, 0.0, 1, 84.385]
[188476.7038, 1, 0.0, 1, 81.48]
[186687.7971, 1, 0.0, 1, 82.497]
[187409.5485, 1, 0.0, 1, 84.631]
[190738.322, 1, 0.0, 1, 82.847]
[189420.63872, 1, 0.0, 1, 112.251]
[186687.7971, 1, 0.0, 1, 82.557]
[187794.27022, 1, 0.0, 1, 84.888]
[188476.7038, 1, 0.0, 1, 81.478]
[186687.7971, 1, 0.0, 1, 82.881]
[187409.5485, 1, 0.0, 1, 85.292]
[190738.322, 1, 0.0, 1, 83.574]
[186687.7971, 1, 0.0, 1, 83.297]
[187409.5485, 1, 0.0, 1, 84.29]
[190738.322, 1, 0.0, 1, 84.224]
[186687.7971, 1, 0.0, 1, 83.107]
[187409.5485, 1, 0.0, 1, 84.831]
[190738.322, 1, 0.0, 1, 83.29]
[186687.7971, 1, 0.0, 1, 82.963]
[187409.5485, 1, 0.0, 1, 85.279]
[190738.322, 1, 0.0, 1, 83.155]
[186687.7971, 1, 0.0, 1, 82.642]
[189420.63872, 1, 0.0, 1, 110.229]
[188476.7038, 1, 0.0, 1, 81.542]
[190738.322, 1, 0.0, 1, 83.693]
[186687.7971, 1, 0.0, 1, 82.839]
[188476.7038, 1, 0.0, 1, 81.87]
[190738.322, 1, 0.0, 1, 84.376]
[186687.7971, 1, 0.0, 1, 82.875]
[188476.7038, 1, 0.0, 1, 81.789]
[190738.322, 1, 0.0, 1, 82.879]
[186687.7971, 1, 0.0, 1, 82.837]
[188476.7038, 1, 0.0, 1, 81.586]
[190738.322, 1, 0.0, 1, 82.641]
[187619.15825, 1, 0.0, 1, 82.46]
[189420.63872, 1, 0.0, 1, 109.674]
[188476.7038, 1, 0.0, 1, 81.568]
[190738.322, 1, 0.0, 1, 83.566]
[186687.7971, 1, 0.0, 1, 82.575]
[187409.5485, 1, 0.0, 1, 84.11]
[190738.322, 1, 0.0, 1, 83.928]
[187619.15825, 1, 0.0, 1, 82.556]
[186687.7971, 1, 0.0, 1, 82.345]
[187409.5485, 1, 0.0, 1, 84.23]
[189420.63872, 1, 0.0, 1, 109.53]
[186687.7971, 1, 0.0, 1, 83.088]
[187409.5485, 1, 0.0, 1, 84.789]
[187619.15825, 1, 0.0, 1, 82.627]
[189420.63872, 1, 0.0, 1, 109.262]
[187409.5485, 1, 0.0, 1, 85.097]
[190738.322, 1, 0.0, 1, 83.827]
[186687.7971, 1, 0.0, 1, 82.525]
[187409.5485, 1, 0.0, 1, 84.378]
[190738.322, 1, 0.0, 1, 83.523]
[186687.7971, 1, 0.0, 1, 82.239]
[188476.7038, 1, 0.0, 1, 81.506]
[187409.5485, 1, 0.0, 1, 84.826]
[190738.322, 1, 0.0, 1, 83.842]
[186687.7971, 1, 0.0, 1, 82.765]
[188476.7038, 1, 0.0, 1, 81.737]
[187409.5485, 1, 0.0, 1, 84.949]
[189420.63872, 1, 0.0, 1, 108.695]
[188476.7038, 1, 0.0, 1, 81.708]
[187409.5485, 1, 0.0, 1, 84.593]
[190738.322, 1, 0.0, 1, 83.615]
[186687.7971, 1, 0.0, 1, 82.824]
[189420.63872, 1, 0.0, 1, 109.491]
[187409.5485, 1, 0.0, 1, 84.429]
[190738.322, 1, 0.0, 1, 83.471]
[186687.7971, 1, 0.0, 1, 82.629]
[188476.7038, 1, 0.0, 1, 81.892]
[189420.63872, 1, 0.0, 1, 109.75]
[190738.322, 1, 0.0, 1, 83.734]
[186687.7971, 1, 0.0, 1, 82.789]
[188476.7038, 1, 0.0, 1, 81.425]
[187409.5485, 1, 0.0, 1, 84.474]
[190738.322, 1, 0.0, 1, 83.894]
[186687.7971, 1, 0.0, 1, 82.574]
[188476.7038, 1, 0.0, 1, 81.519]
[187409.5485, 1, 0.0, 1, 84.588]
[186687.7971, 1, 0.0, 1, 82.864]
[189420.63872, 1, 0.0, 1, 109.158]
[187409.5485, 1, 0.0, 1, 84.418]
[190738.322, 1, 0.0, 1, 83.915]
[188476.7038, 1, 0.0, 1, 81.6]
[187409.5485, 1, 0.0, 1, 85.509]
[188476.7038, 1, 0.0, 1, 82.007]
[187794.27022, 1, 0.0, 1, 84.93]
[187619.15825, 1, 0.0, 1, 82.92]
[188476.7038, 1, 0.0, 1, 82.047]
[187794.27022, 1, 0.0, 1, 84.89]
[186687.7971, 1, 0.0, 1, 82.637]
[189420.63872, 1, 0.0, 1, 109.695]
[187794.27022, 1, 0.0, 1, 84.804]
[186687.7971, 1, 0.0, 1, 82.742]
[188476.7038, 1, 0.0, 1, 81.794]
[189420.63872, 1, 0.0, 1, 109.559]
[186687.7971, 1, 0.0, 1, 82.975]
[188476.7038, 1, 0.0, 1, 81.542]
[187409.5485, 1, 0.0, 1, 84.455]
[188476.7038, 1, 0.0, 1, 81.447]
[187794.27022, 1, 0.0, 1, 84.738]
[190738.322, 1, 0.0, 1, 83.718]
[189420.63872, 1, 0.0, 1, 108.972]
[187794.27022, 1, 0.0, 1, 84.932]
[188476.7038, 1, 0.0, 1, 81.515]
[189420.63872, 1, 0.0, 1, 109.54]
[188476.7038, 1, 0.0, 1, 81.607]
[187409.5485, 1, 0.0, 1, 84.66]
[190738.322, 1, 0.0, 1, 83.643]
[187409.5485, 1, 0.0, 1, 84.416]
[189420.63872, 1, 0.0, 1, 109.58]
[187409.5485, 1, 0.0, 1, 85.004]
[190738.322, 1, 0.0, 1, 84.311]
[189420.63872, 1, 0.0, 1, 109.332]
[187409.5485, 1, 0.0, 1, 84.038]
[190738.322, 1, 0.0, 1, 84.141]
[187619.15825, 1, 0.0, 1, 82.641]
[190738.322, 1, 0.0, 1, 84.462]
[186687.7971, 1, 0.0, 1, 82.749]
[189420.63872, 1, 0.0, 1, 109.888]
[186687.7971, 1, 0.0, 1, 82.432]
[190738.322, 1, 0.0, 1, 83.788]
[189420.63872, 1, 0.0, 1, 109.381]
[186687.7971, 1, 0.0, 1, 82.908]
[190738.322, 1, 0.0, 1, 83.777]
[189420.63872, 1, 0.0, 1, 109.2]
[187409.5485, 1, 0.0, 1, 84.959]
[190738.322, 1, 0.0, 1, 84.51]
[187409.5485, 1, 0.0, 1, 85.383]
[190738.322, 1, 0.0, 1, 84.926]
[188476.7038, 1, 0.0, 1, 82.052]
[187794.27022, 1, 0.0, 1, 85.366]
[190738.322, 1, 0.0, 1, 84.616]
[189420.63872, 1, 0.0, 1, 113.085]
[187619.15825, 1, 0.0, 1, 82.79]
[187794.27022, 1, 0.0, 1, 85.205]
[190738.322, 1, 0.0, 1, 84.796]
[189420.63872, 1, 0.0, 1, 111.663]
[187794.27022, 1, 0.0, 1, 84.487]
[190738.322, 1, 0.0, 1, 84.364]
[188476.7038, 1, 0.0, 1, 81.753]
[187409.5485, 1, 0.0, 1, 85.073]
[190738.322, 1, 0.0, 1, 84.205]
[187619.15825, 1, 0.0, 1, 82.545]
[190738.322, 1, 0.0, 1, 83.903]
[189420.63872, 1, 0.0, 1, 112.223]
[187619.15825, 1, 0.0, 1, 82.623]
[190738.322, 1, 0.0, 1, 83.568]
[189420.63872, 1, 0.0, 1, 111.641]
[190738.322, 1, 0.0, 1, 84.557]
[187619.15825, 1, 0.0, 1, 82.777]
[190738.322, 1, 0.0, 1, 84.008]
[187619.15825, 1, 0.0, 1, 82.836]
[190738.322, 1, 0.0, 1, 84.02]
[187619.15825, 1, 0.0, 1, 82.548]
[187794.27022, 1, 0.0, 1, 84.744]
[190738.322, 1, 0.0, 1, 85.123]
[188476.7038, 1, 0.0, 1, 81.531]
[189420.63872, 1, 0.0, 1, 111.833]
[187409.5485, 1, 0.0, 1, 84.901]
[190738.322, 1, 0.0, 1, 84.343]
[187619.15825, 1, 0.0, 1, 82.439]
[189420.63872, 1, 0.0, 1, 111.491]
[190738.322, 1, 0.0, 1, 84.52]
[187619.15825, 1, 0.0, 1, 82.907]
[187409.5485, 1, 0.0, 1, 84.708]
[190738.322, 1, 0.0, 1, 84.467]
[187619.15825, 1, 0.0, 1, 82.757]
[187794.27022, 1, 0.0, 1, 85.01]
[188476.7038, 1, 0.0, 1, 81.45]
[189420.63872, 1, 0.0, 1, 109.684]
[187794.27022, 1, 0.0, 1, 85.481]
[188476.7038, 1, 0.0, 1, 81.269]
[187619.15825, 1, 0.0, 1, 82.605]
[189420.63872, 1, 0.0, 1, 109.924]
[187794.27022, 1, 0.0, 1, 85.042]
[187619.15825, 1, 0.0, 1, 82.664]
[188476.7038, 1, 0.0, 1, 81.664]
[187619.15825, 1, 0.0, 1, 82.662]
[190738.322, 1, 0.0, 1, 84.565]
[189420.63872, 1, 0.0, 1, 110.084]
[190738.322, 1, 0.0, 1, 84.114]
[187619.15825, 1, 0.0, 1, 82.689]
[189420.63872, 1, 0.0, 1, 109.816]
[187409.5485, 1, 0.0, 1, 85.109]
[187619.15825, 1, 0.0, 1, 82.507]
[190738.322, 1, 0.0, 1, 83.935]
[187619.15825, 1, 0.0, 1, 82.715]
[187794.27022, 1, 0.0, 1, 85.263]
[189420.63872, 1, 0.0, 1, 110.435]
[187794.27022, 1, 0.0, 1, 85.175]
[187619.15825, 1, 0.0, 1, 82.767]
[189420.63872, 1, 0.0, 1, 109.663]
[187619.15825, 1, 0.0, 1, 82.452]
[187409.5485, 1, 0.0, 1, 84.873]
[190738.322, 1, 0.0, 1, 84.933]
[188476.7038, 1, 0.0, 1, 82.509]
[186687.7971, 1, 0.0, 1, 82.474]
[189420.63872, 1, 0.0, 1, 110.248]
[188476.7038, 1, 0.0, 1, 81.544]
[186687.7971, 1, 0.0, 1, 82.434]
[190738.322, 1, 0.0, 1, 85.42]
[189420.63872, 1, 0.0, 1, 109.628]
[188476.7038, 1, 0.0, 1, 82.195]
[186687.7971, 1, 0.0, 1, 82.326]
[190738.322, 1, 0.0, 1, 85.146]
[188476.7038, 1, 0.0, 1, 81.875]
[187794.27022, 1, 0.0, 1, 84.465]
[190738.322, 1, 0.0, 1, 85.02]
[188476.7038, 1, 0.0, 1, 81.671]
[186687.7971, 1, 0.0, 1, 82.542]
[190738.322, 1, 0.0, 1, 85.004]
[188476.7038, 1, 0.0, 1, 81.804]
[187409.5485, 1, 0.0, 1, 84.86]
[187619.15825, 1, 0.0, 1, 82.868]
[189420.63872, 1, 0.0, 1, 110.179]
[187409.5485, 1, 0.0, 1, 84.87]
[190738.322, 1, 0.0, 1, 85.075]
[188476.7038, 1, 0.0, 1, 81.995]
[186687.7971, 1, 0.0, 1, 82.233]
[190738.322, 1, 0.0, 1, 85.498]
[188476.7038, 1, 0.0, 1, 81.784]
[186687.7971, 1, 0.0, 1, 82.095]
[189420.63872, 1, 0.0, 1, 109.417]
[190738.322, 1, 0.0, 1, 85.402]
[188476.7038, 1, 0.0, 1, 82.094]
[186687.7971, 1, 0.0, 1, 82.566]
[187619.15825, 1, 0.0, 1, 83.012]
[189420.63872, 1, 0.0, 1, 108.83]
[188476.7038, 1, 0.0, 1, 81.906]
[187794.27022, 1, 0.0, 1, 84.551]
[188476.7038, 1, 0.0, 1, 81.607]
[186687.7971, 1, 0.0, 1, 82.336]
[187794.27022, 1, 0.0, 1, 84.921]
[188476.7038, 1, 0.0, 1, 81.679]
[186687.7971, 1, 0.0, 1, 82.206]
[187794.27022, 1, 0.0, 1, 85.139]
[188476.7038, 1, 0.0, 1, 81.841]
[186687.7971, 1, 0.0, 1, 82.426]
[187794.27022, 1, 0.0, 1, 84.317]
[188476.7038, 1, 0.0, 1, 81.573]
[186687.7971, 1, 0.0, 1, 82.336]
[187794.27022, 1, 0.0, 1, 84.626]
[188476.7038, 1, 0.0, 1, 81.61]
[186687.7971, 1, 0.0, 1, 82.665]
[187794.27022, 1, 0.0, 1, 84.893]
[190738.322, 1, 0.0, 1, 85.1]
[186687.7971, 1, 0.0, 1, 82.155]
[187619.15825, 1, 0.0, 1, 82.821]
[187794.27022, 1, 0.0, 1, 84.605]
[188476.7038, 1, 0.0, 1, 81.591]
[186687.7971, 1, 0.0, 1, 82.412]
[187619.15825, 1, 0.0, 1, 82.888]
[187794.27022, 1, 0.0, 1, 84.704]
[188476.7038, 1, 0.0, 1, 81.822]
[186687.7971, 1, 0.0, 1, 82.207]
[187619.15825, 1, 0.0, 1, 83.02]
[187794.27022, 1, 0.0, 1, 85.01]
[188476.7038, 1, 0.0, 1, 81.69]
[186687.7971, 1, 0.0, 1, 82.528]
[187619.15825, 1, 0.0, 1, 82.847]
[187409.5485, 1, 0.0, 1, 84.676]
[188476.7038, 1, 0.0, 1, 81.751]
[186687.7971, 1, 0.0, 1, 82.28]
[187619.15825, 1, 0.0, 1, 83.181]
[187409.5485, 1, 0.0, 1, 84.785]
[186687.7971, 1, 0.0, 1, 82.304]
[187619.15825, 1, 0.0, 1, 82.847]
[189420.63872, 1, 0.0, 1, 110.845]
[186687.7971, 1, 0.0, 1, 82.264]
[187409.5485, 1, 0.0, 1, 85.136]
[186687.7971, 1, 0.0, 1, 82.34]
[187409.5485, 1, 0.0, 1, 84.864]
[186687.7971, 1, 0.0, 1, 82.201]
[189420.63872, 1, 0.0, 1, 110.733]
[187619.15825, 1, 0.0, 1, 83.436]
[187409.5485, 1, 0.0, 1, 84.613]
[186687.7971, 1, 0.0, 1, 82.64]
[187619.15825, 1, 0.0, 1, 83.279]
[187409.5485, 1, 0.0, 1, 85.049]
[186687.7971, 1, 0.0, 1, 82.787]
[187619.15825, 1, 0.0, 1, 82.954]
[187409.5485, 1, 0.0, 1, 85.005]
[186687.7971, 1, 0.0, 1, 82.421]
[187619.15825, 1, 0.0, 1, 82.938]
[187409.5485, 1, 0.0, 1, 84.622]
[186687.7971, 1, 0.0, 1, 82.167]
[187619.15825, 1, 0.0, 1, 83.359]
[187409.5485, 1, 0.0, 1, 85.073]
[186687.7971, 1, 0.0, 1, 82.5]
[187619.15825, 1, 0.0, 1, 83.757]
[187409.5485, 1, 0.0, 1, 84.616]
[186687.7971, 1, 0.0, 1, 82.469]
[187619.15825, 1, 0.0, 1, 83.061]
[186687.7971, 1, 0.0, 1, 82.396]
[187619.15825, 1, 0.0, 1, 83.032]
[187409.5485, 1, 0.0, 1, 84.689]
[186687.7971, 1, 0.0, 1, 82.517]
[189420.63872, 1, 0.0, 1, 111.445]
[187619.15825, 1, 0.0, 1, 83.233]
[187409.5485, 1, 0.0, 1, 84.976]
[186687.7971, 1, 0.0, 1, 82.392]
[187619.15825, 1, 0.0, 1, 83.284]
[189420.63872, 1, 0.0, 1, 112.011]
[186687.7971, 1, 0.0, 1, 82.656]
[187619.15825, 1, 0.0, 1, 83.295]
[189420.63872, 1, 0.0, 1, 111.901]
[187619.15825, 1, 0.0, 1, 82.817]
[186687.7971, 1, 0.0, 1, 82.445]
[187619.15825, 1, 0.0, 1, 82.893]
[186687.7971, 1, 0.0, 1, 82.382]
[187619.15825, 1, 0.0, 1, 83.173]
[189420.63872, 1, 0.0, 1, 111.975]
[186687.7971, 1, 0.0, 1, 82.54]
[187619.15825, 1, 0.0, 1, 82.877]
[186687.7971, 1, 0.0, 1, 82.762]
[189420.63872, 1, 0.0, 1, 112.122]
[187619.15825, 1, 0.0, 1, 82.931]
[187409.5485, 1, 0.0, 1, 85.134]
[187619.15825, 1, 0.0, 1, 82.407]
[187409.5485, 1, 0.0, 1, 84.864]
[187619.15825, 1, 0.0, 1, 82.755]
[187409.5485, 1, 0.0, 1, 84.988]
[187619.15825, 1, 0.0, 1, 82.376]
[186687.7971, 1, 0.0, 1, 82.605]
[189420.63872, 1, 0.0, 1, 111.402]
[187619.15825, 1, 0.0, 1, 82.568]
[186687.7971, 1, 0.0, 1, 82.537]
[187409.5485, 1, 0.0, 1, 84.53]
[187619.15825, 1, 0.0, 1, 82.754]
[186687.7971, 1, 0.0, 1, 82.712]
[187409.5485, 1, 0.0, 1, 84.966]
[187619.15825, 1, 0.0, 1, 82.871]
[186687.7971, 1, 0.0, 1, 82.54]
[187409.5485, 1, 0.0, 1, 84.961]
[187619.15825, 1, 0.0, 1, 82.447]
[186687.7971, 1, 0.0, 1, 83.236]
[187409.5485, 1, 0.0, 1, 85.233]
[187619.15825, 1, 0.0, 1, 82.493]
[186687.7971, 1, 0.0, 1, 82.626]
[187409.5485, 1, 0.0, 1, 84.953]
[189420.63872, 1, 0.0, 1, 111.69]
[186687.7971, 1, 0.0, 1, 82.963]
[187619.15825, 1, 0.0, 1, 82.992]
[186687.7971, 1, 0.0, 1, 82.515]
[187619.15825, 1, 0.0, 1, 82.531]
[186687.7971, 1, 0.0, 1, 83.197]
[189420.63872, 1, 0.0, 1, 111.02]
[187619.15825, 1, 0.0, 1, 82.489]
[186687.7971, 1, 0.0, 1, 82.706]
[189420.63872, 1, 0.0, 1, 111.98]
[186687.7971, 1, 0.0, 1, 82.845]
[187619.15825, 1, 0.0, 1, 82.545]
[186687.7971, 1, 0.0, 1, 82.645]
[187619.15825, 1, 0.0, 1, 82.557]
[186687.7971, 1, 0.0, 1, 82.924]
[187619.15825, 1, 0.0, 1, 82.647]
[186687.7971, 1, 0.0, 1, 82.725]
[187409.5485, 1, 0.0, 1, 85.091]
[189420.63872, 1, 0.0, 1, 111.066]
[186687.7971, 1, 0.0, 1, 82.882]
[187619.15825, 1, 0.0, 1, 82.483]
[186687.7971, 1, 0.0, 1, 82.56]
[187619.15825, 1, 0.0, 1, 82.424]
[186687.7971, 1, 0.0, 1, 82.982]
[187619.15825, 1, 0.0, 1, 82.792]
[186687.7971, 1, 0.0, 1, 82.675]
[187619.15825, 1, 0.0, 1, 82.681]
[189420.63872, 1, 0.0, 1, 110.525]
[186687.7971, 1, 0.0, 1, 82.836]
[187409.5485, 1, 0.0, 1, 84.76]
[186687.7971, 1, 0.0, 1, 82.762]
[187409.5485, 1, 0.0, 1, 85.292]
[186687.7971, 1, 0.0, 1, 82.659]
[189420.63872, 1, 0.0, 1, 110.864]
[187409.5485, 1, 0.0, 1, 84.845]
[186687.7971, 1, 0.0, 1, 82.648]
[187619.15825, 1, 0.0, 1, 82.62]
[189420.63872, 1, 0.0, 1, 110.528]
[186687.7971, 1, 0.0, 1, 82.693]
[187619.15825, 1, 0.0, 1, 82.855]
[187409.5485, 1, 0.0, 1, 85.217]
[186687.7971, 1, 0.0, 1, 82.444]
[187619.15825, 1, 0.0, 1, 82.865]
[187409.5485, 1, 0.0, 1, 85.015]
[186687.7971, 1, 0.0, 1, 82.414]
[189420.63872, 1, 0.0, 1, 110.566]
[187619.15825, 1, 0.0, 1, 82.687]
[187409.5485, 1, 0.0, 1, 84.78]
[186687.7971, 1, 0.0, 1, 82.757]