[191679.9356, 18, 13625.97258, 21, 4447.508]
[195160.1467, 7, 14218.83959, 21, 4640.249]
[191679.9356, 1, 0.0, 1, 269.972]
[195160.1467, 1, 0.0, 1, 248.167]
[191679.9356, 1, 0.0, 1, 253.463]
[195160.1467, 1, 0.0, 1, 228.38]
[191679.9356, 1, 0.0, 1, 277.686]
[195160.1467, 1, 0.0, 1, 245.34]
[191679.9356, 1, 0.0, 1, 232.653]
[195160.1467, 1, 0.0, 1, 261.535]
[191679.9356, 1, 0.0, 1, 273.67]
[195160.1467, 1, 0.0, 1, 247.325]
[191679.9356, 1, 0.0, 1, 253.707]
[195823.05747, 11, 10549.04637, 29, 6140.246]
[191679.9356, 1, 0.0, 1, 260.618]
[195160.1467, 1, 0.0, 1, 262.568]
[191679.9356, 1, 0.0, 1, 236.485]
[195823.05747, 1, 0.0, 1, 238.872]
[195160.1467, 1, 0.0, 1, 257.36]
[191679.9356, 1, 0.0, 1, 272.47]
[195160.1467, 1, 0.0, 1, 252.141]
[191679.9356, 1, 0.0, 1, 261.416]
[195823.05747, 1, 0.0, 1, 244.421]
[195160.1467, 1, 0.0, 1, 263.697]
[191679.9356, 1, 0.0, 1, 270.139]
[195823.05747, 1, 0.0, 1, 268.493]
[191679.9356, 1, 0.0, 1, 224.29]
[195160.1467, 1, 0.0, 1, 242.879]
[195823.05747, 1, 0.0, 1, 286.491]
[191679.9356, 1, 0.0, 1, 258.388]
[195160.1467, 1, 0.0, 1, 269.323]
[195823.05747, 1, 0.0, 1, 237.795]
[191679.9356, 1, 0.0, 1, 269.869]
[195160.1467, 1, 0.0, 1, 235.527]
[195823.05747, 1, 0.0, 1, 247.144]
[191340.5, 16, 12525.4814, 40, 8345.105]
[191679.9356, 1, 0.0, 1, 282.528]
[195160.1467, 1, 0.0, 1, 249.28]
[195823.05747, 1, 0.0, 1, 259.797]
[191679.9356, 1, 0.0, 1, 245.164]
[191340.5, 1, 0.0, 1, 325.596]
[195823.05747, 1, 0.0, 1, 254.634]
[191679.9356, 1, 0.0, 1, 266.074]
[191340.5, 1, 0.0, 1, 252.879]
[195160.1467, 1, 0.0, 1, 253.481]
[195699.6856, 22, 11914.47829, 42, 9031.371]
[191679.9356, 1, 0.0, 1, 243.695]
[191340.5, 1, 0.0, 1, 236.913]
[195823.05747, 1, 0.0, 1, 274.252]
[195699.6856, 1, 0.0, 1, 250.304]
[191679.9356, 1, 0.0, 1, 261.787]
[191340.5, 1, 0.0, 1, 246.2]
[195160.1467, 1, 0.0, 1, 238.315]
[195823.05747, 1, 0.0, 1, 281.623]
[195699.6856, 1, 0.0, 1, 295.687]
[191679.9356, 1, 0.0, 1, 281.673]
[195160.1467, 1, 0.0, 1, 260.544]
[195823.05747, 1, 0.0, 1, 237.7]
[191340.5, 1, 0.0, 1, 223.346]
[195063.49933, 25, 11385.77153, 45, 9905.829]
[195823.05747, 1, 0.0, 1, 239.952]
[195699.6856, 1, 0.0, 1, 240.136]
[191340.5, 1, 0.0, 1, 238.973]
[195063.49933, 1, 0.0, 1, 261.693]
[195160.1467, 1, 0.0, 1, 236.57]
[195823.05747, 1, 0.0, 1, 260.514]
[191340.5, 1, 0.0, 1, 250.804]
[191679.9356, 1, 0.0, 1, 240.932]
[195160.1467, 1, 0.0, 1, 260.345]
[195823.05747, 1, 0.0, 1, 223.552]
[195699.6856, 1, 0.0, 1, 227.013]
[191340.5, 1, 0.0, 1, 249.46]
[191679.9356, 1, 0.0, 1, 262.444]
[195160.1467, 1, 0.0, 1, 248.295]
[195063.49933, 1, 0.0, 1, 280.063]
[195699.6856, 1, 0.0, 1, 244.163]
[191340.5, 1, 0.0, 1, 272.256]
[191679.9356, 1, 0.0, 1, 260.203]
[195160.1467, 1, 0.0, 1, 249.85]
[195063.49933, 1, 0.0, 1, 253.079]
[195823.05747, 1, 0.0, 1, 277.037]
[195699.6856, 1, 0.0, 1, 240.299]
[191340.5, 1, 0.0, 1, 264.076]
[191679.9356, 1, 0.0, 1, 258.898]
[195160.1467, 1, 0.0, 1, 271.723]
[195823.05747, 1, 0.0, 1, 267.365]
[195699.6856, 1, 0.0, 1, 236.845]
[191679.9356, 1, 0.0, 1, 231.771]
[191340.5, 1, 0.0, 1, 285.475]
[195160.1467, 1, 0.0, 1, 247.581]
[195063.49933, 1, 0.0, 1, 237.63]
[195823.05747, 1, 0.0, 1, 282.996]
[195699.6856, 1, 0.0, 1, 277.154]
[191679.9356, 1, 0.0, 1, 237.266]
[191340.5, 1, 0.0, 1, 250.782]
[195160.1467, 1, 0.0, 1, 249.852]
[195063.49933, 1, 0.0, 1, 272.612]
[195823.05747, 1, 0.0, 1, 274.583]
[191679.9356, 1, 0.0, 1, 274.283]
[191340.5, 1, 0.0, 1, 264.809]
[195160.1467, 1, 0.0, 1, 242.907]
[195699.6856, 1, 0.0, 1, 237.521]
[195823.05747, 1, 0.0, 1, 259.92]
[191679.9356, 1, 0.0, 1, 254.584]
[195160.1467, 1, 0.0, 1, 261.557]
[195063.49933, 1, 0.0, 1, 250.795]
[195823.05747, 1, 0.0, 1, 254.053]
[191679.9356, 1, 0.0, 1, 235.171]
[191340.5, 1, 0.0, 1, 219.326]
[195160.1467, 1, 0.0, 1, 271.77]
[195063.49933, 1, 0.0, 1, 247.01]
[195823.05747, 1, 0.0, 1, 254.376]
[195699.6856, 1, 0.0, 1, 270.419]
[191679.9356, 1, 0.0, 1, 268.773]
[191340.5, 1, 0.0, 1, 266.548]
[195160.1467, 1, 0.0, 1, 263.56]
[195063.49933, 1, 0.0, 1, 299.825]
[195699.6856, 1, 0.0, 1, 248.31]
[191679.9356, 1, 0.0, 1, 238.299]
[191340.5, 1, 0.0, 1, 263.279]
[195160.1467, 1, 0.0, 1, 271.399]
[195063.49933, 1, 0.0, 1, 253.103]
[195699.6856, 1, 0.0, 1, 258.496]
[191679.9356, 1, 0.0, 1, 239.572]
[191340.5, 1, 0.0, 1, 269.319]
[195160.1467, 1, 0.0, 1, 263.703]
[195063.49933, 1, 0.0, 1, 266.688]
[191679.9356, 1, 0.0, 1, 239.655]
[191340.5, 1, 0.0, 1, 273.462]
[195160.1467, 1, 0.0, 1, 275.99]
[195063.49933, 1, 0.0, 1, 242.215]
[195823.05747, 1, 0.0, 1, 239.008]
[195699.6856, 1, 0.0, 1, 280.938]
[191679.9356, 1, 0.0, 1, 261.723]
[191340.5, 1, 0.0, 1, 226.489]
[195160.1467, 1, 0.0, 1, 258.009]
[195063.49933, 1, 0.0, 1, 242.049]
[195699.6856, 1, 0.0, 1, 248.586]
[191679.9356, 1, 0.0, 1, 247.627]
[191340.5, 1, 0.0, 1, 248.94]
[195160.1467, 1, 0.0, 1, 252.096]
[195063.49933, 1, 0.0, 1, 267.787]
[195699.6856, 1, 0.0, 1, 248.462]
[191340.5, 1, 0.0, 1, 263.683]
[195160.1467, 1, 0.0, 1, 232.905]
[195063.49933, 1, 0.0, 1, 277.727]
[191340.5, 1, 0.0, 1, 261.647]
[195160.1467, 1, 0.0, 1, 222.694]
[191679.9356, 1, 0.0, 1, 234.648]
[195823.05747, 1, 0.0, 1, 250.702]
[195699.6856, 1, 0.0, 1, 262.645]
[195160.1467, 1, 0.0, 1, 259.086]
[191679.9356, 1, 0.0, 1, 214.56]
[195823.05747, 1, 0.0, 1, 258.819]
[195063.49933, 1, 0.0, 1, 297.612]
[191340.5, 1, 0.0, 1, 243.143]
[195160.1467, 1, 0.0, 1, 265.57]
[191679.9356, 1, 0.0, 1, 238.376]
[195823.05747, 1, 0.0, 1, 256.222]
[195699.6856, 1, 0.0, 1, 241.099]
[195063.49933, 1, 0.0, 1, 257.508]
[191340.5, 1, 0.0, 1, 262.235]
[191679.9356, 1, 0.0, 1, 244.293]
[195699.6856, 1, 0.0, 1, 254.389]
[195063.49933, 1, 0.0, 1, 264.064]
[191679.9356, 1, 0.0, 1, 256.909]
[195699.6856, 1, 0.0, 1, 258.463]
[195823.05747, 1, 0.0, 1, 256.03]
[195063.49933, 1, 0.0, 1, 272.512]
[191340.5, 1, 0.0, 1, 228.436]
[195160.1467, 1, 0.0, 1, 264.455]
[195823.05747, 1, 0.0, 1, 228.866]
[195699.6856, 1, 0.0, 1, 282.687]
[195063.49933, 1, 0.0, 1, 276.834]
[191679.9356, 1, 0.0, 1, 256.135]
[195160.1467, 1, 0.0, 1, 243.774]
[195823.05747, 1, 0.0, 1, 276.558]
[195699.6856, 1, 0.0, 1, 278.008]
[195063.49933, 1, 0.0, 1, 275.149]
[191679.9356, 1, 0.0, 1, 268.435]
[195160.1467, 1, 0.0, 1, 281.073]
[195823.05747, 1, 0.0, 1, 246.519]
[195699.6856, 1, 0.0, 1, 230.974]
[195063.49933, 1, 0.0, 1, 254.356]
[191679.9356, 1, 0.0, 1, 238.706]
[191340.5, 1, 0.0, 1, 261.504]
[195160.1467, 1, 0.0, 1, 245.449]
[195823.05747, 1, 0.0, 1, 254.56]
[195699.6856, 1, 0.0, 1, 248.254]
[195063.49933, 1, 0.0, 1, 262.288]
[191679.9356, 1, 0.0, 1, 250.161]
[191340.5, 1, 0.0, 1, 258.967]
[195160.1467, 1, 0.0, 1, 254.767]
[195699.6856, 1, 0.0, 1, 223.318]
[195823.05747, 1, 0.0, 1, 268.079]
[191679.9356, 1, 0.0, 1, 228.452]
[195063.49933, 1, 0.0, 1, 267.907]
[195160.1467, 1, 0.0, 1, 240.788]
[195699.6856, 1, 0.0, 1, 274.329]
[195823.05747, 1, 0.0, 1, 276.648]
[191679.9356, 1, 0.0, 1, 224.798]
[195063.49933, 1, 0.0, 1, 247.842]
[195160.1467, 1, 0.0, 1, 250.923]
[191340.5, 1, 0.0, 1, 270.312]
[195823.05747, 1, 0.0, 1, 270.255]
[195063.49933, 1, 0.0, 1, 250.498]
[195160.1467, 1, 0.0, 1, 244.905]
[191340.5, 1, 0.0, 1, 263.253]
[191679.9356, 1, 0.0, 1, 239.262]
[195699.6856, 1, 0.0, 1, 250.421]
[195823.05747, 1, 0.0, 1, 259.889]
[195063.49933, 1, 0.0, 1, 267.202]
[195160.1467, 1, 0.0, 1, 261.899]
[191340.5, 1, 0.0, 1, 267.569]
[191679.9356, 1, 0.0, 1, 238.49]
[195699.6856, 1, 0.0, 1, 272.272]
[195823.05747, 1, 0.0, 1, 294.863]
[195160.1467, 1, 0.0, 1, 234.436]
[191340.5, 1, 0.0, 1, 266.299]
[191679.9356, 1, 0.0, 1, 286.587]
[195699.6856, 1, 0.0, 1, 246.256]
[195823.05747, 1, 0.0, 1, 260.136]
[195160.1467, 1, 0.0, 1, 276.964]
[191340.5, 1, 0.0, 1, 283.827]
[191679.9356, 1, 0.0, 1, 253.487]
[195699.6856, 1, 0.0, 1, 264.135]
[195823.05747, 1, 0.0, 1, 270.263]
[195160.1467, 1, 0.0, 1, 261.771]
[191340.5, 1, 0.0, 1, 237.468]
[191679.9356, 1, 0.0, 1, 230.763]
[195699.6856, 1, 0.0, 1, 256.69]
[195823.05747, 1, 0.0, 1, 269.171]
[195160.1467, 1, 0.0, 1, 280.269]
[191340.5, 1, 0.0, 1, 252.203]
[191679.9356, 1, 0.0, 1, 269.98]
[195699.6856, 1, 0.0, 1, 254.393]
[195823.05747, 1, 0.0, 1, 245.28]
[191340.5, 1, 0.0, 1, 257.338]
[191679.9356, 1, 0.0, 1, 265.163]
[195699.6856, 1, 0.0, 1, 272.321]
[195823.05747, 1, 0.0, 1, 282.374]
[195160.1467, 1, 0.0, 1, 249.497]
[191679.9356, 1, 0.0, 1, 250.132]
[195699.6856, 1, 0.0, 1, 239.829]
[195063.49933, 1, 0.0, 1, 241.831]
[195823.05747, 1, 0.0, 1, 246.493]
[191340.5, 1, 0.0, 1, 263.536]
[191679.9356, 1, 0.0, 1, 249.056]
[195699.6856, 1, 0.0, 1, 259.71]
[195823.05747, 1, 0.0, 1, 255.667]
[191340.5, 1, 0.0, 1, 239.383]
[191679.9356, 1, 0.0, 1, 241.061]
[195699.6856, 1, 0.0, 1, 251.665]
[195063.49933, 1, 0.0, 1, 241.252]
[195823.05747, 1, 0.0, 1, 271.716]
[191340.5, 1, 0.0, 1, 247.991]
[191679.9356, 1, 0.0, 1, 267.968]
[195699.6856, 1, 0.0, 1, 253.082]
[195063.49933, 1, 0.0, 1, 287.783]
[191340.5, 1, 0.0, 1, 268.214]
[191679.9356, 1, 0.0, 1, 244.82]
[195699.6856, 1, 0.0, 1, 247.985]
[195160.1467, 1, 0.0, 1, 264.361]
[195823.05747, 1, 0.0, 1, 304.489]
[191679.9356, 1, 0.0, 1, 239.048]
[195699.6856, 1, 0.0, 1, 273.721]
[195160.1467, 1, 0.0, 1, 262.865]
[191340.5, 1, 0.0, 1, 275.629]
[191679.9356, 1, 0.0, 1, 245.833]
[191483.03051, 11, 11821.76811, 14, 3234.303]
[191483.03051, 1, 0.0, 1, 280.401]
[191483.03051, 1, 0.0, 1, 256.305]
[191483.03051, 1, 0.0, 1, 267.138]
[191483.03051, 1, 0.0, 1, 275.296]
[191946.27633, 19, 13435.41335, 20, 4348.368]
[191483.03051, 1, 0.0, 1, 283.521]
[191946.27633, 1, 0.0, 1, 251.61]
[191946.27633, 1, 0.0, 1, 227.257]
[191483.03051, 1, 0.0, 1, 275.417]
[191946.27633, 1, 0.0, 1, 239.687]
[191483.03051, 1, 0.0, 1, 269.969]
[191946.27633, 1, 0.0, 1, 257.2]
[191483.03051, 1, 0.0, 1, 283.074]
[191946.27633, 1, 0.0, 1, 277.746]
[191483.03051, 1, 0.0, 1, 282.761]
[191225.87822, 18, 8765.7076, 25, 5764.472]
[191946.27633, 1, 0.0, 1, 239.499]
[191483.03051, 1, 0.0, 1, 271.118]
[191225.87822, 1, 0.0, 1, 286.377]
[191946.27633, 1, 0.0, 1, 251.445]
[191483.03051, 1, 0.0, 1, 271.352]
[191225.87822, 1, 0.0, 1, 261.582]
[191946.27633, 1, 0.0, 1, 254.833]
[191483.03051, 1, 0.0, 1, 288.246]
[191225.87822, 1, 0.0, 1, 262.816]
[191946.27633, 1, 0.0, 1, 260.549]
[191483.03051, 1, 0.0, 1, 290.367]
[191946.27633, 1, 0.0, 1, 273.741]
[191758.60412, 17, 6597.91332, 31, 6985.376]
[191483.03051, 1, 0.0, 1, 248.878]
[191946.27633, 1, 0.0, 1, 260.589]
[191758.60412, 1, 0.0, 1, 291.424]
[191483.03051, 1, 0.0, 1, 265.665]
[191946.27633, 1, 0.0, 1, 236.45]
[191758.60412, 1, 0.0, 1, 274.547]
[191225.87822, 1, 0.0, 1, 294.052]
[191483.03051, 1, 0.0, 1, 303.094]
[191946.27633, 1, 0.0, 1, 266.23]
[191758.60412, 1, 0.0, 1, 278.448]
[191483.03051, 1, 0.0, 1, 260.107]
[191946.27633, 1, 0.0, 1, 245.512]
[191758.60412, 1, 0.0, 1, 274.282]
[191946.27633, 1, 0.0, 1, 248.566]
[191483.03051, 1, 0.0, 1, 278.779]
[191758.60412, 1, 0.0, 1, 258.906]
[191946.27633, 1, 0.0, 1, 266.135]
[191225.87822, 1, 0.0, 1, 297.893]
[191758.60412, 1, 0.0, 1, 286.278]
[191946.27633, 1, 0.0, 1, 244.848]
[191483.03051, 1, 0.0, 1, 258.29]
[191225.87822, 1, 0.0, 1, 258.618]
[191758.60412, 1, 0.0, 1, 256.964]
[191946.27633, 1, 0.0, 1, 264.538]
[191225.87822, 1, 0.0, 1, 273.632]
[191758.60412, 1, 0.0, 1, 234.412]
[191946.27633, 1, 0.0, 1, 267.379]
[191225.87822, 1, 0.0, 1, 265.558]
[191758.60412, 1, 0.0, 1, 269.912]
[184572.49542, 12, 7044.17865, 42, 9446.992]
[191946.27633, 1, 0.0, 1, 254.66]
[191483.03051, 1, 0.0, 1, 249.807]
[191758.60412, 1, 0.0, 1, 264.111]
[184572.49542, 1, 0.0, 1, 260.482]
[191946.27633, 1, 0.0, 1, 239.119]
[191483.03051, 1, 0.0, 1, 257.605]
[184572.49542, 1, 0.0, 1, 231.824]
[191946.27633, 1, 0.0, 1, 260.597]
[191483.03051, 1, 0.0, 1, 261.782]
[184572.49542, 1, 0.0, 1, 269.796]
[191946.27633, 1, 0.0, 1, 250.879]
[191225.87822, 1, 0.0, 1, 269.188]
[184572.49542, 1, 0.0, 1, 270.447]
[191946.27633, 1, 0.0, 1, 283.913]
[191483.03051, 1, 0.0, 1, 245.232]
[191225.87822, 1, 0.0, 1, 284.907]
[184572.49542, 1, 0.0, 1, 266.321]
[191946.27633, 1, 0.0, 1, 254.262]
[191483.03051, 1, 0.0, 1, 256.68]
[191225.87822, 1, 0.0, 1, 271.417]
[191946.27633, 1, 0.0, 1, 247.781]
[191483.03051, 1, 0.0, 1, 284.245]
[191225.87822, 1, 0.0, 1, 278.181]
[191946.27633, 1, 0.0, 1, 251.119]
[191758.60412, 1, 0.0, 1, 292.1]
[191483.03051, 1, 0.0, 1, 249.396]
[191225.87822, 1, 0.0, 1, 275.278]
[191946.27633, 1, 0.0, 1, 239.518]
[184572.49542, 1, 0.0, 1, 266.787]
[191758.60412, 1, 0.0, 1, 261.253]
[191483.03051, 1, 0.0, 1, 269.384]
[191225.87822, 1, 0.0, 1, 267.306]
[191946.27633, 1, 0.0, 1, 254.677]
[191758.60412, 1, 0.0, 1, 245.5]
[191483.03051, 1, 0.0, 1, 259.831]
[191225.87822, 1, 0.0, 1, 273.025]
[191946.27633, 1, 0.0, 1, 244.415]
[184572.49542, 1, 0.0, 1, 268.453]
[191483.03051, 1, 0.0, 1, 281.621]
[191225.87822, 1, 0.0, 1, 259.479]
[191946.27633, 1, 0.0, 1, 284.46]
[191758.60412, 1, 0.0, 1, 252.218]
[184572.49542, 1, 0.0, 1, 281.204]
[191483.03051, 1, 0.0, 1, 245.542]
[191225.87822, 1, 0.0, 1, 268.685]
[191758.60412, 1, 0.0, 1, 242.617]
[184572.49542, 1, 0.0, 1, 260.257]
[191483.03051, 1, 0.0, 1, 281.717]
[191946.27633, 1, 0.0, 1, 253.285]
[191758.60412, 1, 0.0, 1, 264.407]
[184572.49542, 1, 0.0, 1, 268.767]
[191483.03051, 1, 0.0, 1, 272.019]
[191946.27633, 1, 0.0, 1, 233.827]
[191225.87822, 1, 0.0, 1, 264.017]
[191758.60412, 1, 0.0, 1, 274.2]
[184572.49542, 1, 0.0, 1, 293.339]
[191483.03051, 1, 0.0, 1, 252.549]
[191946.27633, 1, 0.0, 1, 250.222]
[191225.87822, 1, 0.0, 1, 245.709]
[191758.60412, 1, 0.0, 1, 289.726]
[191483.03051, 1, 0.0, 1, 256.872]
[191946.27633, 1, 0.0, 1, 260.462]
[191225.87822, 1, 0.0, 1, 279.419]
[184572.49542, 1, 0.0, 1, 248.843]
[191483.03051, 1, 0.0, 1, 263.923]
[191946.27633, 1, 0.0, 1, 251.802]
[191225.87822, 1, 0.0, 1, 272.021]
[191758.60412, 1, 0.0, 1, 283.543]
[191483.03051, 1, 0.0, 1, 277.982]
[191946.27633, 1, 0.0, 1, 248.796]
[191225.87822, 1, 0.0, 1, 250.99]
[191758.60412, 1, 0.0, 1, 269.511]
[191483.03051, 1, 0.0, 1, 246.297]
[191946.27633, 1, 0.0, 1, 240.189]
[191225.87822, 1, 0.0, 1, 245.379]
[191758.60412, 1, 0.0, 1, 242.635]
[191946.27633, 1, 0.0, 1, 280.01]
[191225.87822, 1, 0.0, 1, 233.425]
[191758.60412, 1, 0.0, 1, 269.852]
[191946.27633, 1, 0.0, 1, 250.422]
[191225.87822, 1, 0.0, 1, 258.225]
[184572.49542, 1, 0.0, 1, 242.754]
[191758.60412, 1, 0.0, 1, 267.495]
[191946.27633, 1, 0.0, 1, 271.768]
[191225.87822, 1, 0.0, 1, 275.587]
[184572.49542, 1, 0.0, 1, 274.062]
[191483.03051, 1, 0.0, 1, 249.426]
[191225.87822, 1, 0.0, 1, 269.473]
[184572.49542, 1, 0.0, 1, 274.739]
[191946.27633, 1, 0.0, 1, 235.173]
[191483.03051, 1, 0.0, 1, 254.345]
[191225.87822, 1, 0.0, 1, 261.74]
[184572.49542, 1, 0.0, 1, 242.826]
[191946.27633, 1, 0.0, 1, 250.623]
[191483.03051, 1, 0.0, 1, 284.324]
[191225.87822, 1, 0.0, 1, 258.083]
[191946.27633, 1, 0.0, 1, 233.282]
[184572.49542, 1, 0.0, 1, 301.112]
[191758.60412, 1, 0.0, 1, 284.162]
[191225.87822, 1, 0.0, 1, 247.102]
[191946.27633, 1, 0.0, 1, 227.175]
[184572.49542, 1, 0.0, 1, 277.103]
[191483.03051, 1, 0.0, 1, 264.132]
[191225.87822, 1, 0.0, 1, 263.537]
[191946.27633, 1, 0.0, 1, 299.348]
[191225.87822, 1, 0.0, 1, 253.393]
[191946.27633, 1, 0.0, 1, 269.063]
[191758.60412, 1, 0.0, 1, 261.605]
[191483.03051, 1, 0.0, 1, 276.751]
[191225.87822, 1, 0.0, 1, 283.556]
[191946.27633, 1, 0.0, 1, 270.421]
[184572.49542, 1, 0.0, 1, 240.282]
[191483.03051, 1, 0.0, 1, 253.618]
[191225.87822, 1, 0.0, 1, 260.759]
[191758.60412, 1, 0.0, 1, 294.603]
[191758.60412, 1, 0.0, 1, 247.268]
[191225.87822, 1, 0.0, 1, 277.845]
[191758.60412, 1, 0.0, 1, 232.593]
[191225.87822, 1, 0.0, 1, 266.143]
[191758.60412, 1, 0.0, 1, 267.137]
[191225.87822, 1, 0.0, 1, 275.581]
[191946.27633, 1, 0.0, 1, 260.158]
[184572.49542, 1, 0.0, 1, 273.56]
[191225.87822, 1, 0.0, 1, 275.235]
[191225.87822, 1, 0.0, 1, 269.972]
[191225.87822, 1, 0.0, 1, 263.163]
[191946.27633, 1, 0.0, 1, 259.641]
[191758.60412, 1, 0.0, 1, 258.335]
[191483.03051, 1, 0.0, 1, 249.207]
[191225.87822, 1, 0.0, 1, 273.363]
[191946.27633, 1, 0.0, 1, 236.312]
[191483.03051, 1, 0.0, 1, 248.812]
[184572.49542, 1, 0.0, 1, 305.515]
[191225.87822, 1, 0.0, 1, 228.955]
[191946.27633, 1, 0.0, 1, 281.897]
[191483.03051, 1, 0.0, 1, 280.103]
[191225.87822, 1, 0.0, 1, 268.338]
[191946.27633, 1, 0.0, 1, 232.245]
[191758.60412, 1, 0.0, 1, 293.551]
[191483.03051, 1, 0.0, 1, 246.957]
[184572.49542, 1, 0.0, 1, 281.151]
[191225.87822, 1, 0.0, 1, 261.902]
[191946.27633, 1, 0.0, 1, 232.461]
[191483.03051, 1, 0.0, 1, 268.204]
[191225.87822, 1, 0.0, 1, 288.413]
[191946.27633, 1, 0.0, 1, 246.051]
[184572.49542, 1, 0.0, 1, 266.249]
[191483.03051, 1, 0.0, 1, 279.976]
[191758.60412, 1, 0.0, 1, 306.506]
[191946.27633, 1, 0.0, 1, 250.85]
[184572.49542, 1, 0.0, 1, 276.352]
[191483.03051, 1, 0.0, 1, 264.596]
[191758.60412, 1, 0.0, 1, 297.613]
[191946.27633, 1, 0.0, 1, 243.838]
[184572.49542, 1, 0.0, 1, 267.542]
[191483.03051, 1, 0.0, 1, 268.546]
[191946.27633, 1, 0.0, 1, 249.738]
[191483.03051, 1, 0.0, 1, 275.855]
[191946.27633, 1, 0.0, 1, 241.292]
[191758.60412, 1, 0.0, 1, 306.189]
[191483.03051, 1, 0.0, 1, 246.048]
[184572.49542, 1, 0.0, 1, 276.774]
[191946.27633, 1, 0.0, 1, 251.532]
[191758.60412, 1, 0.0, 1, 284.162]
[184572.49542, 1, 0.0, 1, 268.092]
[191946.27633, 1, 0.0, 1, 273.197]
[191758.60412, 1, 0.0, 1, 252.912]
[184572.49542, 1, 0.0, 1, 273.397]
[191946.27633, 1, 0.0, 1, 253.065]
[191758.60412, 1, 0.0, 1, 271.054]
[191946.27633, 1, 0.0, 1, 257.573]
[191483.03051, 1, 0.0, 1, 294.34]
[191758.60412, 1, 0.0, 1, 265.726]
[191225.87822, 1, 0.0, 1, 234.093]
[184572.49542, 1, 0.0, 1, 251.323]
[191483.03051, 1, 0.0, 1, 269.274]
[191758.60412, 1, 0.0, 1, 260.049]
[191225.87822, 1, 0.0, 1, 280.579]
[191758.60412, 1, 0.0, 1, 243.918]
[184572.49542, 1, 0.0, 1, 255.962]
[191946.27633, 1, 0.0, 1, 272.381]
[191758.60412, 1, 0.0, 1, 247.67]
[191483.03051, 1, 0.0, 1, 276.654]
[191946.27633, 1, 0.0, 1, 245.595]
[191225.87822, 1, 0.0, 1, 268.403]
[191483.03051, 1, 0.0, 1, 262.55]
[191758.60412, 1, 0.0, 1, 288.224]
[191946.27633, 1, 0.0, 1, 259.472]
[184572.49542, 1, 0.0, 1, 279.874]
[191758.60412, 1, 0.0, 1, 253.602]
[191483.03051, 1, 0.0, 1, 304.846]
[191946.27633, 1, 0.0, 1, 256.421]
[184572.49542, 1, 0.0, 1, 255.7]
[191758.60412, 1, 0.0, 1, 226.695]
[191483.03051, 1, 0.0, 1, 266.114]
[191946.27633, 1, 0.0, 1, 248.399]
[191225.87822, 1, 0.0, 1, 283.645]
[184572.49542, 1, 0.0, 1, 300.473]
[191758.60412, 1, 0.0, 1, 287.25]
[191483.03051, 1, 0.0, 1, 253.678]
[191225.87822, 1, 0.0, 1, 254.673]
[191758.60412, 1, 0.0, 1, 239.857]
[191483.03051, 1, 0.0, 1, 240.472]
[191946.27633, 1, 0.0, 1, 271.382]
[191225.87822, 1, 0.0, 1, 271.228]
[184572.49542, 1, 0.0, 1, 294.018]
[191483.03051, 1, 0.0, 1, 287.335]
[191946.27633, 1, 0.0, 1, 240.84]
[191225.87822, 1, 0.0, 1, 279.933]
[191758.60412, 1, 0.0, 1, 252.859]
[184572.49542, 1, 0.0, 1, 282.109]
[191483.03051, 1, 0.0, 1, 275.632]
[191946.27633, 1, 0.0, 1, 254.155]
[191225.87822, 1, 0.0, 1, 255.464]
[191758.60412, 1, 0.0, 1, 279.919]
[184572.49542, 1, 0.0, 1, 261.05]
[191483.03051, 1, 0.0, 1, 260.98]
[191946.27633, 1, 0.0, 1, 275.207]
[191225.87822, 1, 0.0, 1, 276.602]
[191758.60412, 1, 0.0, 1, 265.114]
[184572.49542, 1, 0.0, 1, 310.143]
[191946.27633, 1, 0.0, 1, 252.191]
[191225.87822, 1, 0.0, 1, 254.014]
[191758.60412, 1, 0.0, 1, 245.965]
[184572.49542, 1, 0.0, 1, 239.061]
[191483.03051, 1, 0.0, 1, 266.38]
[191946.27633, 1, 0.0, 1, 262.943]
[191225.87822, 1, 0.0, 1, 263.843]
[191758.60412, 1, 0.0, 1, 248.951]
[191483.03051, 1, 0.0, 1, 266.617]
[191946.27633, 1, 0.0, 1, 263.133]
[191225.87822, 1, 0.0, 1, 262.559]
[184572.49542, 1, 0.0, 1, 265.694]
[191483.03051, 1, 0.0, 1, 279.426]
[191946.27633, 1, 0.0, 1, 269.103]
[191758.60412, 1, 0.0, 1, 285.172]
[184572.49542, 1, 0.0, 1, 250.047]
[191483.03051, 1, 0.0, 1, 270.908]
[191946.27633, 1, 0.0, 1, 270.51]
[191758.60412, 1, 0.0, 1, 244.088]
[191225.87822, 1, 0.0, 1, 296.348]
[184572.49542, 1, 0.0, 1, 247.109]
[191483.03051, 1, 0.0, 1, 274.806]
[191758.60412, 1, 0.0, 1, 234.915]
[191225.87822, 1, 0.0, 1, 278.271]
[184572.49542, 1, 0.0, 1, 245.773]
[191483.03051, 1, 0.0, 1, 261.247]
[191946.27633, 1, 0.0, 1, 248.364]
[191758.60412, 1, 0.0, 1, 276.426]
[184572.49542, 1, 0.0, 1, 263.596]
[191483.03051, 1, 0.0, 1, 282.01]
[191946.27633, 1, 0.0, 1, 294.504]
[191758.60412, 1, 0.0, 1, 277.121]
[184572.49542, 1, 0.0, 1, 277.339]
[191483.03051, 1, 0.0, 1, 256.524]
[191946.27633, 1, 0.0, 1, 236.171]
[191758.60412, 1, 0.0, 1, 255.273]
[191483.03051, 1, 0.0, 1, 249.627]
[191758.60412, 1, 0.0, 1, 256.415]
[191483.03051, 1, 0.0, 1, 297.406]
[191758.60412, 1, 0.0, 1, 298.893]
[191483.03051, 1, 0.0, 1, 287.092]
[191758.60412, 1, 0.0, 1, 250.271]
[191483.03051, 1, 0.0, 1, 261.423]
[191758.60412, 1, 0.0, 1, 268.703]
[191483.03051, 1, 0.0, 1, 275.26]
[191758.60412, 1, 0.0, 1, 250.818]
[191483.03051, 1, 0.0, 1, 233.547]
[191758.60412, 1, 0.0, 1, 287.797]
[191483.03051, 1, 0.0, 1, 228.034]
[191758.60412, 1, 0.0, 1, 281.053]
[191483.03051, 1, 0.0, 1, 263.841]
[191758.60412, 1, 0.0, 1, 252.531]
[191483.03051, 1, 0.0, 1, 267.502]
[191758.60412, 1, 0.0, 1, 272.457]
[191483.03051, 1, 0.0, 1, 283.084]
[191758.60412, 1, 0.0, 1, 287.437]
[191483.03051, 1, 0.0, 1, 283.667]
[191758.60412, 1, 0.0, 1, 260.358]
[191483.03051, 1, 0.0, 1, 252.271]
[191758.60412, 1, 0.0, 1, 260.998]
[191483.03051, 1, 0.0, 1, 290.699]
[191758.60412, 1, 0.0, 1, 254.194]
[191483.03051, 1, 0.0, 1, 266.868]
[191758.60412, 1, 0.0, 1, 230.488]
