[193105.8263, 3, 11448.40318, 9, 2645.082]
[193105.8263, 1, 0.0, 1, 263.395]
[193105.8263, 1, 0.0, 1, 254.357]
[193105.8263, 1, 0.0, 1, 275.378]
[193105.8263, 1, 0.0, 1, 269.818]
[192995.46712, 7, 10586.56625, 13, 3965.879]
[193105.8263, 1, 0.0, 1, 285.09]
[192995.46712, 1, 0.0, 1, 243.132]
[187908.0957, 1, 0.0, 1, 267.575]
[193105.8263, 1, 0.0, 1, 259.359]
[187908.0957, 1, 0.0, 1, 249.988]
[187868.7347, 8, 6785.4567, 15, 4515.74]
[192995.46712, 1, 0.0, 1, 269.575]
[187908.0957, 1, 0.0, 1, 280.117]
[187868.7347, 1, 0.0, 1, 267.864]
[189090.78835, 7, 6948.86052, 17, 4922.074]
[192995.46712, 1, 0.0, 1, 261.208]
[187908.0957, 1, 0.0, 1, 281.18]
[187868.7347, 1, 0.0, 1, 265.923]
[189090.78835, 1, 0.0, 1, 290.395]
[196141.22163, 7, 9135.85741, 18, 5213.457]
[192995.46712, 1, 0.0, 1, 285.978]
[187868.7347, 1, 0.0, 1, 277.133]
[189090.78835, 1, 0.0, 1, 247.943]
[196141.22163, 1, 0.0, 1, 256.858]
[192995.46712, 1, 0.0, 1, 219.493]
[187908.0957, 1, 0.0, 1, 273.164]
[187868.7347, 1, 0.0, 1, 285.153]
[196141.22163, 1, 0.0, 1, 221.622]
[190445.40293, 6, 10320.3873, 20, 5759.235]
[192995.46712, 1, 0.0, 1, 251.657]
[187908.0957, 1, 0.0, 1, 278.727]
[189090.78835, 1, 0.0, 1, 223.61]
[190445.40293, 1, 0.0, 1, 255.063]
[192995.46712, 1, 0.0, 1, 247.128]
[187908.0957, 1, 0.0, 1, 248.763]
[187868.7347, 1, 0.0, 1, 285.693]
[189090.78835, 1, 0.0, 1, 281.214]
[196141.22163, 1, 0.0, 1, 248.579]
[192995.46712, 1, 0.0, 1, 257.633]
[185781.226, 5, 10016.1624, 17, 6450.369]
[187908.0957, 1, 0.0, 1, 277.386]
[187868.7347, 1, 0.0, 1, 279.668]
[190445.40293, 1, 0.0, 1, 258.815]
[196141.22163, 1, 0.0, 1, 264.911]
[185781.226, 1, 0.0, 1, 348.067]
[187868.7347, 1, 0.0, 1, 278.014]
[190445.40293, 1, 0.0, 1, 258.824]
[196141.22163, 1, 0.0, 1, 268.389]
[187868.7347, 1, 0.0, 1, 281.104]
[196141.22163, 1, 0.0, 1, 248.341]
[194797.04455, 6, 15595.13155, 24, 7161.503]
[189090.78835, 1, 0.0, 1, 227.419]
[190445.40293, 1, 0.0, 1, 256.18]
[196141.22163, 1, 0.0, 1, 290.049]
[185781.226, 1, 0.0, 1, 340.053]
[194797.04455, 1, 0.0, 1, 277.816]
[190341.72828, 1, 0.0, 1, 239.757]
[196141.22163, 1, 0.0, 1, 257.667]
[185781.226, 1, 0.0, 1, 321.802]
[194797.04455, 1, 0.0, 1, 277.954]
[190445.40293, 1, 0.0, 1, 257.605]
[190341.72828, 1, 0.0, 1, 280.515]
[194797.04455, 1, 0.0, 1, 229.223]
[185781.226, 1, 0.0, 1, 349.608]
[190341.72828, 1, 0.0, 1, 267.119]
[194797.04455, 1, 0.0, 1, 263.152]
[191812.74052, 13, 10719.3231, 29, 8279.98]
[185781.226, 1, 0.0, 1, 310.814]
[190341.72828, 1, 0.0, 1, 264.372]
[194797.04455, 1, 0.0, 1, 243.776]
[191812.74052, 1, 0.0, 1, 234.685]
[190341.72828, 1, 0.0, 1, 248.751]
[185781.226, 1, 0.0, 1, 350.014]
[191812.74052, 1, 0.0, 1, 269.453]
[190341.72828, 1, 0.0, 1, 241.326]
[194797.04455, 1, 0.0, 1, 258.961]
[185781.226, 1, 0.0, 1, 313.972]
[191812.74052, 1, 0.0, 1, 288.643]
[190341.72828, 1, 0.0, 1, 268.613]
[194797.04455, 1, 0.0, 1, 280.48]
[191812.74052, 1, 0.0, 1, 254.366]
[185781.226, 1, 0.0, 1, 336.33]
[194797.04455, 1, 0.0, 1, 305.558]
[191812.74052, 1, 0.0, 1, 265.164]
[191812.74052, 1, 0.0, 1, 259.386]
[191812.74052, 1, 0.0, 1, 266.402]
[191812.74052, 1, 0.0, 1, 249.076]
[191812.74052, 1, 0.0, 1, 242.629]
[191102.001, 10, 12586.9875, 22, 6413.624]
[191102.001, 1, 0.0, 1, 236.335]
[191102.001, 1, 0.0, 1, 287.267]
[191102.001, 1, 0.0, 1, 261.355]
[191102.001, 1, 0.0, 1, 267.597]
[195307.90222, 8, 14069.4921, 21, 6281.512]
[191102.001, 1, 0.0, 1, 262.928]
[195307.90222, 1, 0.0, 1, 265.204]
[191102.001, 1, 0.0, 1, 250.9]
[195307.90222, 1, 0.0, 1, 263.976]
[192726.90332, 18, 12252.53719, 23, 6876.853]
[191102.001, 1, 0.0, 1, 251.36]
[193599.82091, 5, 11432.20758, 22, 6446.766]
[195307.90222, 1, 0.0, 1, 271.732]
[192726.90332, 1, 0.0, 1, 240.632]
[191102.001, 1, 0.0, 1, 262.986]
[193599.82091, 1, 0.0, 1, 269.791]
[195307.90222, 1, 0.0, 1, 265.36]
[192726.90332, 1, 0.0, 1, 267.509]
[191102.001, 1, 0.0, 1, 250.055]
[193599.82091, 1, 0.0, 1, 267.73]
[195307.90222, 1, 0.0, 1, 293.636]
[192726.90332, 1, 0.0, 1, 291.146]
[193599.82091, 1, 0.0, 1, 256.286]
[195307.90222, 1, 0.0, 1, 247.022]
[190433.092, 8, 11557.19568, 16, 4793.69]
[193599.82091, 1, 0.0, 1, 254.494]
[195307.90222, 1, 0.0, 1, 263.312]
[189659.16353, 4, 14100.35683, 17, 5015.816]
[192726.90332, 1, 0.0, 1, 295.606]
[193599.82091, 1, 0.0, 1, 225.589]
[195307.90222, 1, 0.0, 1, 254.918]
[190433.092, 1, 0.0, 1, 270.542]
[189659.16353, 1, 0.0, 1, 277.467]
[192726.90332, 1, 0.0, 1, 245.675]
[193599.82091, 1, 0.0, 1, 238.095]
[195307.90222, 1, 0.0, 1, 275.059]
[192726.90332, 1, 0.0, 1, 233.091]
[190433.092, 1, 0.0, 1, 282.152]
[193599.82091, 1, 0.0, 1, 288.203]
[194554.62806, 1, 0.0, 1, 221.218]
[192726.90332, 1, 0.0, 1, 245.145]
[189659.16353, 1, 0.0, 1, 259.733]
[190433.092, 1, 0.0, 1, 271.377]
[193599.82091, 1, 0.0, 1, 268.483]
[194554.62806, 1, 0.0, 1, 239.543]
[189659.16353, 1, 0.0, 1, 237.485]
[192726.90332, 1, 0.0, 1, 282.3]
[190433.092, 1, 0.0, 1, 274.707]
[193599.82091, 1, 0.0, 1, 256.544]
[194554.62806, 1, 0.0, 1, 271.592]
[189659.16353, 1, 0.0, 1, 260.199]
[190433.092, 1, 0.0, 1, 256.23]
[194554.62806, 1, 0.0, 1, 261.672]
[189659.16353, 1, 0.0, 1, 264.226]
[190433.092, 1, 0.0, 1, 264.531]
[194554.62806, 1, 0.0, 1, 269.831]
[189659.16353, 1, 0.0, 1, 259.886]
[190433.092, 1, 0.0, 1, 260.062]
[194554.62806, 1, 0.0, 1, 257.979]
[189659.16353, 1, 0.0, 1, 245.708]
[190433.092, 1, 0.0, 1, 259.858]
[194554.62806, 1, 0.0, 1, 232.239]
[189659.16353, 1, 0.0, 1, 245.94]
[190433.092, 1, 0.0, 1, 268.554]
[194554.62806, 1, 0.0, 1, 263.121]
[189659.16353, 1, 0.0, 1, 260.497]
[190433.092, 1, 0.0, 1, 281.32]
[194554.62806, 1, 0.0, 1, 264.222]
[189659.16353, 1, 0.0, 1, 290.27]
[190433.092, 1, 0.0, 1, 291.454]
[189795.4791, 9, 12686.58409, 28, 8120.94]
[189659.16353, 1, 0.0, 1, 293.439]
[190433.092, 1, 0.0, 1, 268.052]
[194554.62806, 1, 0.0, 1, 254.963]
[189795.4791, 1, 0.0, 1, 264.421]
[189659.16353, 1, 0.0, 1, 264.871]
[190433.092, 1, 0.0, 1, 277.749]
[189795.4791, 1, 0.0, 1, 254.409]
[189659.16353, 1, 0.0, 1, 275.481]
[190433.092, 1, 0.0, 1, 264.813]
[194554.62806, 1, 0.0, 1, 249.936]
[189795.4791, 1, 0.0, 1, 279.955]
[189659.16353, 1, 0.0, 1, 256.603]
[190433.092, 1, 0.0, 1, 295.819]
[189795.4791, 1, 0.0, 1, 247.602]
[189659.16353, 1, 0.0, 1, 256.26]
[192556.59031, 13, 16013.1694, 21, 5983.699]
[189795.4791, 1, 0.0, 1, 252.938]
[189659.16353, 1, 0.0, 1, 261.47]
[192556.59031, 1, 0.0, 1, 263.405]
[194554.62806, 1, 0.0, 1, 252.902]
[189795.4791, 1, 0.0, 1, 272.329]
[192556.59031, 1, 0.0, 1, 222.603]
[193170.4011, 6, 10314.435, 13, 3790.31]
[190433.092, 1, 0.0, 1, 273.099]
[189659.16353, 1, 0.0, 1, 256.805]
[192556.59031, 1, 0.0, 1, 264.261]
[189795.4791, 1, 0.0, 1, 242.085]
[190433.092, 1, 0.0, 1, 271.769]
[189659.16353, 1, 0.0, 1, 277.378]
[192556.59031, 1, 0.0, 1, 278.889]
[194554.62806, 1, 0.0, 1, 224.16]
[189795.4791, 1, 0.0, 1, 282.773]
[190433.092, 1, 0.0, 1, 272.461]
[189659.16353, 1, 0.0, 1, 255.824]
[194554.62806, 1, 0.0, 1, 228.916]
[189795.4791, 1, 0.0, 1, 229.002]
[193170.4011, 1, 0.0, 1, 272.501]
[194554.62806, 1, 0.0, 1, 246.287]
[192556.59031, 1, 0.0, 1, 272.05]
[189795.4791, 1, 0.0, 1, 289.055]
[193170.4011, 1, 0.0, 1, 267.94]
[194554.62806, 1, 0.0, 1, 242.613]
[189659.16353, 1, 0.0, 1, 278.894]
[190964.7398, 12, 14238.5304, 23, 6915.315]
[192556.59031, 1, 0.0, 1, 291.563]
[189795.4791, 1, 0.0, 1, 254.537]
[190433.092, 1, 0.0, 1, 247.398]
[193170.4011, 1, 0.0, 1, 269.008]
[189659.16353, 1, 0.0, 1, 271.843]
[190964.7398, 1, 0.0, 1, 306.544]
[190433.092, 1, 0.0, 1, 267.179]
[193170.4011, 1, 0.0, 1, 280.321]
[188262.5287, 4, 6596.9644, 18, 5457.84]
[194554.62806, 1, 0.0, 1, 255.837]
[189795.4791, 1, 0.0, 1, 249.656]
[192556.59031, 1, 0.0, 1, 264.323]
[190502.22, 7, 12449.215, 22, 6257.982]
[190433.092, 1, 0.0, 1, 256.882]
[193170.4011, 1, 0.0, 1, 269.438]
[189659.16353, 1, 0.0, 1, 246.356]
[188262.5287, 1, 0.0, 1, 268.312]
[194554.62806, 1, 0.0, 1, 270.312]
[192556.59031, 1, 0.0, 1, 260.778]
[190433.092, 1, 0.0, 1, 254.657]
[193170.4011, 1, 0.0, 1, 262.559]
[194554.62806, 1, 0.0, 1, 261.882]
[189795.4791, 1, 0.0, 1, 281.094]
[190964.7398, 1, 0.0, 1, 268.847]
[190502.22, 1, 0.0, 1, 274.304]
[193170.4011, 1, 0.0, 1, 249.841]
[189659.16353, 1, 0.0, 1, 260.029]
[188262.5287, 1, 0.0, 1, 277.039]
[194554.62806, 1, 0.0, 1, 286.389]
[189795.4791, 1, 0.0, 1, 269.797]
[190433.092, 1, 0.0, 1, 276.721]
[190964.7398, 1, 0.0, 1, 291.729]
[193170.4011, 1, 0.0, 1, 287.474]
[189659.16353, 1, 0.0, 1, 244.052]
[188262.5287, 1, 0.0, 1, 256.956]
[189795.4791, 1, 0.0, 1, 256.946]
[190433.092, 1, 0.0, 1, 268.195]
[190502.22, 1, 0.0, 1, 288.384]
[193170.4011, 1, 0.0, 1, 255.846]
[189659.16353, 1, 0.0, 1, 254.904]
[192556.59031, 1, 0.0, 1, 270.808]
[194554.62806, 1, 0.0, 1, 270.475]
[190433.092, 1, 0.0, 1, 266.73]
[190502.22, 1, 0.0, 1, 270.774]
[193170.4011, 1, 0.0, 1, 269.673]
[189659.16353, 1, 0.0, 1, 256.781]
[192556.59031, 1, 0.0, 1, 233.363]
[189795.4791, 1, 0.0, 1, 242.569]
[194554.62806, 1, 0.0, 1, 265.663]
[190433.092, 1, 0.0, 1, 267.735]
[193170.4011, 1, 0.0, 1, 232.744]
[189659.16353, 1, 0.0, 1, 272.452]
[188262.5287, 1, 0.0, 1, 245.73]
[189795.4791, 1, 0.0, 1, 261.064]
[194554.62806, 1, 0.0, 1, 252.805]
[190433.092, 1, 0.0, 1, 270.759]
[193170.4011, 1, 0.0, 1, 239.125]
[190502.22, 1, 0.0, 1, 269.346]
[190964.7398, 1, 0.0, 1, 279.008]
[192556.59031, 1, 0.0, 1, 263.95]
[189795.4791, 1, 0.0, 1, 252.104]
[194554.62806, 1, 0.0, 1, 264.022]
[190433.092, 1, 0.0, 1, 264.357]
[190502.22, 1, 0.0, 1, 239.944]
[190964.7398, 1, 0.0, 1, 249.486]
[192556.59031, 1, 0.0, 1, 255.149]
[189659.16353, 1, 0.0, 1, 261.882]
[188262.5287, 1, 0.0, 1, 259.857]
[194554.62806, 1, 0.0, 1, 268.794]
[190502.22, 1, 0.0, 1, 254.863]
[193170.4011, 1, 0.0, 1, 256.974]
[190964.7398, 1, 0.0, 1, 269.732]
[192556.59031, 1, 0.0, 1, 230.759]
[189659.16353, 1, 0.0, 1, 258.667]
[194554.62806, 1, 0.0, 1, 248.01]
[190433.092, 1, 0.0, 1, 271.083]
[193170.4011, 1, 0.0, 1, 277.388]
[192556.59031, 1, 0.0, 1, 235.418]
[189659.16353, 1, 0.0, 1, 246.909]
[188262.5287, 1, 0.0, 1, 257.89]
[190433.092, 1, 0.0, 1, 257.322]
[193170.4011, 1, 0.0, 1, 282.48]
[192556.59031, 1, 0.0, 1, 267.265]
[194554.62806, 1, 0.0, 1, 240.95]
[188262.5287, 1, 0.0, 1, 239.173]
[190433.092, 1, 0.0, 1, 209.986]
[193170.4011, 1, 0.0, 1, 257.482]
[194554.62806, 1, 0.0, 1, 244.733]
[192556.59031, 1, 0.0, 1, 290.44]
[189795.4791, 1, 0.0, 1, 270.523]
[188262.5287, 1, 0.0, 1, 285.662]
[190433.092, 1, 0.0, 1, 267.933]
[193170.4011, 1, 0.0, 1, 267.023]
[190964.7398, 1, 0.0, 1, 259.135]
[189659.16353, 1, 0.0, 1, 283.542]
[189795.4791, 1, 0.0, 1, 270.74]
[188262.5287, 1, 0.0, 1, 284.489]
[190433.092, 1, 0.0, 1, 244.532]
[193170.4011, 1, 0.0, 1, 243.717]
[194554.62806, 1, 0.0, 1, 262.949]
[190964.7398, 1, 0.0, 1, 258.204]
[189659.16353, 1, 0.0, 1, 249.065]
[189795.4791, 1, 0.0, 1, 261.864]
[188262.5287, 1, 0.0, 1, 257.577]
[190433.092, 1, 0.0, 1, 278.966]
[193170.4011, 1, 0.0, 1, 264.199]
[194554.62806, 1, 0.0, 1, 290.202]
[188262.5287, 1, 0.0, 1, 245.762]
[190433.092, 1, 0.0, 1, 240.238]
[193170.4011, 1, 0.0, 1, 237.977]
[194554.62806, 1, 0.0, 1, 230.414]
[192556.59031, 1, 0.0, 1, 267.454]
[190964.7398, 1, 0.0, 1, 279.973]
[189795.4791, 1, 0.0, 1, 262.212]
[190433.092, 1, 0.0, 1, 224.24]
[193170.4011, 1, 0.0, 1, 250.729]
[194554.62806, 1, 0.0, 1, 240.665]
[192556.59031, 1, 0.0, 1, 254.94]
[190109.91452, 9, 15211.24141, 13, 3640.561]
[190109.91452, 1, 0.0, 1, 256.013]
[190109.91452, 1, 0.0, 1, 234.519]
[190109.91452, 1, 0.0, 1, 244.535]
[188202.8367, 1, 0.0, 1, 283.482]
[190109.91452, 1, 0.0, 1, 290.534]
[190109.91452, 1, 0.0, 1, 241.851]
[188202.8367, 1, 0.0, 1, 301.413]
[190899.1156, 10, 10865.62949, 17, 4970.086]
[190109.91452, 1, 0.0, 1, 233.353]
[188202.8367, 1, 0.0, 1, 249.433]
[190899.1156, 1, 0.0, 1, 253.088]
[190109.91452, 1, 0.0, 1, 257.371]
[188202.8367, 1, 0.0, 1, 267.467]
[190899.1156, 1, 0.0, 1, 275.822]
[194362.81042, 11, 14329.8098, 19, 5582.201]
[188731.38291, 1, 0.0, 1, 261.604]
[190109.91452, 1, 0.0, 1, 284.931]
[188202.8367, 1, 0.0, 1, 246.663]
[190899.1156, 1, 0.0, 1, 274.406]
[188731.38291, 1, 0.0, 1, 238.609]
[188202.8367, 1, 0.0, 1, 270.651]
[190899.1156, 1, 0.0, 1, 265.91]
[194362.81042, 1, 0.0, 1, 273.05]
[188202.8367, 1, 0.0, 1, 251.752]
[190899.1156, 1, 0.0, 1, 258.822]
[194362.81042, 1, 0.0, 1, 269.446]
[190109.91452, 1, 0.0, 1, 267.647]
[191975.27851, 15, 10226.94199, 23, 6477.368]
[190899.1156, 1, 0.0, 1, 285.521]
[188731.38291, 1, 0.0, 1, 246.416]
[194362.81042, 1, 0.0, 1, 271.527]
[190109.91452, 1, 0.0, 1, 239.365]
[188202.8367, 1, 0.0, 1, 261.26]
[191975.27851, 1, 0.0, 1, 270.222]
[190899.1156, 1, 0.0, 1, 260.117]
[194362.81042, 1, 0.0, 1, 262.182]
[188202.8367, 1, 0.0, 1, 242.209]
[191975.27851, 1, 0.0, 1, 266.619]
[190899.1156, 1, 0.0, 1, 280.627]
[188731.38291, 1, 0.0, 1, 289.668]
[190109.91452, 1, 0.0, 1, 256.818]
[188202.8367, 1, 0.0, 1, 284.394]
[190899.1156, 1, 0.0, 1, 283.381]
[194362.81042, 1, 0.0, 1, 247.548]
[190109.91452, 1, 0.0, 1, 270.303]
[188202.8367, 1, 0.0, 1, 279.921]
[190899.1156, 1, 0.0, 1, 247.948]
[191975.27851, 1, 0.0, 1, 241.41]
[190109.91452, 1, 0.0, 1, 248.106]
[189207.1784, 1, 0.0, 1, 285.625]
[188202.8367, 1, 0.0, 1, 268.747]
[190899.1156, 1, 0.0, 1, 223.751]
[189601.46407, 9, 12523.71177, 23, 7919.231]
[190828.1181, 1, 0.0, 1, 313.242]
[191975.27851, 1, 0.0, 1, 253.741]
[194362.81042, 1, 0.0, 1, 255.65]
[189207.1784, 1, 0.0, 1, 269.092]
[188202.8367, 1, 0.0, 1, 266.751]
[190899.1156, 1, 0.0, 1, 253.717]
[189601.46407, 1, 0.0, 1, 316.919]
[191975.27851, 1, 0.0, 1, 270.356]
[190109.91452, 1, 0.0, 1, 276.358]
[190828.1181, 1, 0.0, 1, 340.592]
[188202.8367, 1, 0.0, 1, 258.002]
[190899.1156, 1, 0.0, 1, 236.158]
[191975.27851, 1, 0.0, 1, 251.084]
[194362.81042, 1, 0.0, 1, 240.26]
[190109.91452, 1, 0.0, 1, 262.737]
[189601.46407, 1, 0.0, 1, 321.168]
[188202.8367, 1, 0.0, 1, 256.792]
[188731.38291, 1, 0.0, 1, 276.91]
[190828.1181, 1, 0.0, 1, 325.851]
[193827.63422, 21, 12079.3296, 31, 8698.866]
[191975.27851, 1, 0.0, 1, 267.136]
[190109.91452, 1, 0.0, 1, 247.538]
[188202.8367, 1, 0.0, 1, 251.207]
[189601.46407, 1, 0.0, 1, 309.701]
[189207.1784, 1, 0.0, 1, 300.042]
[190899.1156, 1, 0.0, 1, 286.148]
[190828.1181, 1, 0.0, 1, 347.589]
[191975.27851, 1, 0.0, 1, 256.216]
[190109.91452, 1, 0.0, 1, 254.168]
[188202.8367, 1, 0.0, 1, 256.61]
[189207.1784, 1, 0.0, 1, 274.462]
[189601.46407, 1, 0.0, 1, 302.09]
[190899.1156, 1, 0.0, 1, 297.523]
[193827.63422, 1, 0.0, 1, 254.948]
[191975.27851, 1, 0.0, 1, 233.675]
[190828.1181, 1, 0.0, 1, 303.905]
[194362.81042, 1, 0.0, 1, 266.717]
[188731.38291, 1, 0.0, 1, 240.69]
[188202.8367, 1, 0.0, 1, 258.574]
[189207.1784, 1, 0.0, 1, 276.57]
[190899.1156, 1, 0.0, 1, 264.819]
[193827.63422, 1, 0.0, 1, 265.345]
[189601.46407, 1, 0.0, 1, 344.64]
[190109.91452, 1, 0.0, 1, 254.727]
[194362.81042, 1, 0.0, 1, 263.291]
[188731.38291, 1, 0.0, 1, 275.624]
[190828.1181, 1, 0.0, 1, 356.744]
[189207.1784, 1, 0.0, 1, 258.591]
[193827.63422, 1, 0.0, 1, 225.56]
[191975.27851, 1, 0.0, 1, 287.53]
[188202.8367, 1, 0.0, 1, 243.731]
[188731.38291, 1, 0.0, 1, 267.793]
[190899.1156, 1, 0.0, 1, 242.893]
[189207.1784, 1, 0.0, 1, 284.645]
[191975.27851, 1, 0.0, 1, 252.958]
[190109.91452, 1, 0.0, 1, 236.788]
[194362.81042, 1, 0.0, 1, 256.849]
[188202.8367, 1, 0.0, 1, 292.797]
[189601.46407, 1, 0.0, 1, 317.002]
[190899.1156, 1, 0.0, 1, 254.288]
[189207.1784, 1, 0.0, 1, 275.284]
[190828.1181, 1, 0.0, 1, 326.285]
[191975.27851, 1, 0.0, 1, 269.406]
[194362.81042, 1, 0.0, 1, 269.607]
[188731.38291, 1, 0.0, 1, 255.262]
[189601.46407, 1, 0.0, 1, 299.798]
[190899.1156, 1, 0.0, 1, 253.662]
[193827.63422, 1, 0.0, 1, 251.784]
[189207.1784, 1, 0.0, 1, 262.151]
[190109.91452, 1, 0.0, 1, 243.389]
[191975.27851, 1, 0.0, 1, 286.7]
[194362.81042, 1, 0.0, 1, 292.463]
[188202.8367, 1, 0.0, 1, 273.669]
[190899.1156, 1, 0.0, 1, 246.084]
[193827.63422, 1, 0.0, 1, 262.481]
[189601.46407, 1, 0.0, 1, 314.325]
[190109.91452, 1, 0.0, 1, 249.605]
[191975.27851, 1, 0.0, 1, 248.607]
[194362.81042, 1, 0.0, 1, 250.801]
[188731.38291, 1, 0.0, 1, 261.337]
[190899.1156, 1, 0.0, 1, 246.635]
[189207.1784, 1, 0.0, 1, 240.587]
[193827.63422, 1, 0.0, 1, 281.242]
[190109.91452, 1, 0.0, 1, 246.06]
[189601.46407, 1, 0.0, 1, 319.923]
[191975.27851, 1, 0.0, 1, 281.328]
[194362.81042, 1, 0.0, 1, 287.649]
[190899.1156, 1, 0.0, 1, 274.111]
[189207.1784, 1, 0.0, 1, 254.38]
[190828.1181, 1, 0.0, 1, 342.932]
[190109.91452, 1, 0.0, 1, 250.619]
[191975.27851, 1, 0.0, 1, 269.25]
[188731.38291, 1, 0.0, 1, 274.761]
[188202.8367, 1, 0.0, 1, 269.023]
[189207.1784, 1, 0.0, 1, 251.02]
[193827.63422, 1, 0.0, 1, 287.543]
[190109.91452, 1, 0.0, 1, 290.874]
[191975.27851, 1, 0.0, 1, 231.476]
[190828.1181, 1, 0.0, 1, 354.882]
[194362.81042, 1, 0.0, 1, 250.614]
[188202.8367, 1, 0.0, 1, 225.234]
[189601.46407, 1, 0.0, 1, 342.543]
[189207.1784, 1, 0.0, 1, 266.136]
[193827.63422, 1, 0.0, 1, 254.022]
[190109.91452, 1, 0.0, 1, 251.308]
[188731.38291, 1, 0.0, 1, 252.951]
[188202.8367, 1, 0.0, 1, 254.217]
[190828.1181, 1, 0.0, 1, 368.066]
[190899.1156, 1, 0.0, 1, 302.32]
[189601.46407, 1, 0.0, 1, 310.623]
[193827.63422, 1, 0.0, 1, 254.511]
[191975.27851, 1, 0.0, 1, 246.629]
[188731.38291, 1, 0.0, 1, 265.79]
[188202.8367, 1, 0.0, 1, 253.993]
[190899.1156, 1, 0.0, 1, 246.008]
[190828.1181, 1, 0.0, 1, 334.567]
[191975.27851, 1, 0.0, 1, 258.084]
[194362.81042, 1, 0.0, 1, 241.707]
[188202.8367, 1, 0.0, 1, 268.832]
[190899.1156, 1, 0.0, 1, 280.666]
[191975.27851, 1, 0.0, 1, 245.665]
[193827.63422, 1, 0.0, 1, 265.234]
[189601.46407, 1, 0.0, 1, 317.068]
[190828.1181, 1, 0.0, 1, 368.341]
[188731.38291, 1, 0.0, 1, 255.084]
[189207.1784, 1, 0.0, 1, 278.849]
[191975.27851, 1, 0.0, 1, 239.074]
[193827.63422, 1, 0.0, 1, 278.508]
[188202.8367, 1, 0.0, 1, 249.59]
[189601.46407, 1, 0.0, 1, 322.023]
[188731.38291, 1, 0.0, 1, 268.967]
[190109.91452, 1, 0.0, 1, 1170.183]
[190828.1181, 1, 0.0, 1, 341.114]
[189207.1784, 1, 0.0, 1, 266.287]
[191975.27851, 1, 0.0, 1, 251.434]
[193827.63422, 1, 0.0, 1, 271.484]
[188202.8367, 1, 0.0, 1, 268.504]
[194362.81042, 1, 0.0, 1, 275.225]
[188731.38291, 1, 0.0, 1, 268.104]
[189601.46407, 1, 0.0, 1, 314.334]
[190109.91452, 1, 0.0, 1, 290.189]
[190899.1156, 1, 0.0, 1, 276.586]
[191975.27851, 1, 0.0, 1, 266.194]
[190828.1181, 1, 0.0, 1, 327.992]
[193827.63422, 1, 0.0, 1, 235.183]
[188202.8367, 1, 0.0, 1, 271.761]
[188731.38291, 1, 0.0, 1, 276.022]
[194362.81042, 1, 0.0, 1, 311.625]
[190109.91452, 1, 0.0, 1, 280.066]
[191975.27851, 1, 0.0, 1, 267.279]
[193827.63422, 1, 0.0, 1, 252.371]
[190828.1181, 1, 0.0, 1, 374.015]
[188202.8367, 1, 0.0, 1, 257.846]
[188731.38291, 1, 0.0, 1, 256.483]
[194362.81042, 1, 0.0, 1, 273.288]
[190899.1156, 1, 0.0, 1, 278.693]
[191975.27851, 1, 0.0, 1, 287.111]
[189601.46407, 1, 0.0, 1, 319.931]
[188202.8367, 1, 0.0, 1, 275.483]
[190109.91452, 1, 0.0, 1, 242.279]
[190828.1181, 1, 0.0, 1, 347.98]
[190899.1156, 1, 0.0, 1, 263.882]
[193827.63422, 1, 0.0, 1, 241.916]
[191975.27851, 1, 0.0, 1, 265.21]
[189601.46407, 1, 0.0, 1, 326.731]
[188731.38291, 1, 0.0, 1, 252.784]
[190109.91452, 1, 0.0, 1, 279.663]
[190899.1156, 1, 0.0, 1, 248.75]
[189207.1784, 1, 0.0, 1, 282.105]
[193827.63422, 1, 0.0, 1, 268.8]
[191975.27851, 1, 0.0, 1, 285.236]
[188731.38291, 1, 0.0, 1, 240.604]
[188202.8367, 1, 0.0, 1, 261.492]
[189601.46407, 1, 0.0, 1, 298.503]
[189207.1784, 1, 0.0, 1, 227.35]
[190899.1156, 1, 0.0, 1, 288.462]
[193827.63422, 1, 0.0, 1, 252.119]
[191975.27851, 1, 0.0, 1, 269.447]
[188731.38291, 1, 0.0, 1, 259.462]
[190109.91452, 1, 0.0, 1, 267.177]
[189207.1784, 1, 0.0, 1, 259.323]
[190899.1156, 1, 0.0, 1, 260.756]
[189601.46407, 1, 0.0, 1, 347.007]
[191975.27851, 1, 0.0, 1, 239.836]
[190828.1181, 1, 0.0, 1, 323.756]
[188731.38291, 1, 0.0, 1, 253.048]
[190109.91452, 1, 0.0, 1, 252.853]
[190899.1156, 1, 0.0, 1, 224.873]
[193827.63422, 1, 0.0, 1, 282.241]
[189601.46407, 1, 0.0, 1, 308.181]
[188731.38291, 1, 0.0, 1, 276.034]
[190828.1181, 1, 0.0, 1, 318.425]
[188202.8367, 1, 0.0, 1, 262.583]
[193827.63422, 1, 0.0, 1, 262.453]
[191975.27851, 1, 0.0, 1, 256.375]
[189601.46407, 1, 0.0, 1, 331.02]
[188731.38291, 1, 0.0, 1, 263.746]
[190109.91452, 1, 0.0, 1, 283.328]
[188202.8367, 1, 0.0, 1, 274.099]
[190828.1181, 1, 0.0, 1, 324.838]
[193827.63422, 1, 0.0, 1, 260.247]
[191975.27851, 1, 0.0, 1, 270.371]
[188731.38291, 1, 0.0, 1, 262.329]
[190109.91452, 1, 0.0, 1, 269.858]
[190899.1156, 1, 0.0, 1, 282.94]
[193827.63422, 1, 0.0, 1, 254.566]
[191975.27851, 1, 0.0, 1, 244.891]
[190828.1181, 1, 0.0, 1, 353.555]
[188731.38291, 1, 0.0, 1, 259.332]
[190109.91452, 1, 0.0, 1, 249.842]
[188202.8367, 1, 0.0, 1, 260.505]
[193827.63422, 1, 0.0, 1, 219.324]
[189601.46407, 1, 0.0, 1, 306.577]
[191975.27851, 1, 0.0, 1, 256.893]
[189207.1784, 1, 0.0, 1, 1430.417]
[188731.38291, 1, 0.0, 1, 213.321]
[190828.1181, 1, 0.0, 1, 338.124]
[190109.91452, 1, 0.0, 1, 265.404]
[190899.1156, 1, 0.0, 1, 270.936]
[191975.27851, 1, 0.0, 1, 229.083]
[189601.46407, 1, 0.0, 1, 304.064]
[188731.38291, 1, 0.0, 1, 256.284]
[190109.91452, 1, 0.0, 1, 243.681]
[188202.8367, 1, 0.0, 1, 245.928]
[190899.1156, 1, 0.0, 1, 262.574]
[189601.46407, 1, 0.0, 1, 309.313]
[189207.1784, 1, 0.0, 1, 284.926]
[194362.81042, 1, 0.0, 1, 2833.052]
[191975.27851, 1, 0.0, 1, 254.082]
[193827.63422, 1, 0.0, 1, 279.285]
[190828.1181, 1, 0.0, 1, 347.546]
[188731.38291, 1, 0.0, 1, 253.284]
[189207.1784, 1, 0.0, 1, 256.509]
[189601.46407, 1, 0.0, 1, 322.699]
[190109.91452, 1, 0.0, 1, 265.412]
[193827.63422, 1, 0.0, 1, 234.071]
[191975.27851, 1, 0.0, 1, 265.124]
[188202.8367, 1, 0.0, 1, 254.351]
[190899.1156, 1, 0.0, 1, 285.088]
[189207.1784, 1, 0.0, 1, 250.175]
[188731.38291, 1, 0.0, 1, 278.914]
[190828.1181, 1, 0.0, 1, 334.228]
[190109.91452, 1, 0.0, 1, 262.347]
[194362.81042, 1, 0.0, 1, 253.121]
[188202.8367, 1, 0.0, 1, 272.4]
[189207.1784, 1, 0.0, 1, 252.282]
[190828.1181, 1, 0.0, 1, 329.553]
[191975.27851, 1, 0.0, 1, 254.871]
[188202.8367, 1, 0.0, 1, 265.324]
[189207.1784, 1, 0.0, 1, 258.215]
[188731.38291, 1, 0.0, 1, 293.044]
[190109.91452, 1, 0.0, 1, 262.839]
[190899.1156, 1, 0.0, 1, 240.069]
[191975.27851, 1, 0.0, 1, 284.858]
[189601.46407, 1, 0.0, 1, 296.876]
[188731.38291, 1, 0.0, 1, 259.83]
[190109.91452, 1, 0.0, 1, 262.355]
[190899.1156, 1, 0.0, 1, 279.409]
[191975.27851, 1, 0.0, 1, 276.296]
[190828.1181, 1, 0.0, 1, 311.36]
[189601.46407, 1, 0.0, 1, 335.948]
[188731.38291, 1, 0.0, 1, 258.75]
[190109.91452, 1, 0.0, 1, 239.323]
[193827.63422, 1, 0.0, 1, 257.176]
[194362.81042, 1, 0.0, 1, 272.233]
[190828.1181, 1, 0.0, 1, 335.283]
[190109.91452, 1, 0.0, 1, 255.87]
[193827.63422, 1, 0.0, 1, 242.591]
[190899.1156, 1, 0.0, 1, 245.795]
[194362.81042, 1, 0.0, 1, 266.62]
[188731.38291, 1, 0.0, 1, 252.204]
[190828.1181, 1, 0.0, 1, 319.737]
[193827.63422, 1, 0.0, 1, 267.533]
[194362.81042, 1, 0.0, 1, 256.81]
[189207.1784, 1, 0.0, 1, 231.751]
[188731.38291, 1, 0.0, 1, 278.839]
[190109.91452, 1, 0.0, 1, 248.887]
[193827.63422, 1, 0.0, 1, 260.836]
[189601.46407, 1, 0.0, 1, 308.608]
[190828.1181, 1, 0.0, 1, 340.599]
[189207.1784, 1, 0.0, 1, 252.682]
[188731.38291, 1, 0.0, 1, 247.973]
[190899.1156, 1, 0.0, 1, 255.601]
[191975.27851, 1, 0.0, 1, 269.173]
[188202.8367, 1, 0.0, 1, 262.471]
[194362.81042, 1, 0.0, 1, 289.851]
[189601.46407, 1, 0.0, 1, 319.272]
[190828.1181, 1, 0.0, 1, 352.35]
[189207.1784, 1, 0.0, 1, 297.827]
[188731.38291, 1, 0.0, 1, 271.9]
[190899.1156, 1, 0.0, 1, 229.422]
[190109.91452, 1, 0.0, 1, 271.654]
[191975.27851, 1, 0.0, 1, 262.998]
[188202.8367, 1, 0.0, 1, 266.056]
[194362.81042, 1, 0.0, 1, 255.853]
[189601.46407, 1, 0.0, 1, 309.766]
[188731.38291, 1, 0.0, 1, 244.753]
[190828.1181, 1, 0.0, 1, 340.541]
[191975.27851, 1, 0.0, 1, 238.772]
[193827.63422, 1, 0.0, 1, 282.144]
[188202.8367, 1, 0.0, 1, 284.78]
[194362.81042, 1, 0.0, 1, 276.319]
[189207.1784, 1, 0.0, 1, 246.639]
[189601.46407, 1, 0.0, 1, 332.065]
[191975.27851, 1, 0.0, 1, 267.704]
[190109.91452, 1, 0.0, 1, 262.998]
[188202.8367, 1, 0.0, 1, 261.054]
[194362.81042, 1, 0.0, 1, 256.431]
[189207.1784, 1, 0.0, 1, 264.677]
[191975.27851, 1, 0.0, 1, 252.787]
[189601.46407, 1, 0.0, 1, 315.034]
[193827.63422, 1, 0.0, 1, 265.539]
[190828.1181, 1, 0.0, 1, 311.375]
[194362.81042, 1, 0.0, 1, 273.334]
[189207.1784, 1, 0.0, 1, 260.715]
[190109.91452, 1, 0.0, 1, 237.202]
[190899.1156, 1, 0.0, 1, 268.216]
[193827.63422, 1, 0.0, 1, 247.884]
[194362.81042, 1, 0.0, 1, 236.128]
[188202.8367, 1, 0.0, 1, 268.429]
[190828.1181, 1, 0.0, 1, 303.527]
[189207.1784, 1, 0.0, 1, 245.263]
[188731.38291, 1, 0.0, 1, 270.704]
[190774.1848, 5, 8878.90458, 16, 4765.364]
[190774.1848, 1, 0.0, 1, 266.996]
[190774.1848, 1, 0.0, 1, 256.179]
[195162.5791, 6, 16823.6668, 18, 5430.503]
[191285.97, 9, 14355.0119, 18, 5372.14]
[190774.1848, 1, 0.0, 1, 252.691]
[191795.15932, 1, 0.0, 1, 280.447]
[191285.97, 1, 0.0, 1, 286.14]
[190774.1848, 1, 0.0, 1, 262.51]
[195162.5791, 1, 0.0, 1, 275.602]
[191795.15932, 1, 0.0, 1, 287.229]
[191285.97, 1, 0.0, 1, 266.643]
[190774.1848, 1, 0.0, 1, 249.014]
[195162.5791, 1, 0.0, 1, 243.816]
[191795.15932, 1, 0.0, 1, 272.8]
[196314.143, 8, 16388.52078, 21, 6299.211]
[191285.97, 1, 0.0, 1, 284.649]
[191297.6476, 8, 4797.29, 22, 6694.472]
[193465.7818, 10, 12474.07093, 23, 6338.2]
[190774.1848, 1, 0.0, 1, 274.024]
[195162.5791, 1, 0.0, 1, 276.375]
[196314.143, 1, 0.0, 1, 245.131]
[191285.97, 1, 0.0, 1, 238.807]
[191817.87222, 5, 7883.7605, 21, 6528.62]
[193465.7818, 1, 0.0, 1, 251.946]
[190774.1848, 1, 0.0, 1, 253.441]
[195162.5791, 1, 0.0, 1, 280.124]
[196314.143, 1, 0.0, 1, 272.929]
[191285.97, 1, 0.0, 1, 264.66]
[191817.87222, 1, 0.0, 1, 270.948]
[191297.6476, 1, 0.0, 1, 272.852]
[191795.15932, 1, 0.0, 1, 229.356]
[190774.1848, 1, 0.0, 1, 302.249]
[196314.143, 1, 0.0, 1, 271.749]
[191285.97, 1, 0.0, 1, 265.645]
[194475.26172, 8, 13456.88827, 24, 7050.882]
[193465.7818, 1, 0.0, 1, 238.717]
[191297.6476, 1, 0.0, 1, 260.568]
[188580.4549, 13, 7823.7971, 25, 7381.271]
[196314.143, 1, 0.0, 1, 258.815]
[191285.97, 1, 0.0, 1, 271.096]
[194475.26172, 1, 0.0, 1, 257.778]
[193465.7818, 1, 0.0, 1, 276.262]
[188580.4549, 1, 0.0, 1, 245.077]
[195162.5791, 1, 0.0, 1, 249.234]
[196314.143, 1, 0.0, 1, 269.272]
[191285.97, 1, 0.0, 1, 260.969]
[194475.26172, 1, 0.0, 1, 250.296]
[193465.7818, 1, 0.0, 1, 240.628]
[191795.15932, 1, 0.0, 1, 260.246]
[188580.4549, 1, 0.0, 1, 266.016]
[195162.5791, 1, 0.0, 1, 285.088]
[196314.143, 1, 0.0, 1, 268.302]
[194475.26172, 1, 0.0, 1, 260.332]
[193465.7818, 1, 0.0, 1, 284.633]
[190774.1848, 1, 0.0, 1, 247.394]
[191795.15932, 1, 0.0, 1, 284.263]
[191817.87222, 1, 0.0, 1, 311.26]
[188580.4549, 1, 0.0, 1, 305.486]
[196314.143, 1, 0.0, 1, 249.617]
[195162.5791, 1, 0.0, 1, 271.474]
[194475.26172, 1, 0.0, 1, 259.746]
[195162.5791, 1, 0.0, 1, 268.679]
[195162.5791, 1, 0.0, 1, 260.313]
[196314.143, 1, 0.0, 1, 260.102]
[194475.26172, 1, 0.0, 1, 254.091]
[193465.7818, 1, 0.0, 1, 260.165]
[190774.1848, 1, 0.0, 1, 250.493]
[191795.15932, 1, 0.0, 1, 255.579]
[191297.6476, 1, 0.0, 1, 270.914]
[188580.4549, 1, 0.0, 1, 264.943]
[195162.5791, 1, 0.0, 1, 251.742]
[196314.143, 1, 0.0, 1, 281.243]
[193465.7818, 1, 0.0, 1, 245.718]
[191285.97, 1, 0.0, 1, 264.366]
[190774.1848, 1, 0.0, 1, 261.634]
[191795.15932, 1, 0.0, 1, 257.549]
[191297.6476, 1, 0.0, 1, 284.937]
[195162.5791, 1, 0.0, 1, 279.182]
[196314.143, 1, 0.0, 1, 247.628]
[191817.87222, 1, 0.0, 1, 296.293]
[191285.97, 1, 0.0, 1, 260.726]
[190774.1848, 1, 0.0, 1, 251.0]
[191795.15932, 1, 0.0, 1, 242.192]
[191297.6476, 1, 0.0, 1, 264.969]
[188580.4549, 1, 0.0, 1, 274.996]
[196314.143, 1, 0.0, 1, 281.016]
[191285.97, 1, 0.0, 1, 244.58]
[193465.7818, 1, 0.0, 1, 262.998]
[191795.15932, 1, 0.0, 1, 268.763]
[191297.6476, 1, 0.0, 1, 275.418]
[188580.4549, 1, 0.0, 1, 260.151]
[196314.143, 1, 0.0, 1, 258.922]
[191285.97, 1, 0.0, 1, 244.808]
[190774.1848, 1, 0.0, 1, 268.781]
[191817.87222, 1, 0.0, 1, 314.526]
[191795.15932, 1, 0.0, 1, 279.124]
[191297.6476, 1, 0.0, 1, 254.599]
[188580.4549, 1, 0.0, 1, 242.224]
[196314.143, 1, 0.0, 1, 254.361]
[194475.26172, 1, 0.0, 1, 269.733]
[191285.97, 1, 0.0, 1, 266.602]
[190774.1848, 1, 0.0, 1, 267.398]
[191817.87222, 1, 0.0, 1, 271.599]
[191795.15932, 1, 0.0, 1, 280.069]
[191297.6476, 1, 0.0, 1, 264.264]
[188580.4549, 1, 0.0, 1, 248.22]
[194475.26172, 1, 0.0, 1, 266.864]
[193465.7818, 1, 0.0, 1, 254.405]
[190774.1848, 1, 0.0, 1, 244.681]
[191817.87222, 1, 0.0, 1, 285.311]
[195162.5791, 1, 0.0, 1, 259.299]
[194475.26172, 1, 0.0, 1, 291.3]
[191285.97, 1, 0.0, 1, 275.995]
[191795.15932, 1, 0.0, 1, 271.77]
[191817.87222, 1, 0.0, 1, 284.006]
[191297.6476, 1, 0.0, 1, 275.002]
[188580.4549, 1, 0.0, 1, 263.263]
[196314.143, 1, 0.0, 1, 249.716]
[193465.7818, 1, 0.0, 1, 250.248]
[195162.5791, 1, 0.0, 1, 279.132]
[190774.1848, 1, 0.0, 1, 265.67]
[191795.15932, 1, 0.0, 1, 242.464]
[191817.87222, 1, 0.0, 1, 297.086]
[191297.6476, 1, 0.0, 1, 266.536]
[188580.4549, 1, 0.0, 1, 280.065]
[196314.143, 1, 0.0, 1, 258.247]
[191285.97, 1, 0.0, 1, 228.312]
[195162.5791, 1, 0.0, 1, 279.093]
[194475.26172, 1, 0.0, 1, 291.004]
[191795.15932, 1, 0.0, 1, 257.557]
[191297.6476, 1, 0.0, 1, 257.323]
[193465.7818, 1, 0.0, 1, 266.721]
[188580.4549, 1, 0.0, 1, 288.224]
[191285.97, 1, 0.0, 1, 246.959]
[190774.1848, 1, 0.0, 1, 259.532]
[194475.26172, 1, 0.0, 1, 272.513]
[187967.965, 14, 7414.80345, 39, 11558.817]
[191297.6476, 1, 0.0, 1, 246.589]
[191817.87222, 1, 0.0, 1, 284.676]
[193465.7818, 1, 0.0, 1, 265.887]
[191285.97, 1, 0.0, 1, 272.291]
[190774.1848, 1, 0.0, 1, 260.972]
[195162.5791, 1, 0.0, 1, 286.668]
[194475.26172, 1, 0.0, 1, 270.076]
[187967.965, 1, 0.0, 1, 280.063]
[193465.7818, 1, 0.0, 1, 236.776]
[191817.87222, 1, 0.0, 1, 310.883]
[191285.97, 1, 0.0, 1, 261.596]
[196314.143, 1, 0.0, 1, 288.511]
[191795.15932, 1, 0.0, 1, 259.991]
[194475.26172, 1, 0.0, 1, 266.608]
[187967.965, 1, 0.0, 1, 253.771]
[193465.7818, 1, 0.0, 1, 253.422]
[191297.6476, 1, 0.0, 1, 268.556]
[191817.87222, 1, 0.0, 1, 281.69]
[188580.4549, 1, 0.0, 1, 261.708]
[191795.15932, 1, 0.0, 1, 266.362]
[194475.26172, 1, 0.0, 1, 294.722]
[187967.965, 1, 0.0, 1, 272.492]
[193465.7818, 1, 0.0, 1, 266.386]
[191297.6476, 1, 0.0, 1, 265.482]
[190774.1848, 1, 0.0, 1, 251.158]
[191817.87222, 1, 0.0, 1, 288.155]
[195162.5791, 1, 0.0, 1, 255.874]
[191795.15932, 1, 0.0, 1, 270.091]
[194475.26172, 1, 0.0, 1, 260.963]
[187967.965, 1, 0.0, 1, 294.884]
[193465.7818, 1, 0.0, 1, 244.727]
[191297.6476, 1, 0.0, 1, 292.64]
[196314.143, 1, 0.0, 1, 244.924]
[188580.4549, 1, 0.0, 1, 265.418]
[195162.5791, 1, 0.0, 1, 256.057]
[191795.15932, 1, 0.0, 1, 272.199]
[194475.26172, 1, 0.0, 1, 260.433]
[193465.7818, 1, 0.0, 1, 253.837]
[187967.965, 1, 0.0, 1, 278.552]
[191297.6476, 1, 0.0, 1, 269.325]
[196314.143, 1, 0.0, 1, 252.277]
[191285.97, 1, 0.0, 1, 245.694]
[191817.87222, 1, 0.0, 1, 292.428]
[191795.15932, 1, 0.0, 1, 279.29]
[194475.26172, 1, 0.0, 1, 272.213]
[193465.7818, 1, 0.0, 1, 246.338]
[187967.965, 1, 0.0, 1, 273.327]
[196314.143, 1, 0.0, 1, 244.738]
[191285.97, 1, 0.0, 1, 264.986]
[195162.5791, 1, 0.0, 1, 286.317]
[194475.26172, 1, 0.0, 1, 244.334]
[193465.7818, 1, 0.0, 1, 248.595]
[187967.965, 1, 0.0, 1, 272.95]
[191297.6476, 1, 0.0, 1, 262.559]
[188580.4549, 1, 0.0, 1, 249.93]
[195162.5791, 1, 0.0, 1, 268.81]
[191817.87222, 1, 0.0, 1, 266.434]
[193465.7818, 1, 0.0, 1, 250.944]
[196314.143, 1, 0.0, 1, 234.038]
[191297.6476, 1, 0.0, 1, 260.564]
[188580.4549, 1, 0.0, 1, 273.325]
[195162.5791, 1, 0.0, 1, 278.168]
[191817.87222, 1, 0.0, 1, 271.3]
[194475.26172, 1, 0.0, 1, 275.552]
[187967.965, 1, 0.0, 1, 247.392]
[191297.6476, 1, 0.0, 1, 267.444]
[190774.1848, 1, 0.0, 1, 1083.324]
[188580.4549, 1, 0.0, 1, 264.232]
[193465.7818, 1, 0.0, 1, 239.484]
[195162.5791, 1, 0.0, 1, 282.206]
[191817.87222, 1, 0.0, 1, 289.688]
[196314.143, 1, 0.0, 1, 255.832]
[191297.6476, 1, 0.0, 1, 256.636]
[187967.965, 1, 0.0, 1, 296.58]
[193465.7818, 1, 0.0, 1, 221.718]
[188580.4549, 1, 0.0, 1, 268.036]
[191795.15932, 1, 0.0, 1, 273.998]
[194475.26172, 1, 0.0, 1, 249.674]
[191817.87222, 1, 0.0, 1, 263.87]
[196314.143, 1, 0.0, 1, 258.539]
[191297.6476, 1, 0.0, 1, 274.05]
[187967.965, 1, 0.0, 1, 288.301]
[190774.1848, 1, 0.0, 1, 253.511]
[188580.4549, 1, 0.0, 1, 260.818]
[191795.15932, 1, 0.0, 1, 245.61]
[194475.26172, 1, 0.0, 1, 257.777]
[191817.87222, 1, 0.0, 1, 266.747]
[195162.5791, 1, 0.0, 1, 285.924]
[196314.143, 1, 0.0, 1, 269.249]
[190774.1848, 1, 0.0, 1, 212.176]
[193465.7818, 1, 0.0, 1, 233.487]
[187967.965, 1, 0.0, 1, 289.38]
[191795.15932, 1, 0.0, 1, 242.14]
[188580.4549, 1, 0.0, 1, 304.674]
[191285.97, 1, 0.0, 1, 260.712]
[195162.5791, 1, 0.0, 1, 285.491]
[190774.1848, 1, 0.0, 1, 239.225]
[191297.6476, 1, 0.0, 1, 269.104]
[191795.15932, 1, 0.0, 1, 250.131]
[194475.26172, 1, 0.0, 1, 260.563]
[191285.97, 1, 0.0, 1, 261.195]
[195162.5791, 1, 0.0, 1, 247.711]
[191817.87222, 1, 0.0, 1, 293.988]
[193465.7818, 1, 0.0, 1, 232.339]
[191297.6476, 1, 0.0, 1, 261.529]
[191795.15932, 1, 0.0, 1, 249.424]
[187967.965, 1, 0.0, 1, 290.289]
[194475.26172, 1, 0.0, 1, 267.885]
[188580.4549, 1, 0.0, 1, 294.548]
[195162.5791, 1, 0.0, 1, 257.381]
[193465.7818, 1, 0.0, 1, 226.615]
[190774.1848, 1, 0.0, 1, 267.283]
[191297.6476, 1, 0.0, 1, 245.921]
[191795.15932, 1, 0.0, 1, 257.381]
[196314.143, 1, 0.0, 1, 289.233]
[187967.965, 1, 0.0, 1, 293.847]
[191285.97, 1, 0.0, 1, 236.67]
[188580.4549, 1, 0.0, 1, 286.239]
[193465.7818, 1, 0.0, 1, 272.407]
[191297.6476, 1, 0.0, 1, 259.623]
[191795.15932, 1, 0.0, 1, 256.292]
[196314.143, 1, 0.0, 1, 243.142]
[187967.965, 1, 0.0, 1, 254.424]
[194475.26172, 1, 0.0, 1, 275.601]
[188580.4549, 1, 0.0, 1, 270.998]
[195162.5791, 1, 0.0, 1, 272.895]
[191817.87222, 1, 0.0, 1, 261.282]
[191297.6476, 1, 0.0, 1, 258.036]
[191795.15932, 1, 0.0, 1, 270.231]
[196314.143, 1, 0.0, 1, 262.639]
[187967.965, 1, 0.0, 1, 252.796]
[193465.7818, 1, 0.0, 1, 223.392]
[194475.26172, 1, 0.0, 1, 295.391]
[195162.5791, 1, 0.0, 1, 279.464]
[191817.87222, 1, 0.0, 1, 284.69]
[196314.143, 1, 0.0, 1, 258.479]
[187967.965, 1, 0.0, 1, 262.962]
[193465.7818, 1, 0.0, 1, 241.303]
[194475.26172, 1, 0.0, 1, 284.343]
[195162.5791, 1, 0.0, 1, 266.998]
[191817.87222, 1, 0.0, 1, 286.844]
[196314.143, 1, 0.0, 1, 277.635]
[193465.7818, 1, 0.0, 1, 210.179]
[187967.965, 1, 0.0, 1, 262.747]
[194475.26172, 1, 0.0, 1, 280.756]
[191285.97, 1, 0.0, 1, 310.604]
[191817.87222, 1, 0.0, 1, 263.059]
[196314.143, 1, 0.0, 1, 247.292]
[191795.15932, 1, 0.0, 1, 270.364]
[187967.965, 1, 0.0, 1, 256.76]
[195162.5791, 1, 0.0, 1, 254.059]
[188580.4549, 1, 0.0, 1, 270.903]
[196314.143, 1, 0.0, 1, 259.75]
[191795.15932, 1, 0.0, 1, 258.821]
[193465.7818, 1, 0.0, 1, 269.873]
[194475.26172, 1, 0.0, 1, 255.29]
[190774.1848, 1, 0.0, 1, 280.231]
[191285.97, 1, 0.0, 1, 307.59]
[196314.143, 1, 0.0, 1, 250.611]
[191817.87222, 1, 0.0, 1, 290.193]
[187967.965, 1, 0.0, 1, 268.72]
[195162.5791, 1, 0.0, 1, 274.785]
[194475.26172, 1, 0.0, 1, 284.954]
[188580.4549, 1, 0.0, 1, 275.874]
[196314.143, 1, 0.0, 1, 254.841]
[191795.15932, 1, 0.0, 1, 260.584]
[191817.87222, 1, 0.0, 1, 293.364]
[191297.6476, 1, 0.0, 1, 229.073]
[194475.26172, 1, 0.0, 1, 239.892]
[190774.1848, 1, 0.0, 1, 276.083]
[191285.97, 1, 0.0, 1, 268.216]
[188580.4549, 1, 0.0, 1, 271.22]
[191795.15932, 1, 0.0, 1, 246.168]
[191817.87222, 1, 0.0, 1, 271.972]
[187967.965, 1, 0.0, 1, 298.737]
[191297.6476, 1, 0.0, 1, 255.824]
[194475.26172, 1, 0.0, 1, 278.38]
[190774.1848, 1, 0.0, 1, 256.592]
[193465.7818, 1, 0.0, 1, 231.296]
[191285.97, 1, 0.0, 1, 269.274]
[191795.15932, 1, 0.0, 1, 263.436]
[191817.87222, 1, 0.0, 1, 271.1]
[187967.965, 1, 0.0, 1, 279.068]
[191297.6476, 1, 0.0, 1, 263.03]
[194475.26172, 1, 0.0, 1, 250.446]
[190774.1848, 1, 0.0, 1, 268.285]
[196314.143, 1, 0.0, 1, 245.58]
[188580.4549, 1, 0.0, 1, 271.141]
[191285.97, 1, 0.0, 1, 282.792]
[191817.87222, 1, 0.0, 1, 275.655]
[187967.965, 1, 0.0, 1, 295.039]
[194475.26172, 1, 0.0, 1, 271.079]
[190774.1848, 1, 0.0, 1, 267.693]
[193465.7818, 1, 0.0, 1, 242.812]
[191795.15932, 1, 0.0, 1, 265.89]
[191285.97, 1, 0.0, 1, 257.323]
[191817.87222, 1, 0.0, 1, 283.871]
[194475.26172, 1, 0.0, 1, 249.012]
[195162.5791, 1, 0.0, 1, 257.424]
[196314.143, 1, 0.0, 1, 256.896]
[191795.15932, 1, 0.0, 1, 264.033]
[191285.97, 1, 0.0, 1, 274.497]
[187967.965, 1, 0.0, 1, 254.492]
[191817.87222, 1, 0.0, 1, 297.048]
[194475.26172, 1, 0.0, 1, 287.489]
[188580.4549, 1, 0.0, 1, 237.584]
[195162.5791, 1, 0.0, 1, 304.198]
[191795.15932, 1, 0.0, 1, 278.167]
[193465.7818, 1, 0.0, 1, 232.173]
[190774.1848, 1, 0.0, 1, 246.306]
[194475.26172, 1, 0.0, 1, 266.649]
[188580.4549, 1, 0.0, 1, 255.439]
[196314.143, 1, 0.0, 1, 277.371]
[191795.15932, 1, 0.0, 1, 275.295]
[191285.97, 1, 0.0, 1, 292.167]
[193465.7818, 1, 0.0, 1, 230.15]
[191297.6476, 1, 0.0, 1, 264.111]
[187967.965, 1, 0.0, 1, 282.061]
[194475.26172, 1, 0.0, 1, 274.46]
[188580.4549, 1, 0.0, 1, 274.276]
[196314.143, 1, 0.0, 1, 271.46]
[191285.97, 1, 0.0, 1, 279.105]
[187967.965, 1, 0.0, 1, 245.0]
[190774.1848, 1, 0.0, 1, 293.189]
[191817.87222, 1, 0.0, 1, 289.783]
[191795.15932, 1, 0.0, 1, 259.311]
[196314.143, 1, 0.0, 1, 287.334]
[191285.97, 1, 0.0, 1, 258.633]
[193465.7818, 1, 0.0, 1, 261.137]
[187967.965, 1, 0.0, 1, 257.486]
[194475.26172, 1, 0.0, 1, 242.698]
[190774.1848, 1, 0.0, 1, 253.75]
[188580.4549, 1, 0.0, 1, 237.752]
[191817.87222, 1, 0.0, 1, 306.069]
[195162.5791, 1, 0.0, 1, 268.759]
[191285.97, 1, 0.0, 1, 264.876]
[193465.7818, 1, 0.0, 1, 241.097]
[187967.965, 1, 0.0, 1, 264.251]
[191297.6476, 1, 0.0, 1, 269.978]
[194475.26172, 1, 0.0, 1, 275.62]
[188580.4549, 1, 0.0, 1, 260.58]
[195162.5791, 1, 0.0, 1, 250.217]
[191817.87222, 1, 0.0, 1, 296.411]
[191285.97, 1, 0.0, 1, 288.59]
[193465.7818, 1, 0.0, 1, 228.231]
[191297.6476, 1, 0.0, 1, 248.854]
[194475.26172, 1, 0.0, 1, 250.23]
[188580.4549, 1, 0.0, 1, 256.949]
[196314.143, 1, 0.0, 1, 242.795]
[195162.5791, 1, 0.0, 1, 258.419]
[191285.97, 1, 0.0, 1, 228.711]
[193465.7818, 1, 0.0, 1, 238.943]
[191297.6476, 1, 0.0, 1, 253.012]
[190774.1848, 1, 0.0, 1, 274.605]
[188580.4549, 1, 0.0, 1, 249.356]
[194475.26172, 1, 0.0, 1, 301.627]
[196314.143, 1, 0.0, 1, 253.363]
[195162.5791, 1, 0.0, 1, 259.968]
[191817.87222, 1, 0.0, 1, 257.563]
[191285.97, 1, 0.0, 1, 306.675]
[187967.965, 1, 0.0, 1, 264.941]
[190774.1848, 1, 0.0, 1, 260.752]
[188580.4549, 1, 0.0, 1, 248.203]
[194475.26172, 1, 0.0, 1, 250.504]
[195162.5791, 1, 0.0, 1, 236.815]
[193465.7818, 1, 0.0, 1, 239.085]
[191817.87222, 1, 0.0, 1, 293.181]
[191285.97, 1, 0.0, 1, 278.638]
[187967.965, 1, 0.0, 1, 243.664]
[190774.1848, 1, 0.0, 1, 254.859]
[191795.15932, 1, 0.0, 1, 242.583]
[194475.26172, 1, 0.0, 1, 261.027]
[195162.5791, 1, 0.0, 1, 291.472]
[193465.7818, 1, 0.0, 1, 254.625]
[196314.143, 1, 0.0, 1, 317.18]
[191817.87222, 1, 0.0, 1, 283.412]
[187967.965, 1, 0.0, 1, 251.669]
[191795.15932, 1, 0.0, 1, 262.936]
[188580.4549, 1, 0.0, 1, 275.067]
[193465.7818, 1, 0.0, 1, 258.149]
[196314.143, 1, 0.0, 1, 264.796]
[191817.87222, 1, 0.0, 1, 260.78]
[191285.97, 1, 0.0, 1, 273.839]
[191795.15932, 1, 0.0, 1, 249.377]
[190774.1848, 1, 0.0, 1, 266.445]
[191297.6476, 1, 0.0, 1, 279.067]
[193465.7818, 1, 0.0, 1, 248.415]
[195162.5791, 1, 0.0, 1, 259.577]
[196314.143, 1, 0.0, 1, 266.37]
[191817.87222, 1, 0.0, 1, 281.263]
[194475.26172, 1, 0.0, 1, 245.017]
[191795.15932, 1, 0.0, 1, 250.25]
[190774.1848, 1, 0.0, 1, 264.974]
[191297.6476, 1, 0.0, 1, 268.689]
[193465.7818, 1, 0.0, 1, 246.617]
[195162.5791, 1, 0.0, 1, 260.262]
[196314.143, 1, 0.0, 1, 239.568]
[191817.87222, 1, 0.0, 1, 253.534]
[187967.965, 1, 0.0, 1, 266.614]
[194475.26172, 1, 0.0, 1, 268.661]
[190774.1848, 1, 0.0, 1, 254.243]
[193465.7818, 1, 0.0, 1, 246.084]
[188580.4549, 1, 0.0, 1, 305.639]
[195162.5791, 1, 0.0, 1, 269.048]
[196314.143, 1, 0.0, 1, 284.767]
[191817.87222, 1, 0.0, 1, 257.592]
[187967.965, 1, 0.0, 1, 260.761]
[191795.15932, 1, 0.0, 1, 272.448]
[194475.26172, 1, 0.0, 1, 282.149]
[190774.1848, 1, 0.0, 1, 274.623]
[193465.7818, 1, 0.0, 1, 255.829]
[195162.5791, 1, 0.0, 1, 264.868]
[188580.4549, 1, 0.0, 1, 290.634]
[196314.143, 1, 0.0, 1, 265.864]
[191817.87222, 1, 0.0, 1, 255.471]
[191795.15932, 1, 0.0, 1, 267.749]
[194475.26172, 1, 0.0, 1, 269.892]
[190774.1848, 1, 0.0, 1, 253.7]
[191297.6476, 1, 0.0, 1, 258.886]
[193465.7818, 1, 0.0, 1, 264.625]
[195162.5791, 1, 0.0, 1, 244.302]
[188580.4549, 1, 0.0, 1, 267.499]
[196314.143, 1, 0.0, 1, 281.18]
[191817.87222, 1, 0.0, 1, 282.779]
[187967.965, 1, 0.0, 1, 267.008]
[190774.1848, 1, 0.0, 1, 267.939]
[193465.7818, 1, 0.0, 1, 250.159]
[195162.5791, 1, 0.0, 1, 236.632]
[188580.4549, 1, 0.0, 1, 265.834]
[194475.26172, 1, 0.0, 1, 240.008]
[190774.1848, 1, 0.0, 1, 246.806]
[191285.97, 1, 0.0, 1, 268.792]
[193465.7818, 1, 0.0, 1, 255.501]
[191297.6476, 1, 0.0, 1, 281.776]
[188580.4549, 1, 0.0, 1, 268.709]
[196314.143, 1, 0.0, 1, 259.804]
[191795.15932, 1, 0.0, 1, 234.052]
[187967.965, 1, 0.0, 1, 280.071]
[190774.1848, 1, 0.0, 1, 264.524]
[193465.7818, 1, 0.0, 1, 254.916]
[195162.5791, 1, 0.0, 1, 257.567]
[191297.6476, 1, 0.0, 1, 269.574]
[188580.4549, 1, 0.0, 1, 247.079]
[196314.143, 1, 0.0, 1, 277.896]
[191817.87222, 1, 0.0, 1, 270.774]
[194475.26172, 1, 0.0, 1, 247.553]
[187967.965, 1, 0.0, 1, 258.339]
[193465.7818, 1, 0.0, 1, 217.26]
[191285.97, 1, 0.0, 1, 248.78]
[195162.5791, 1, 0.0, 1, 233.388]
[190774.1848, 1, 0.0, 1, 310.327]
[188580.4549, 1, 0.0, 1, 248.803]
[191297.6476, 1, 0.0, 1, 299.847]
[196314.143, 1, 0.0, 1, 279.106]
[191817.87222, 1, 0.0, 1, 277.022]
[194475.26172, 1, 0.0, 1, 275.788]
[193465.7818, 1, 0.0, 1, 263.401]
[195162.5791, 1, 0.0, 1, 256.137]
[191285.97, 1, 0.0, 1, 319.206]
[188580.4549, 1, 0.0, 1, 262.581]
[191297.6476, 1, 0.0, 1, 269.852]
[196314.143, 1, 0.0, 1, 276.394]
[187967.965, 1, 0.0, 1, 267.665]
[191817.87222, 1, 0.0, 1, 313.514]
[195162.5791, 1, 0.0, 1, 277.579]
[191285.97, 1, 0.0, 1, 252.114]
[188580.4549, 1, 0.0, 1, 253.893]
[190774.1848, 1, 0.0, 1, 280.155]
[191297.6476, 1, 0.0, 1, 265.416]
[193465.7818, 1, 0.0, 1, 238.643]
[196314.143, 1, 0.0, 1, 277.054]
[191795.15932, 1, 0.0, 1, 276.898]
[191817.87222, 1, 0.0, 1, 286.619]
[195162.5791, 1, 0.0, 1, 270.347]
[188580.4549, 1, 0.0, 1, 258.026]
[190774.1848, 1, 0.0, 1, 255.502]
[191297.6476, 1, 0.0, 1, 266.756]
[193465.7818, 1, 0.0, 1, 249.771]
[187967.965, 1, 0.0, 1, 261.026]
[191795.15932, 1, 0.0, 1, 265.28]
[191817.87222, 1, 0.0, 1, 264.264]
[191285.97, 1, 0.0, 1, 262.111]
[195162.5791, 1, 0.0, 1, 287.247]
[190774.1848, 1, 0.0, 1, 262.068]
[191297.6476, 1, 0.0, 1, 260.05]