[48932.9, 1, 0.0, 6, 36.247]
[48932.9, 2, 13690.7, 11, 58.026]
[48932.9, 1, 0.0, 12, 64.858]
[48932.9, 3, 16244.6, 15, 107.689]
[48932.9, 1, 0.0, 5, 130.907]
[48932.9, 1, 0.0, 6, 159.105]
[48932.9, 1, 0.0, 5, 73.495]
[48932.9, 1, 0.0, 8, 177.648]
[48932.9, 1, 0.0, 8, 259.135]
[48932.9, 1, 0.0, 12, 315.694]
[48932.9, 1, 0.0, 4, 54.354]
[48932.9, 1, 0.0, 6, 96.989]
[48932.9, 1, 0.0, 5, 89.028]
[48932.9, 1, 0.0, 2, 22.649]
[48932.9, 1, 0.0, 3, 72.991]
[48932.9, 1, 0.0, 3, 36.793]
[48932.9, 1, 0.0, 6, 119.688]
[48932.9, 1, 0.0, 7, 77.697]
[48932.9, 1, 0.0, 2, 39.815]
[48932.9, 1, 0.0, 3, 89.789]
[48932.9, 1, 0.0, 5, 53.41]
[48932.9, 1, 0.0, 2, 36.384]
[48932.9, 1, 0.0, 2, 27.415]
[48932.9, 1, 0.0, 3, 37.035]
[48932.9, 1, 0.0, 3, 32.028]
[48932.9, 1, 0.0, 2, 33.178]
[48932.9, 1, 0.0, 6, 119.027]
[48932.9, 1, 0.0, 2, 46.175]
[48932.9, 1, 0.0, 2, 40.137]
[48932.9, 1, 0.0, 4, 68.002]
[36043.2, 1, 0.0, 12, 67.965]
[48932.9, 3, 6857.2, 8, 45.445]
[48932.9, 1, 0.0, 12, 63.355]
[48932.9, 1, 0.0, 4, 124.577]
[48932.9, 1, 0.0, 3, 46.659]
[48932.9, 1, 0.0, 8, 232.247]
[48932.9, 1, 0.0, 4, 62.083]
[48932.9, 1, 0.0, 2, 27.462]
[48932.9, 1, 0.0, 3, 98.826]
[48932.9, 1, 0.0, 3, 71.504]
[36043.2, 1, 0.0, 5, 143.858]
[48932.9, 1, 0.0, 3, 35.509]
[48932.9, 1, 0.0, 8, 140.525]
[48932.9, 1, 0.0, 5, 45.374]
[48932.9, 1, 0.0, 2, 19.938]
[48932.9, 1, 0.0, 3, 18.523]
[48932.9, 1, 0.0, 3, 50.252]
[48932.9, 1, 0.0, 4, 47.315]
[48932.9, 1, 0.0, 5, 114.469]
[48932.9, 1, 0.0, 3, 36.558]
[48932.9, 1, 0.0, 2, 25.779]
[48932.9, 1, 0.0, 2, 23.937]
[48932.9, 1, 0.0, 3, 20.259]
[48932.9, 1, 0.0, 2, 15.523]
[48932.9, 1, 0.0, 3, 34.113]
[48932.9, 1, 0.0, 4, 43.237]
[48932.9, 1, 0.0, 5, 68.283]
[48932.9, 1, 0.0, 4, 49.829]
[48932.9, 1, 0.0, 4, 27.82]
[48932.9, 1, 0.0, 2, 18.224]
[48932.9, 1, 0.0, 2, 18.225]
[48932.9, 1, 0.0, 2, 20.584]
[48932.9, 1, 0.0, 2, 11.535]
[48932.9, 1, 0.0, 3, 20.836]
[48932.9, 1, 0.0, 3, 25.555]
[48932.9, 1, 0.0, 2, 18.614]
[48932.9, 1, 0.0, 1, 10.126]
[48932.9, 1, 0.0, 2, 16.877]
[48932.9, 1, 0.0, 2, 32.534]
[48932.9, 1, 0.0, 2, 22.68]
[48932.9, 1, 0.0, 1, 7.885]
[48932.9, 1, 0.0, 2, 20.866]
[48932.9, 1, 0.0, 2, 18.231]
[48932.9, 1, 0.0, 1, 5.614]
[48932.9, 1, 0.0, 2, 9.609]
[48932.9, 1, 0.0, 3, 13.743]
[48932.9, 1, 0.0, 1, 4.603]
[48932.9, 1, 0.0, 3, 16.151]
[48932.9, 1, 0.0, 2, 13.454]
[48932.9, 1, 0.0, 2, 9.049]
[48932.9, 1, 0.0, 1, 4.5]
[48932.9, 1, 0.0, 2, 8.997]
[48932.9, 1, 0.0, 1, 4.486]
[48932.9, 1, 0.0, 2, 14.88]
[48932.9, 1, 0.0, 2, 19.622]
[48932.9, 1, 0.0, 1, 9.057]
[48932.9, 1, 0.0, 2, 14.036]
[48932.9, 1, 0.0, 1, 5.778]
[48932.9, 1, 0.0, 2, 11.442]
[48932.9, 1, 0.0, 2, 9.049]
[48932.9, 1, 0.0, 2, 14.975]
[48932.9, 1, 0.0, 1, 5.592]
[48932.9, 1, 0.0, 3, 13.736]
[48932.9, 1, 0.0, 1, 8.799]
[48932.9, 1, 0.0, 1, 10.872]
[48932.9, 1, 0.0, 1, 5.598]
[48932.9, 1, 0.0, 1, 4.514]
[48932.9, 1, 0.0, 1, 5.864]
[48932.9, 1, 0.0, 2, 9.078]
[48932.9, 1, 0.0, 2, 9.09]
[48932.9, 1, 0.0, 1, 4.475]
[48932.9, 1, 0.0, 2, 9.12]
[48932.9, 1, 0.0, 1, 6.215]
[48932.9, 1, 0.0, 2, 12.752]
[48932.9, 1, 0.0, 2, 18.367]
[48932.9, 1, 0.0, 2, 9.175]
[48932.9, 1, 0.0, 2, 9.128]
[48932.9, 1, 0.0, 1, 12.308]
[48932.9, 1, 0.0, 1, 6.494]
[48932.9, 1, 0.0, 1, 8.565]
[48932.9, 1, 0.0, 1, 7.214]
[48932.9, 1, 0.0, 2, 9.272]
[48932.9, 1, 0.0, 1, 7.353]
[48932.9, 1, 0.0, 2, 9.038]
[48932.9, 1, 0.0, 1, 6.325]
[48932.9, 1, 0.0, 2, 9.786]
[48932.9, 1, 0.0, 1, 5.552]
[48932.9, 1, 0.0, 1, 4.685]
[48932.9, 1, 0.0, 2, 19.732]
[48932.9, 1, 0.0, 1, 4.525]
[48932.9, 1, 0.0, 1, 6.557]
[48932.9, 1, 0.0, 1, 7.259]
[48932.9, 1, 0.0, 2, 12.63]
[48932.9, 1, 0.0, 1, 4.564]
[48932.9, 1, 0.0, 1, 6.725]
[48932.9, 1, 0.0, 2, 9.12]
[48932.9, 1, 0.0, 2, 9.321]
[48932.9, 1, 0.0, 1, 8.395]
[48932.9, 1, 0.0, 1, 4.785]
[48932.9, 1, 0.0, 1, 7.617]
[48932.9, 1, 0.0, 2, 15.273]
[48932.9, 1, 0.0, 1, 4.504]
[48932.9, 1, 0.0, 1, 4.665]
[48932.9, 1, 0.0, 1, 4.557]
[48932.9, 1, 0.0, 1, 4.527]
[48932.9, 1, 0.0, 2, 15.39]
[48932.9, 1, 0.0, 2, 9.114]
[48932.9, 1, 0.0, 2, 9.227]
[48932.9, 1, 0.0, 1, 4.561]
[48932.9, 1, 0.0, 1, 4.566]
[48932.9, 1, 0.0, 1, 4.563]
[48932.9, 1, 0.0, 1, 4.551]
[48932.9, 1, 0.0, 2, 9.205]
[48932.9, 1, 0.0, 1, 4.615]
[48932.9, 1, 0.0, 1, 9.009]
[48932.9, 1, 0.0, 1, 4.954]
[48932.9, 1, 0.0, 1, 9.27]
[48932.9, 1, 0.0, 1, 4.689]
[48932.9, 1, 0.0, 1, 4.564]
[48932.9, 1, 0.0, 2, 9.155]
[48932.9, 1, 0.0, 1, 4.525]
[48932.9, 1, 0.0, 1, 4.71]
[48932.9, 1, 0.0, 2, 9.227]
[48932.9, 1, 0.0, 1, 4.559]
[48932.9, 1, 0.0, 1, 4.512]
[48932.9, 1, 0.0, 1, 4.522]
[48932.9, 1, 0.0, 1, 4.546]
[48932.9, 1, 0.0, 1, 6.679]
[48932.9, 1, 0.0, 1, 4.522]
[48932.9, 1, 0.0, 1, 4.538]
[48932.9, 1, 0.0, 1, 4.595]
[48932.9, 1, 0.0, 2, 9.091]
[48932.9, 1, 0.0, 1, 4.543]
[48932.9, 1, 0.0, 1, 4.615]
[48932.9, 1, 0.0, 1, 4.539]
[48932.9, 1, 0.0, 1, 4.559]
[48932.9, 1, 0.0, 1, 4.574]
[48932.9, 1, 0.0, 1, 4.537]
[48932.9, 1, 0.0, 2, 12.257]
[48932.9, 1, 0.0, 2, 10.006]
[48932.9, 1, 0.0, 1, 4.886]
[48932.9, 1, 0.0, 1, 5.56]
[48932.9, 1, 0.0, 2, 9.909]
[48932.9, 1, 0.0, 1, 7.612]
[48932.9, 1, 0.0, 1, 4.879]
[48932.9, 1, 0.0, 2, 17.722]
[48932.9, 1, 0.0, 1, 4.871]
[48932.9, 1, 0.0, 1, 4.913]
[48932.9, 1, 0.0, 1, 4.949]
[48932.9, 1, 0.0, 1, 4.879]
[48932.9, 1, 0.0, 1, 6.596]
[48932.9, 1, 0.0, 2, 9.232]
[48932.9, 1, 0.0, 1, 4.521]
[48932.9, 1, 0.0, 1, 5.546]
[48932.9, 1, 0.0, 1, 4.599]
[48932.9, 1, 0.0, 2, 9.114]
[48932.9, 1, 0.0, 1, 4.617]
[48932.9, 1, 0.0, 1, 4.622]
[48932.9, 1, 0.0, 1, 4.658]
[48932.9, 1, 0.0, 3, 13.758]
[48932.9, 1, 0.0, 1, 4.548]
[48932.9, 1, 0.0, 2, 9.235]
[48932.9, 1, 0.0, 1, 4.52]
[48932.9, 1, 0.0, 1, 4.586]
[48932.9, 1, 0.0, 1, 4.591]
[48932.9, 1, 0.0, 2, 9.241]
[48932.9, 1, 0.0, 2, 9.408]
[48932.9, 1, 0.0, 1, 4.563]
[48932.9, 1, 0.0, 1, 4.531]
[48932.9, 1, 0.0, 1, 4.628]
[48932.9, 1, 0.0, 1, 4.615]
[48932.9, 1, 0.0, 1, 4.531]
[48932.9, 1, 0.0, 1, 8.28]
[48932.9, 1, 0.0, 1, 4.596]
[48932.9, 1, 0.0, 1, 4.689]
[48932.9, 1, 0.0, 1, 4.634]
[48932.9, 1, 0.0, 1, 4.62]
[48932.9, 1, 0.0, 1, 4.544]
[48932.9, 1, 0.0, 1, 4.526]
[48932.9, 1, 0.0, 1, 4.546]
[48932.9, 1, 0.0, 1, 9.094]
[48932.9, 1, 0.0, 1, 4.573]
[48932.9, 1, 0.0, 1, 4.62]
[48932.9, 1, 0.0, 1, 4.551]
[48932.9, 1, 0.0, 1, 7.818]
[48932.9, 1, 0.0, 1, 4.524]
[48932.9, 1, 0.0, 2, 9.215]
[48932.9, 1, 0.0, 1, 4.578]
[48932.9, 1, 0.0, 1, 5.092]
[48932.9, 1, 0.0, 1, 4.581]
[48932.9, 1, 0.0, 1, 4.593]
[48932.9, 1, 0.0, 1, 4.536]
[48932.9, 1, 0.0, 2, 9.189]
[48932.9, 1, 0.0, 1, 4.573]
[48932.9, 1, 0.0, 1, 4.564]
[48932.9, 1, 0.0, 1, 5.828]
[48932.9, 1, 0.0, 1, 4.631]
[48932.9, 1, 0.0, 2, 9.15]
[48932.9, 1, 0.0, 1, 4.512]
[48932.9, 1, 0.0, 1, 4.558]
[48932.9, 1, 0.0, 2, 9.186]
[48932.9, 1, 0.0, 1, 8.278]
[48932.9, 1, 0.0, 1, 4.556]
[48932.9, 1, 0.0, 2, 9.062]
[48932.9, 1, 0.0, 1, 5.223]
[48932.9, 1, 0.0, 2, 9.061]
[48932.9, 1, 0.0, 1, 4.573]
[48932.9, 1, 0.0, 1, 6.722]
[48932.9, 1, 0.0, 1, 4.609]
[48932.9, 1, 0.0, 1, 4.966]
[48932.9, 1, 0.0, 1, 4.625]
[48932.9, 1, 0.0, 1, 4.532]
[48932.9, 1, 0.0, 2, 9.162]
[48932.9, 1, 0.0, 1, 4.565]
[48932.9, 1, 0.0, 1, 6.773]
[48932.9, 1, 0.0, 1, 4.538]
[48932.9, 1, 0.0, 1, 4.548]
[48932.9, 1, 0.0, 1, 4.571]
[48932.9, 1, 0.0, 1, 4.599]
[48932.9, 1, 0.0, 1, 4.707]
[48932.9, 1, 0.0, 1, 4.579]
[48932.9, 1, 0.0, 1, 4.587]
[48932.9, 1, 0.0, 1, 8.475]
[48932.9, 1, 0.0, 1, 4.622]
[48932.9, 1, 0.0, 1, 4.559]
[48932.9, 1, 0.0, 2, 9.074]
[48932.9, 1, 0.0, 1, 4.604]
[48932.9, 1, 0.0, 1, 4.584]
[48932.9, 1, 0.0, 1, 4.535]
[48932.9, 1, 0.0, 1, 4.617]
[48932.9, 1, 0.0, 2, 9.081]
[48932.9, 1, 0.0, 1, 4.522]
[48932.9, 1, 0.0, 1, 4.56]
[48932.9, 1, 0.0, 1, 4.555]
[48932.9, 1, 0.0, 1, 4.541]
[48932.9, 1, 0.0, 1, 4.491]
[48932.9, 1, 0.0, 1, 4.526]
[48932.9, 1, 0.0, 1, 4.625]
[48932.9, 1, 0.0, 1, 4.597]
[48932.9, 1, 0.0, 1, 4.614]
[48932.9, 1, 0.0, 1, 4.51]
[48932.9, 1, 0.0, 1, 4.553]
[48932.9, 1, 0.0, 1, 4.555]
[48932.9, 1, 0.0, 1, 4.52]
[48932.9, 1, 0.0, 1, 4.595]
[48932.9, 1, 0.0, 1, 4.575]
[48932.9, 1, 0.0, 1, 6.661]
[48932.9, 1, 0.0, 1, 4.583]
[48932.9, 1, 0.0, 2, 9.118]
[48932.9, 1, 0.0, 1, 4.569]
[48932.9, 1, 0.0, 1, 4.532]
[48932.9, 1, 0.0, 1, 4.49]
[48932.9, 1, 0.0, 1, 4.541]
[48932.9, 1, 0.0, 1, 4.579]
[48932.9, 1, 0.0, 1, 4.611]
[48932.9, 1, 0.0, 1, 6.469]
[48932.9, 1, 0.0, 2, 12.384]
[48932.9, 1, 0.0, 1, 6.267]
[48932.9, 1, 0.0, 1, 12.053]
[48932.9, 1, 0.0, 1, 6.285]
[48932.9, 1, 0.0, 2, 12.656]
[48932.9, 1, 0.0, 1, 8.157]
[48932.9, 1, 0.0, 1, 11.293]
[48932.9, 1, 0.0, 2, 12.748]
[48932.9, 1, 0.0, 2, 13.889]
[48932.9, 1, 0.0, 1, 4.917]
[48932.9, 1, 0.0, 1, 4.919]
[48932.9, 1, 0.0, 2, 9.949]
[48932.9, 1, 0.0, 1, 4.914]
[48932.9, 1, 0.0, 1, 4.939]
[48932.9, 1, 0.0, 1, 4.88]
[48932.9, 1, 0.0, 2, 10.012]
[48932.9, 1, 0.0, 2, 9.8]
[48932.9, 1, 0.0, 1, 8.038]
[48932.9, 1, 0.0, 1, 4.894]
[48932.9, 1, 0.0, 1, 4.868]
[48932.9, 1, 0.0, 1, 4.91]
[48932.9, 1, 0.0, 1, 5.091]
[48932.9, 1, 0.0, 1, 4.92]
[48932.9, 1, 0.0, 1, 4.95]
[48932.9, 1, 0.0, 1, 4.91]
[48932.9, 1, 0.0, 1, 4.865]
[48932.9, 1, 0.0, 1, 5.9]
[48932.9, 1, 0.0, 1, 6.692]
[48932.9, 1, 0.0, 2, 9.785]
[48932.9, 1, 0.0, 1, 4.939]
[48932.9, 1, 0.0, 1, 4.924]
[48932.9, 1, 0.0, 1, 4.909]
[48932.9, 1, 0.0, 1, 8.405]
[48932.9, 1, 0.0, 1, 4.9]
[48932.9, 1, 0.0, 1, 4.896]
[48932.9, 1, 0.0, 1, 4.903]
[48932.9, 1, 0.0, 1, 4.932]
[48932.9, 1, 0.0, 1, 4.889]
[48932.9, 1, 0.0, 1, 4.923]
[48932.9, 1, 0.0, 1, 4.927]
[48932.9, 1, 0.0, 1, 4.906]
[48932.9, 1, 0.0, 1, 12.248]
[48932.9, 1, 0.0, 1, 4.903]
[48932.9, 1, 0.0, 1, 4.911]
[48932.9, 1, 0.0, 1, 4.994]
[48932.9, 1, 0.0, 1, 10.039]
[48932.9, 1, 0.0, 1, 4.88]
[48932.9, 1, 0.0, 1, 5.997]
[48932.9, 1, 0.0, 1, 4.875]
[48932.9, 1, 0.0, 1, 4.937]
[48932.9, 1, 0.0, 2, 9.82]
[48932.9, 1, 0.0, 1, 4.896]
[48932.9, 1, 0.0, 1, 12.579]
[48932.9, 1, 0.0, 2, 12.496]
[48932.9, 1, 0.0, 1, 6.298]
[48932.9, 1, 0.0, 1, 6.422]
[48932.9, 1, 0.0, 2, 12.617]
[48932.9, 1, 0.0, 1, 8.378]
[48932.9, 1, 0.0, 1, 9.334]
[48932.9, 1, 0.0, 1, 7.494]
[48932.9, 1, 0.0, 1, 6.295]
[48932.9, 1, 0.0, 1, 6.275]
[48932.9, 1, 0.0, 1, 6.277]
[48932.9, 1, 0.0, 1, 6.281]
[48932.9, 1, 0.0, 1, 6.124]
[48932.9, 1, 0.0, 1, 6.287]
[48932.9, 1, 0.0, 1, 6.214]
[48932.9, 1, 0.0, 1, 6.278]
[48932.9, 1, 0.0, 1, 6.329]
[48932.9, 1, 0.0, 1, 7.821]
[48932.9, 1, 0.0, 1, 7.836]
[48932.9, 1, 0.0, 1, 11.013]
[48932.9, 1, 0.0, 1, 6.277]
[48932.9, 1, 0.0, 1, 6.279]
[48932.9, 1, 0.0, 1, 6.353]
[48932.9, 1, 0.0, 1, 6.468]
[48932.9, 1, 0.0, 1, 11.23]
[48932.9, 1, 0.0, 1, 6.225]
[48932.9, 1, 0.0, 1, 6.348]
[48932.9, 1, 0.0, 1, 8.018]
[48932.9, 1, 0.0, 1, 11.956]
[48932.9, 1, 0.0, 1, 12.531]
[48932.9, 1, 0.0, 2, 12.675]
[48932.9, 1, 0.0, 1, 6.15]
[48932.9, 1, 0.0, 1, 10.688]
[48932.9, 1, 0.0, 1, 7.446]
[48932.9, 1, 0.0, 2, 12.532]
[48932.9, 1, 0.0, 1, 7.724]
[48932.9, 1, 0.0, 1, 9.416]
[48932.9, 1, 0.0, 1, 6.155]
[48932.9, 1, 0.0, 1, 10.816]
[48932.9, 1, 0.0, 1, 6.378]
[48932.9, 1, 0.0, 1, 6.223]
[48932.9, 1, 0.0, 1, 6.219]
[48932.9, 1, 0.0, 1, 6.461]
[48932.9, 1, 0.0, 1, 6.181]
[48932.9, 1, 0.0, 1, 6.284]
[48932.9, 1, 0.0, 2, 12.74]
[48932.9, 1, 0.0, 1, 6.246]
[48932.9, 1, 0.0, 1, 6.269]
[48932.9, 1, 0.0, 1, 6.272]
[48932.9, 1, 0.0, 1, 6.182]
[48932.9, 1, 0.0, 1, 6.292]
[48932.9, 1, 0.0, 1, 6.181]
[48932.9, 1, 0.0, 1, 6.136]
[48932.9, 1, 0.0, 2, 12.734]
[48932.9, 1, 0.0, 1, 6.238]
[48932.9, 1, 0.0, 2, 12.491]
[48932.9, 1, 0.0, 1, 6.283]
[48932.9, 1, 0.0, 1, 6.249]
[48932.9, 1, 0.0, 1, 6.22]
[48932.9, 1, 0.0, 1, 6.223]
[48932.9, 1, 0.0, 1, 6.212]
[48932.9, 1, 0.0, 1, 10.316]
[48932.9, 1, 0.0, 1, 6.339]
[48932.9, 1, 0.0, 2, 13.894]
[48932.9, 1, 0.0, 1, 6.302]
[48932.9, 1, 0.0, 1, 6.164]
[48932.9, 1, 0.0, 1, 6.203]
[48932.9, 1, 0.0, 1, 8.688]
[48932.9, 1, 0.0, 1, 6.282]
[48932.9, 1, 0.0, 1, 6.279]
[48932.9, 1, 0.0, 1, 10.99]
[48932.9, 1, 0.0, 1, 12.358]
[48932.9, 1, 0.0, 1, 6.173]
[48932.9, 1, 0.0, 1, 6.173]
[48932.9, 1, 0.0, 1, 6.172]
[48932.9, 1, 0.0, 1, 8.359]
[48932.9, 1, 0.0, 1, 12.031]
[48932.9, 1, 0.0, 1, 6.21]
[48932.9, 1, 0.0, 2, 12.293]
[48932.9, 1, 0.0, 1, 6.278]
[48932.9, 1, 0.0, 1, 6.181]
[48932.9, 1, 0.0, 1, 6.294]
[48932.9, 1, 0.0, 1, 6.32]
[48932.9, 1, 0.0, 1, 6.306]
[48932.9, 1, 0.0, 1, 6.247]
[48932.9, 1, 0.0, 1, 8.798]
[48932.9, 1, 0.0, 1, 6.441]
[48932.9, 1, 0.0, 1, 6.38]
[48932.9, 1, 0.0, 1, 7.137]
[48932.9, 1, 0.0, 2, 12.333]
[48932.9, 1, 0.0, 1, 6.322]
[48932.9, 1, 0.0, 1, 11.0]
[48932.9, 1, 0.0, 1, 6.215]
[48932.9, 1, 0.0, 1, 6.243]
[48932.9, 1, 0.0, 1, 6.225]
[48932.9, 1, 0.0, 1, 6.28]
[48932.9, 1, 0.0, 1, 6.157]
[48932.9, 1, 0.0, 1, 6.217]
[48932.9, 1, 0.0, 1, 6.143]
[48932.9, 1, 0.0, 1, 6.314]
[48932.9, 1, 0.0, 1, 9.295]
[48932.9, 1, 0.0, 1, 6.373]
[48932.9, 1, 0.0, 1, 12.484]
[48932.9, 1, 0.0, 1, 6.223]
[48932.9, 1, 0.0, 1, 6.317]
[48932.9, 1, 0.0, 1, 6.391]
[48932.9, 1, 0.0, 1, 6.224]
[48932.9, 1, 0.0, 1, 6.265]
[48932.9, 1, 0.0, 1, 6.365]
[48932.9, 1, 0.0, 1, 6.263]
[48932.9, 1, 0.0, 1, 6.545]
[48932.9, 1, 0.0, 1, 6.268]
[48932.9, 1, 0.0, 1, 6.345]
[48932.9, 1, 0.0, 1, 6.175]
[48932.9, 1, 0.0, 1, 6.149]
[48932.9, 1, 0.0, 1, 6.19]
[48932.9, 1, 0.0, 1, 10.982]
[48932.9, 1, 0.0, 1, 6.339]
[48932.9, 1, 0.0, 1, 8.842]
[48932.9, 1, 0.0, 1, 6.209]
[48932.9, 1, 0.0, 1, 6.182]
[48932.9, 1, 0.0, 1, 6.314]
[48932.9, 1, 0.0, 1, 6.126]
[48932.9, 1, 0.0, 2, 12.494]
[48932.9, 1, 0.0, 1, 6.249]
[48932.9, 1, 0.0, 2, 12.392]
[48932.9, 1, 0.0, 1, 6.159]
[48932.9, 1, 0.0, 1, 8.744]
[48932.9, 1, 0.0, 1, 6.243]
[48932.9, 1, 0.0, 1, 6.261]
[48932.9, 1, 0.0, 1, 6.332]
[48932.9, 1, 0.0, 2, 12.432]
[48932.9, 1, 0.0, 1, 6.26]
[48932.9, 1, 0.0, 1, 6.195]
[48932.9, 1, 0.0, 1, 6.137]
[48932.9, 1, 0.0, 1, 6.269]
[48932.9, 1, 0.0, 1, 6.126]
[48932.9, 1, 0.0, 1, 6.254]
[48932.9, 1, 0.0, 1, 6.347]
[48932.9, 1, 0.0, 1, 6.301]
[48932.9, 1, 0.0, 1, 6.316]
[48932.9, 1, 0.0, 1, 6.283]
[48932.9, 1, 0.0, 1, 6.28]
[48932.9, 1, 0.0, 2, 12.401]
[48932.9, 1, 0.0, 1, 11.693]
[48932.9, 1, 0.0, 2, 12.852]
[48932.9, 1, 0.0, 1, 6.2]
[48932.9, 1, 0.0, 1, 6.252]
[48932.9, 1, 0.0, 1, 6.205]
[48932.9, 1, 0.0, 1, 6.226]
[48932.9, 1, 0.0, 1, 6.238]
[48932.9, 1, 0.0, 1, 6.318]
[48932.9, 1, 0.0, 1, 6.199]
[48932.9, 1, 0.0, 1, 6.373]
[48932.9, 1, 0.0, 1, 6.155]
[48932.9, 1, 0.0, 2, 12.562]
[48932.9, 1, 0.0, 1, 6.327]
[48932.9, 1, 0.0, 1, 6.266]
[48932.9, 1, 0.0, 1, 6.245]
[48932.9, 1, 0.0, 1, 7.324]
[48932.9, 1, 0.0, 1, 6.209]
[48932.9, 1, 0.0, 1, 6.29]
[48932.9, 1, 0.0, 1, 6.244]
[48932.9, 1, 0.0, 1, 6.201]
[48932.9, 1, 0.0, 1, 6.194]
[48932.9, 1, 0.0, 1, 6.267]
[48932.9, 1, 0.0, 1, 6.226]
[48932.9, 1, 0.0, 1, 6.189]
[48932.9, 1, 0.0, 1, 6.366]
[48932.9, 1, 0.0, 1, 6.235]
[48932.9, 1, 0.0, 1, 6.21]
[48932.9, 1, 0.0, 2, 12.441]
[48932.9, 1, 0.0, 1, 6.214]
[48932.9, 1, 0.0, 1, 6.691]
[48932.9, 1, 0.0, 1, 6.439]
[48932.9, 1, 0.0, 1, 6.537]
[48932.9, 1, 0.0, 1, 6.518]
[48932.9, 1, 0.0, 1, 8.693]
[48932.9, 1, 0.0, 1, 6.268]
[48932.9, 1, 0.0, 1, 6.364]
[48932.9, 1, 0.0, 1, 6.25]
[48932.9, 1, 0.0, 1, 6.343]
[48932.9, 1, 0.0, 1, 6.205]
[48932.9, 1, 0.0, 1, 6.246]
[48932.9, 1, 0.0, 1, 6.274]
[48932.9, 1, 0.0, 1, 6.308]
[48932.9, 1, 0.0, 1, 6.071]
[48932.9, 1, 0.0, 1, 6.119]
[48932.9, 1, 0.0, 1, 6.332]
[48932.9, 1, 0.0, 1, 6.153]
[48932.9, 1, 0.0, 1, 6.346]
[48932.9, 1, 0.0, 1, 6.307]
[48932.9, 1, 0.0, 1, 6.217]
[48932.9, 1, 0.0, 1, 6.212]
[48932.9, 1, 0.0, 1, 6.311]
[48932.9, 1, 0.0, 1, 6.158]
[48932.9, 1, 0.0, 1, 6.336]
[48932.9, 1, 0.0, 1, 6.284]
[48932.9, 1, 0.0, 1, 6.087]
[48932.9, 1, 0.0, 1, 6.226]
[48932.9, 1, 0.0, 1, 6.159]
[48932.9, 1, 0.0, 1, 6.252]
[48932.9, 1, 0.0, 1, 6.281]
[48932.9, 1, 0.0, 1, 6.173]
[48932.9, 1, 0.0, 1, 6.226]
[48932.9, 1, 0.0, 1, 6.331]
[48932.9, 1, 0.0, 1, 6.229]
[48932.9, 1, 0.0, 1, 6.367]
[48932.9, 1, 0.0, 1, 6.236]
[48932.9, 1, 0.0, 1, 6.24]
[48932.9, 1, 0.0, 1, 6.344]
[48932.9, 1, 0.0, 1, 6.281]
[48932.9, 1, 0.0, 1, 6.224]
[48932.9, 1, 0.0, 1, 6.429]
[48932.9, 1, 0.0, 1, 6.321]
[48932.9, 1, 0.0, 2, 12.546]
[48932.9, 1, 0.0, 1, 6.181]
[48932.9, 1, 0.0, 1, 6.158]
[48932.9, 1, 0.0, 1, 6.271]
[48932.9, 1, 0.0, 1, 6.321]
[48932.9, 1, 0.0, 1, 6.274]
[48932.9, 1, 0.0, 1, 6.378]
[48932.9, 1, 0.0, 1, 6.326]
[48932.9, 1, 0.0, 1, 6.255]
[48932.9, 1, 0.0, 1, 6.344]
[48932.9, 1, 0.0, 1, 6.417]
[48932.9, 1, 0.0, 1, 6.29]
[48932.9, 1, 0.0, 1, 6.25]
[48932.9, 1, 0.0, 1, 6.179]
[48932.9, 1, 0.0, 1, 6.208]
[48932.9, 1, 0.0, 1, 6.277]
[48932.9, 1, 0.0, 1, 6.355]
[48932.9, 1, 0.0, 1, 6.218]
[48932.9, 1, 0.0, 1, 6.142]
[48932.9, 1, 0.0, 1, 6.215]
[48932.9, 1, 0.0, 1, 6.233]
[48932.9, 1, 0.0, 1, 6.446]
[48932.9, 1, 0.0, 1, 6.117]
[48932.9, 1, 0.0, 1, 6.341]
[48932.9, 1, 0.0, 1, 6.508]
[48932.9, 1, 0.0, 1, 6.262]
[48932.9, 1, 0.0, 1, 6.408]
[48932.9, 1, 0.0, 1, 6.314]
[48932.9, 1, 0.0, 1, 6.258]
[48932.9, 1, 0.0, 1, 6.282]
[48932.9, 1, 0.0, 1, 6.261]
[48932.9, 1, 0.0, 1, 6.221]
[48932.9, 1, 0.0, 1, 6.321]
[48932.9, 1, 0.0, 1, 6.282]
[48932.9, 1, 0.0, 1, 6.244]
[48932.9, 1, 0.0, 1, 6.236]
[48932.9, 1, 0.0, 1, 6.286]
[48932.9, 1, 0.0, 1, 6.219]
[48932.9, 1, 0.0, 1, 6.27]
[48932.9, 1, 0.0, 1, 6.209]
[48932.9, 1, 0.0, 1, 6.278]
[48932.9, 1, 0.0, 1, 6.261]
[48932.9, 1, 0.0, 1, 6.287]
[48932.9, 1, 0.0, 1, 6.246]
[48932.9, 1, 0.0, 1, 6.25]
[48932.9, 1, 0.0, 1, 6.236]
[48932.9, 1, 0.0, 1, 6.19]
[48932.9, 1, 0.0, 1, 6.311]
[48932.9, 1, 0.0, 1, 6.199]
[48932.9, 1, 0.0, 1, 6.176]
[48932.9, 1, 0.0, 1, 6.299]
[48932.9, 1, 0.0, 1, 6.063]
[48932.9, 1, 0.0, 1, 6.177]
[48932.9, 1, 0.0, 1, 6.229]
[48932.9, 1, 0.0, 1, 6.235]
[48932.9, 1, 0.0, 1, 6.263]
[48932.9, 1, 0.0, 1, 6.254]
[48932.9, 1, 0.0, 1, 6.218]
[48932.9, 1, 0.0, 1, 6.19]
[48932.9, 1, 0.0, 1, 6.227]
[48932.9, 1, 0.0, 1, 6.324]
[48932.9, 1, 0.0, 1, 6.282]
[48932.9, 1, 0.0, 1, 6.147]
[48932.9, 1, 0.0, 1, 6.149]
[48932.9, 1, 0.0, 1, 6.267]
[48932.9, 1, 0.0, 1, 6.272]
[48932.9, 1, 0.0, 1, 6.19]
[48932.9, 1, 0.0, 1, 6.273]
[48932.9, 1, 0.0, 1, 6.203]
[48932.9, 1, 0.0, 1, 6.227]
[48932.9, 1, 0.0, 1, 6.305]
[48932.9, 1, 0.0, 1, 6.223]
[48932.9, 1, 0.0, 1, 6.091]
[48932.9, 1, 0.0, 1, 6.442]
[48932.9, 1, 0.0, 1, 6.467]
[48932.9, 1, 0.0, 1, 6.199]
[48932.9, 1, 0.0, 1, 6.292]
[48932.9, 1, 0.0, 1, 6.196]
[48932.9, 1, 0.0, 1, 6.28]
[48932.9, 1, 0.0, 1, 6.395]
[48932.9, 1, 0.0, 1, 6.166]
[48932.9, 1, 0.0, 1, 6.234]
[48932.9, 1, 0.0, 1, 6.23]
[48932.9, 1, 0.0, 1, 6.183]
[48932.9, 1, 0.0, 1, 6.402]
[48932.9, 1, 0.0, 1, 6.186]
[48932.9, 1, 0.0, 1, 6.181]
[48932.9, 1, 0.0, 1, 6.162]
[48932.9, 1, 0.0, 1, 6.079]
[48932.9, 1, 0.0, 1, 6.207]
[48932.9, 1, 0.0, 1, 6.275]
[48932.9, 1, 0.0, 1, 6.25]
[48932.9, 1, 0.0, 1, 6.258]
[48932.9, 1, 0.0, 1, 6.276]
[48932.9, 1, 0.0, 1, 6.208]
[48932.9, 1, 0.0, 1, 6.288]
[48932.9, 1, 0.0, 1, 6.261]
[48932.9, 1, 0.0, 1, 6.221]
[48932.9, 1, 0.0, 1, 6.226]
[48932.9, 1, 0.0, 1, 6.216]
[48932.9, 1, 0.0, 1, 6.215]
[48932.9, 1, 0.0, 1, 6.241]
[48932.9, 1, 0.0, 1, 6.279]
[48932.9, 1, 0.0, 1, 6.302]
[48932.9, 1, 0.0, 1, 6.176]
[48932.9, 1, 0.0, 1, 6.119]
[48932.9, 1, 0.0, 1, 6.166]
[48932.9, 1, 0.0, 1, 6.266]
[48932.9, 1, 0.0, 1, 6.279]
[48932.9, 1, 0.0, 2, 12.588]
[48932.9, 1, 0.0, 1, 6.41]
[48932.9, 1, 0.0, 1, 6.376]
[48932.9, 1, 0.0, 1, 6.347]
[48932.9, 1, 0.0, 1, 6.306]
[48932.9, 1, 0.0, 1, 6.224]
[48932.9, 1, 0.0, 1, 6.268]
[48932.9, 1, 0.0, 1, 6.279]
[48932.9, 1, 0.0, 1, 6.294]
[48932.9, 1, 0.0, 1, 6.244]
[48932.9, 1, 0.0, 1, 6.227]
[48932.9, 1, 0.0, 1, 6.223]
[48932.9, 1, 0.0, 1, 6.398]
[48932.9, 1, 0.0, 1, 6.592]
[48932.9, 1, 0.0, 1, 6.349]
[48932.9, 1, 0.0, 1, 6.227]
[48932.9, 1, 0.0, 1, 6.236]
[48932.9, 1, 0.0, 1, 6.165]
[48932.9, 1, 0.0, 1, 6.13]
[48932.9, 1, 0.0, 1, 6.256]
[48932.9, 1, 0.0, 1, 6.179]
[48932.9, 1, 0.0, 1, 6.332]
[48932.9, 1, 0.0, 1, 6.294]
[48932.9, 1, 0.0, 1, 6.303]
[48932.9, 1, 0.0, 1, 6.26]
[48932.9, 1, 0.0, 1, 6.116]
[48932.9, 1, 0.0, 1, 6.257]
[48932.9, 1, 0.0, 1, 6.273]
[48932.9, 1, 0.0, 1, 6.186]
[48932.9, 1, 0.0, 1, 6.234]
[48932.9, 1, 0.0, 1, 6.211]
[48932.9, 1, 0.0, 1, 6.162]
[48932.9, 1, 0.0, 1, 6.272]
[48932.9, 1, 0.0, 1, 6.334]
[48932.9, 1, 0.0, 1, 6.23]
[48932.9, 1, 0.0, 1, 6.341]
[48932.9, 1, 0.0, 1, 6.202]
[48932.9, 1, 0.0, 1, 6.203]
[48932.9, 1, 0.0, 1, 6.59]
[48932.9, 1, 0.0, 1, 6.164]
[48932.9, 1, 0.0, 1, 6.206]
[48932.9, 1, 0.0, 1, 6.186]
[48932.9, 1, 0.0, 1, 6.123]
[48932.9, 1, 0.0, 1, 6.164]
[48932.9, 1, 0.0, 1, 6.298]
[48932.9, 1, 0.0, 1, 6.266]
[48932.9, 1, 0.0, 1, 6.374]
[48932.9, 1, 0.0, 1, 6.282]
[48932.9, 1, 0.0, 1, 6.257]
[48932.9, 1, 0.0, 1, 6.285]
[48932.9, 1, 0.0, 1, 6.436]
[48932.9, 1, 0.0, 1, 6.415]
[48932.9, 1, 0.0, 1, 6.392]
[48932.9, 1, 0.0, 1, 6.416]
[48932.9, 1, 0.0, 1, 6.259]
[48932.9, 1, 0.0, 1, 6.309]
[48932.9, 1, 0.0, 1, 6.236]
[48932.9, 1, 0.0, 1, 6.26]
[48932.9, 1, 0.0, 1, 6.271]
[48932.9, 1, 0.0, 1, 6.22]
[48932.9, 1, 0.0, 1, 6.277]
[48932.9, 1, 0.0, 1, 6.294]
[48932.9, 1, 0.0, 1, 6.367]
[48932.9, 1, 0.0, 1, 6.276]
[48932.9, 1, 0.0, 1, 6.212]
[48932.9, 1, 0.0, 1, 6.187]
[48932.9, 1, 0.0, 1, 6.341]
[48932.9, 1, 0.0, 1, 6.208]
[48932.9, 1, 0.0, 1, 6.194]
[48932.9, 1, 0.0, 1, 6.206]
[48932.9, 1, 0.0, 1, 6.237]
[48932.9, 1, 0.0, 1, 6.236]
[48932.9, 1, 0.0, 1, 6.16]
[48932.9, 1, 0.0, 1, 6.307]
[48932.9, 1, 0.0, 1, 6.192]
[48932.9, 1, 0.0, 1, 6.257]
[48932.9, 1, 0.0, 1, 6.258]
[48932.9, 1, 0.0, 1, 6.268]
[48932.9, 1, 0.0, 1, 6.265]
[48932.9, 1, 0.0, 1, 6.285]
[48932.9, 1, 0.0, 1, 6.248]
[48932.9, 1, 0.0, 1, 6.211]
[48932.9, 1, 0.0, 1, 6.249]
[48932.9, 1, 0.0, 1, 6.155]
[48932.9, 1, 0.0, 1, 6.25]
[48932.9, 1, 0.0, 1, 6.156]
[48932.9, 1, 0.0, 1, 6.224]
[48932.9, 1, 0.0, 1, 6.31]
[48932.9, 1, 0.0, 1, 6.236]
[48932.9, 1, 0.0, 1, 6.272]
[48932.9, 1, 0.0, 1, 6.332]
[48932.9, 1, 0.0, 1, 6.163]
[48932.9, 1, 0.0, 1, 6.232]
[48932.9, 1, 0.0, 1, 6.273]
[48932.9, 1, 0.0, 1, 6.111]
[48932.9, 1, 0.0, 1, 6.221]
[48932.9, 1, 0.0, 1, 6.316]
[48932.9, 1, 0.0, 1, 6.055]
[48932.9, 1, 0.0, 1, 6.295]
[48932.9, 1, 0.0, 1, 6.211]
[48932.9, 1, 0.0, 1, 6.191]
[48932.9, 1, 0.0, 1, 6.349]
[48932.9, 1, 0.0, 1, 6.15]
[48932.9, 1, 0.0, 1, 6.35]
[48932.9, 1, 0.0, 1, 6.329]
[48932.9, 1, 0.0, 1, 6.248]
[48932.9, 1, 0.0, 1, 6.238]
[48932.9, 1, 0.0, 1, 6.273]
[48932.9, 1, 0.0, 1, 6.141]
[48932.9, 1, 0.0, 1, 6.283]
[48932.9, 1, 0.0, 1, 6.305]
[48932.9, 1, 0.0, 1, 6.217]
[48932.9, 1, 0.0, 1, 6.427]
[48932.9, 1, 0.0, 1, 6.144]
[48932.9, 1, 0.0, 1, 6.206]
[48932.9, 1, 0.0, 1, 6.269]
[48932.9, 1, 0.0, 1, 6.272]
[48932.9, 1, 0.0, 1, 6.245]
[48932.9, 1, 0.0, 1, 6.127]
[48932.9, 1, 0.0, 1, 6.26]
[48932.9, 1, 0.0, 1, 6.092]
[48932.9, 1, 0.0, 1, 6.253]
[48932.9, 1, 0.0, 1, 6.23]
[48932.9, 1, 0.0, 1, 6.323]
[48932.9, 1, 0.0, 1, 6.248]
[48932.9, 1, 0.0, 1, 6.153]
[48932.9, 1, 0.0, 1, 6.314]
[48932.9, 1, 0.0, 1, 6.283]
[48932.9, 1, 0.0, 1, 6.269]
[48932.9, 1, 0.0, 1, 6.201]
[48932.9, 1, 0.0, 1, 6.254]
[48932.9, 1, 0.0, 1, 6.267]
[48932.9, 1, 0.0, 1, 6.092]
[48932.9, 1, 0.0, 1, 6.272]
[48932.9, 1, 0.0, 1, 6.234]
[48932.9, 1, 0.0, 1, 6.259]
[48932.9, 1, 0.0, 1, 6.094]
[48932.9, 1, 0.0, 1, 6.164]
[48932.9, 1, 0.0, 1, 6.084]
[48932.9, 1, 0.0, 1, 6.187]
[48932.9, 1, 0.0, 1, 6.273]
[48932.9, 1, 0.0, 1, 6.19]
[48932.9, 1, 0.0, 1, 6.098]
[48932.9, 1, 0.0, 1, 6.184]
[48932.9, 1, 0.0, 1, 6.202]
[48932.9, 1, 0.0, 1, 6.272]
[48932.9, 1, 0.0, 1, 6.223]
[48932.9, 1, 0.0, 1, 6.193]
[48932.9, 1, 0.0, 1, 6.219]
[48932.9, 1, 0.0, 1, 6.177]
[48932.9, 1, 0.0, 1, 6.288]
[48932.9, 1, 0.0, 1, 6.2]
[48932.9, 1, 0.0, 1, 6.28]
[48932.9, 1, 0.0, 1, 6.274]
[48932.9, 1, 0.0, 1, 6.284]
[48932.9, 1, 0.0, 1, 6.275]
[48932.9, 1, 0.0, 1, 6.252]
[48932.9, 1, 0.0, 1, 6.157]
[48932.9, 1, 0.0, 1, 6.219]
[48932.9, 1, 0.0, 1, 6.276]
[48932.9, 1, 0.0, 1, 6.264]
[48932.9, 1, 0.0, 1, 6.266]
[48932.9, 1, 0.0, 1, 6.499]
[48932.9, 1, 0.0, 1, 6.057]
[48932.9, 1, 0.0, 1, 6.308]
[48932.9, 1, 0.0, 1, 6.111]
[48932.9, 1, 0.0, 1, 6.173]
[48932.9, 1, 0.0, 1, 6.188]
[48932.9, 1, 0.0, 1, 6.227]
[48932.9, 1, 0.0, 1, 6.228]
[48932.9, 1, 0.0, 1, 6.271]
[48932.9, 1, 0.0, 1, 6.226]
[48932.9, 1, 0.0, 1, 6.211]
[48932.9, 1, 0.0, 1, 6.156]
[48932.9, 1, 0.0, 1, 6.218]
[48932.9, 1, 0.0, 1, 6.302]
[48932.9, 1, 0.0, 1, 6.222]
[48932.9, 1, 0.0, 1, 6.17]
[48932.9, 1, 0.0, 1, 6.305]
[48932.9, 1, 0.0, 1, 6.248]
[48932.9, 1, 0.0, 1, 6.186]
[48932.9, 1, 0.0, 1, 6.192]
[48932.9, 1, 0.0, 1, 6.215]
[48932.9, 1, 0.0, 1, 6.204]
[48932.9, 1, 0.0, 1, 6.385]
[48932.9, 1, 0.0, 1, 6.222]
[48932.9, 1, 0.0, 1, 6.195]
[48932.9, 1, 0.0, 1, 6.292]
[48932.9, 1, 0.0, 1, 6.225]
[48932.9, 1, 0.0, 1, 6.237]
[48932.9, 1, 0.0, 1, 6.262]
[48932.9, 1, 0.0, 1, 6.277]
[48932.9, 1, 0.0, 1, 6.383]
[48932.9, 1, 0.0, 1, 6.302]
[48932.9, 1, 0.0, 1, 6.179]
[48932.9, 1, 0.0, 1, 6.303]
[48932.9, 1, 0.0, 1, 6.3]
[48932.9, 1, 0.0, 1, 6.279]
[48932.9, 1, 0.0, 1, 6.306]
[48932.9, 1, 0.0, 1, 6.241]
[48932.9, 1, 0.0, 1, 6.23]
[48932.9, 1, 0.0, 1, 6.261]
[48932.9, 1, 0.0, 1, 6.102]
[48932.9, 1, 0.0, 1, 6.257]
[48932.9, 1, 0.0, 1, 6.506]
[48932.9, 1, 0.0, 1, 6.41]
[48932.9, 1, 0.0, 1, 6.247]
[48932.9, 1, 0.0, 1, 6.288]
[48932.9, 1, 0.0, 1, 6.288]
[48932.9, 1, 0.0, 1, 6.212]
[48932.9, 1, 0.0, 1, 6.252]
[48932.9, 1, 0.0, 1, 6.316]
[48932.9, 1, 0.0, 1, 6.481]
[48932.9, 1, 0.0, 1, 6.175]
[48932.9, 1, 0.0, 1, 6.278]
[48932.9, 1, 0.0, 1, 6.303]
[48932.9, 1, 0.0, 1, 6.236]
[48932.9, 1, 0.0, 1, 6.22]
[48932.9, 1, 0.0, 1, 6.227]
[48932.9, 1, 0.0, 1, 6.291]
[48932.9, 1, 0.0, 1, 6.326]
[48932.9, 1, 0.0, 1, 6.303]
[48932.9, 1, 0.0, 1, 6.431]
[48932.9, 1, 0.0, 1, 6.177]
[48932.9, 1, 0.0, 1, 6.255]
[48932.9, 1, 0.0, 1, 6.207]
[48932.9, 1, 0.0, 1, 6.267]
[48932.9, 1, 0.0, 1, 6.371]
[48932.9, 1, 0.0, 1, 6.194]
[48932.9, 1, 0.0, 1, 6.218]
[48932.9, 1, 0.0, 1, 6.227]
[48932.9, 1, 0.0, 1, 6.269]
[48932.9, 1, 0.0, 1, 6.183]
[48932.9, 1, 0.0, 1, 6.202]
[48932.9, 1, 0.0, 1, 6.131]
[48932.9, 1, 0.0, 1, 6.317]
[48932.9, 1, 0.0, 1, 6.34]
[48932.9, 1, 0.0, 1, 6.208]
[48932.9, 1, 0.0, 1, 6.251]
[48932.9, 1, 0.0, 1, 6.205]
[48932.9, 1, 0.0, 1, 6.267]
[48932.9, 1, 0.0, 1, 6.252]
[48932.9, 1, 0.0, 1, 6.272]
[48932.9, 1, 0.0, 1, 6.2]
[48932.9, 1, 0.0, 1, 6.346]
[48932.9, 1, 0.0, 1, 6.17]
[48932.9, 1, 0.0, 1, 6.235]
[48932.9, 1, 0.0, 1, 6.324]
[48932.9, 1, 0.0, 1, 6.245]
[48932.9, 1, 0.0, 1, 6.267]
[48932.9, 1, 0.0, 1, 6.179]
[48932.9, 1, 0.0, 1, 6.307]
[48932.9, 1, 0.0, 1, 6.255]
[48932.9, 1, 0.0, 1, 6.24]
[48932.9, 1, 0.0, 1, 6.257]
[48932.9, 1, 0.0, 1, 6.369]
[48932.9, 1, 0.0, 1, 6.401]
[48932.9, 1, 0.0, 1, 6.225]
[48932.9, 1, 0.0, 1, 6.279]
[48932.9, 1, 0.0, 1, 6.24]
[48932.9, 1, 0.0, 1, 6.107]
[48932.9, 1, 0.0, 1, 6.572]
[48932.9, 1, 0.0, 1, 6.296]
[48932.9, 1, 0.0, 1, 6.205]
[48932.9, 1, 0.0, 1, 6.259]
[48932.9, 1, 0.0, 1, 6.09]
[48932.9, 1, 0.0, 1, 6.223]
[48932.9, 1, 0.0, 1, 6.266]
[48932.9, 1, 0.0, 1, 6.208]
[48932.9, 1, 0.0, 1, 6.257]
[48932.9, 1, 0.0, 1, 6.27]
[48932.9, 1, 0.0, 1, 6.286]
[48932.9, 1, 0.0, 1, 6.184]
[48932.9, 1, 0.0, 1, 6.287]
[48932.9, 1, 0.0, 1, 6.189]
[48932.9, 1, 0.0, 1, 6.253]
[48932.9, 1, 0.0, 1, 6.203]
[48932.9, 1, 0.0, 1, 6.234]
[48932.9, 1, 0.0, 1, 6.301]
[48932.9, 1, 0.0, 1, 6.283]
[48932.9, 1, 0.0, 1, 6.022]
[48932.9, 1, 0.0, 1, 6.264]
[48932.9, 1, 0.0, 1, 6.168]
[48932.9, 1, 0.0, 9, 50.225]
[48932.9, 1, 0.0, 8, 188.132]
[48932.9, 1, 0.0, 5, 108.409]
[48932.9, 1, 0.0, 6, 81.134]
[48932.9, 1, 0.0, 4, 73.675]
[48932.9, 1, 0.0, 3, 40.541]
[48932.9, 1, 0.0, 4, 130.31]
[48932.9, 1, 0.0, 5, 67.968]
[48932.9, 1, 0.0, 2, 19.892]
[48932.9, 1, 0.0, 3, 33.773]
[48932.9, 1, 0.0, 10, 53.971]
[48932.9, 1, 0.0, 3, 57.956]
[48932.9, 1, 0.0, 5, 51.351]
[48932.9, 1, 0.0, 5, 67.086]
[48932.9, 1, 0.0, 2, 22.259]
[48932.9, 1, 0.0, 2, 38.372]
[48932.9, 1, 0.0, 2, 38.472]
[48932.9, 1, 0.0, 4, 39.348]
[48932.9, 1, 0.0, 2, 14.128]
[48932.9, 1, 0.0, 6, 57.943]
[48932.9, 1, 0.0, 2, 28.477]
[48932.9, 1, 0.0, 3, 36.236]
[48932.9, 1, 0.0, 3, 43.064]
[48932.9, 1, 0.0, 4, 50.015]
[48932.9, 1, 0.0, 1, 14.224]
[48932.9, 1, 0.0, 2, 14.53]
[48932.9, 1, 0.0, 1, 14.594]
[48932.9, 1, 0.0, 3, 34.049]
[48932.9, 1, 0.0, 2, 15.953]
[48932.9, 1, 0.0, 3, 17.743]
[48932.9, 1, 0.0, 2, 22.039]
[48932.9, 1, 0.0, 2, 17.789]
[48932.9, 1, 0.0, 2, 18.214]
[48932.9, 1, 0.0, 2, 17.304]
[48932.9, 1, 0.0, 2, 9.449]
[48932.9, 1, 0.0, 1, 5.8]
[48932.9, 1, 0.0, 1, 13.069]
[48932.9, 1, 0.0, 2, 19.749]
[48932.9, 1, 0.0, 3, 28.35]
[48932.9, 1, 0.0, 1, 17.406]
[48932.9, 1, 0.0, 3, 50.151]
[48932.9, 1, 0.0, 3, 34.671]
[48932.9, 1, 0.0, 1, 5.942]
[48932.9, 1, 0.0, 3, 25.734]
[48932.9, 1, 0.0, 1, 4.664]
[48932.9, 1, 0.0, 2, 14.093]
[48932.9, 1, 0.0, 3, 13.965]
[48932.9, 1, 0.0, 1, 12.074]
[48932.9, 1, 0.0, 2, 28.292]
[48932.9, 1, 0.0, 1, 7.184]
[48932.9, 1, 0.0, 2, 9.362]
[48932.9, 1, 0.0, 1, 12.246]
[48932.9, 1, 0.0, 2, 20.237]
[48932.9, 1, 0.0, 1, 4.687]
[48932.9, 1, 0.0, 3, 14.001]
[48932.9, 1, 0.0, 1, 4.65]
[48932.9, 1, 0.0, 2, 25.974]
[48932.9, 1, 0.0, 2, 15.299]
[48932.9, 1, 0.0, 2, 15.903]
[48932.9, 1, 0.0, 1, 10.918]
[48932.9, 1, 0.0, 1, 5.826]
[48932.9, 1, 0.0, 2, 9.315]
[48932.9, 1, 0.0, 2, 9.885]
[48932.9, 1, 0.0, 1, 9.232]
[48932.9, 1, 0.0, 2, 9.235]
[48932.9, 1, 0.0, 2, 17.91]
[48932.9, 1, 0.0, 2, 13.672]
[48932.9, 1, 0.0, 3, 13.709]
[48932.9, 1, 0.0, 1, 9.181]
[48932.9, 1, 0.0, 1, 8.97]
[48932.9, 1, 0.0, 2, 9.397]
[48932.9, 1, 0.0, 1, 9.036]
[48932.9, 1, 0.0, 1, 4.633]
[48932.9, 1, 0.0, 1, 10.077]
[48932.9, 1, 0.0, 1, 4.638]
[48932.9, 1, 0.0, 2, 9.284]
[48932.9, 1, 0.0, 1, 4.653]
[48932.9, 1, 0.0, 2, 15.007]
[48932.9, 1, 0.0, 2, 9.234]
[48932.9, 1, 0.0, 1, 5.75]
[48932.9, 1, 0.0, 1, 4.618]
[48932.9, 1, 0.0, 1, 7.604]
[48932.9, 1, 0.0, 1, 8.924]
[48932.9, 1, 0.0, 1, 8.357]
[48932.9, 1, 0.0, 1, 4.672]
[48932.9, 1, 0.0, 1, 4.625]
[48932.9, 1, 0.0, 1, 14.923]
[48932.9, 1, 0.0, 1, 4.64]
[48932.9, 1, 0.0, 2, 9.233]
[48932.9, 1, 0.0, 1, 4.641]
[48932.9, 1, 0.0, 2, 9.352]
[48932.9, 1, 0.0, 1, 6.434]
[48932.9, 1, 0.0, 1, 8.969]
[48932.9, 1, 0.0, 1, 8.901]
[48932.9, 1, 0.0, 2, 9.856]
[48932.9, 1, 0.0, 1, 4.777]
[48932.9, 1, 0.0, 1, 6.433]
[48932.9, 1, 0.0, 2, 9.182]
[48932.9, 1, 0.0, 1, 4.609]
[48932.9, 1, 0.0, 1, 4.596]
[48932.9, 1, 0.0, 2, 9.287]
[48932.9, 1, 0.0, 2, 12.056]
[48932.9, 1, 0.0, 1, 4.893]
[48932.9, 1, 0.0, 1, 4.624]
[48932.9, 1, 0.0, 2, 9.243]
[48932.9, 1, 0.0, 2, 9.357]
[48932.9, 1, 0.0, 1, 4.603]
[48932.9, 1, 0.0, 3, 13.957]
[48932.9, 1, 0.0, 1, 4.777]
[48932.9, 1, 0.0, 1, 4.639]
[48932.9, 1, 0.0, 2, 9.339]
[48932.9, 1, 0.0, 1, 8.694]
[48932.9, 1, 0.0, 2, 17.179]
[48932.9, 1, 0.0, 1, 4.591]
[48932.9, 1, 0.0, 2, 9.304]
[48932.9, 1, 0.0, 1, 9.678]
[48932.9, 1, 0.0, 2, 9.257]
[48932.9, 1, 0.0, 1, 4.635]
[48932.9, 1, 0.0, 1, 4.657]
[48932.9, 1, 0.0, 1, 6.092]
[48932.9, 1, 0.0, 1, 8.941]
[48932.9, 1, 0.0, 1, 4.684]
[48932.9, 1, 0.0, 1, 4.649]
[48932.9, 1, 0.0, 1, 5.566]
[48932.9, 1, 0.0, 1, 4.698]
[48932.9, 1, 0.0, 2, 9.337]
[48932.9, 1, 0.0, 1, 4.648]
[48932.9, 1, 0.0, 1, 4.71]
[48932.9, 1, 0.0, 1, 5.708]
[48932.9, 1, 0.0, 1, 4.727]
[48932.9, 1, 0.0, 1, 4.801]
[48932.9, 1, 0.0, 1, 4.682]
[48932.9, 1, 0.0, 1, 4.71]
[48932.9, 1, 0.0, 1, 6.813]
[48932.9, 1, 0.0, 2, 9.37]
[48932.9, 1, 0.0, 1, 4.741]
[48932.9, 1, 0.0, 1, 4.683]
[48932.9, 1, 0.0, 2, 9.355]
[48932.9, 1, 0.0, 1, 4.726]
[48932.9, 1, 0.0, 1, 7.429]
[48932.9, 1, 0.0, 1, 4.701]
[48932.9, 1, 0.0, 1, 7.409]
[48932.9, 1, 0.0, 2, 9.382]
[48932.9, 1, 0.0, 1, 4.707]
[48932.9, 1, 0.0, 1, 4.745]
[48932.9, 1, 0.0, 1, 4.706]
[48932.9, 1, 0.0, 1, 4.73]
[48932.9, 1, 0.0, 1, 4.723]
[48932.9, 1, 0.0, 2, 9.359]
[48932.9, 1, 0.0, 1, 4.719]
[48932.9, 1, 0.0, 1, 4.731]
[48932.9, 1, 0.0, 1, 6.743]
[48932.9, 1, 0.0, 1, 8.41]
[48932.9, 1, 0.0, 2, 9.465]
[48932.9, 1, 0.0, 1, 7.011]
[48932.9, 1, 0.0, 1, 4.715]
[48932.9, 1, 0.0, 1, 4.69]
[48932.9, 1, 0.0, 2, 9.387]
[48932.9, 1, 0.0, 1, 4.754]
[48932.9, 1, 0.0, 1, 4.708]
[48932.9, 1, 0.0, 1, 7.22]
[48932.9, 1, 0.0, 1, 7.306]
[48932.9, 1, 0.0, 2, 9.484]
[48932.9, 1, 0.0, 1, 4.702]
[48932.9, 1, 0.0, 1, 4.703]
[48932.9, 1, 0.0, 1, 4.648]
[48932.9, 1, 0.0, 1, 4.659]
[48932.9, 1, 0.0, 1, 4.715]
[48932.9, 1, 0.0, 2, 9.339]
[48932.9, 1, 0.0, 1, 6.87]
[48932.9, 1, 0.0, 2, 9.4]
[48932.9, 1, 0.0, 1, 4.638]
[48932.9, 1, 0.0, 1, 7.759]
[48932.9, 1, 0.0, 1, 9.451]
[48932.9, 1, 0.0, 1, 4.697]
[48932.9, 1, 0.0, 3, 18.126]
[48932.9, 1, 0.0, 3, 13.901]
[48932.9, 1, 0.0, 1, 4.641]
[48932.9, 1, 0.0, 1, 4.595]
[48932.9, 1, 0.0, 1, 8.623]
[48932.9, 1, 0.0, 1, 4.636]
[48932.9, 1, 0.0, 1, 4.736]
[48932.9, 1, 0.0, 1, 4.633]
[48932.9, 1, 0.0, 1, 4.648]
[48932.9, 1, 0.0, 1, 4.636]
[48932.9, 1, 0.0, 1, 4.651]
[48932.9, 1, 0.0, 1, 4.693]
[48932.9, 1, 0.0, 1, 7.531]
[48932.9, 1, 0.0, 2, 9.115]
[48932.9, 1, 0.0, 1, 4.625]
[48932.9, 1, 0.0, 1, 4.674]
[48932.9, 1, 0.0, 1, 4.582]
[48932.9, 1, 0.0, 1, 11.004]
[48932.9, 1, 0.0, 1, 4.642]
[48932.9, 1, 0.0, 1, 6.921]
[48932.9, 1, 0.0, 1, 7.64]
[48932.9, 1, 0.0, 2, 9.157]
[48932.9, 1, 0.0, 2, 9.208]
[48932.9, 1, 0.0, 1, 4.66]
[48932.9, 1, 0.0, 1, 4.651]
[48932.9, 1, 0.0, 1, 4.624]
[48932.9, 1, 0.0, 2, 9.295]
[48932.9, 1, 0.0, 1, 4.662]
[48932.9, 1, 0.0, 2, 9.198]
[48932.9, 1, 0.0, 1, 4.61]
[48932.9, 1, 0.0, 1, 4.571]
[48932.9, 1, 0.0, 1, 4.605]
[48932.9, 1, 0.0, 1, 4.601]
[48932.9, 1, 0.0, 1, 4.565]
[48932.9, 1, 0.0, 1, 4.675]
[48932.9, 1, 0.0, 2, 9.171]
[48932.9, 1, 0.0, 1, 4.602]
[48932.9, 1, 0.0, 1, 4.606]
[48932.9, 1, 0.0, 1, 4.598]
[48932.9, 1, 0.0, 2, 9.205]
[48932.9, 1, 0.0, 1, 4.625]
[48932.9, 1, 0.0, 1, 4.727]
[48932.9, 1, 0.0, 1, 4.554]
[48932.9, 1, 0.0, 1, 4.605]
[48932.9, 1, 0.0, 1, 4.566]
[48932.9, 1, 0.0, 1, 4.572]
[48932.9, 1, 0.0, 1, 4.674]
[48932.9, 1, 0.0, 1, 4.576]
[48932.9, 1, 0.0, 2, 9.136]
[48932.9, 1, 0.0, 1, 4.624]
[48932.9, 1, 0.0, 1, 4.581]
[48932.9, 1, 0.0, 1, 8.677]
[48932.9, 1, 0.0, 1, 4.608]
[48932.9, 1, 0.0, 1, 4.579]
[48932.9, 1, 0.0, 2, 9.267]
[48932.9, 1, 0.0, 1, 4.615]
[48932.9, 1, 0.0, 1, 4.6]
[48932.9, 1, 0.0, 1, 4.637]
[48932.9, 1, 0.0, 1, 4.665]
[48932.9, 1, 0.0, 1, 4.619]
[48932.9, 1, 0.0, 1, 4.686]
[48932.9, 1, 0.0, 1, 4.673]
[48932.9, 1, 0.0, 1, 4.648]
[48932.9, 1, 0.0, 1, 4.659]
[48932.9, 1, 0.0, 1, 4.683]
[48932.9, 1, 0.0, 1, 4.649]
[48932.9, 1, 0.0, 1, 4.607]
[48932.9, 1, 0.0, 1, 4.58]
[48932.9, 1, 0.0, 1, 4.608]
[48932.9, 1, 0.0, 1, 5.84]
[48932.9, 1, 0.0, 1, 4.61]
[48932.9, 1, 0.0, 2, 9.254]
[48932.9, 1, 0.0, 2, 9.268]
[48932.9, 1, 0.0, 1, 4.623]
[48932.9, 1, 0.0, 1, 4.666]
[48932.9, 1, 0.0, 1, 4.647]
[48932.9, 1, 0.0, 1, 4.626]
[48932.9, 1, 0.0, 1, 4.612]
[48932.9, 1, 0.0, 1, 4.611]
[48932.9, 1, 0.0, 2, 9.165]
[48932.9, 1, 0.0, 1, 4.603]
[48932.9, 1, 0.0, 1, 4.645]
[48932.9, 1, 0.0, 1, 4.586]
[48932.9, 1, 0.0, 1, 4.614]
[48932.9, 1, 0.0, 1, 4.571]
[48932.9, 1, 0.0, 1, 4.614]
[48932.9, 1, 0.0, 1, 4.633]
[48932.9, 1, 0.0, 1, 4.581]
[48932.9, 1, 0.0, 1, 4.613]
[48932.9, 1, 0.0, 1, 4.605]
[48932.9, 1, 0.0, 1, 4.574]
[48932.9, 1, 0.0, 1, 4.602]
[48932.9, 1, 0.0, 1, 4.648]
[48932.9, 1, 0.0, 1, 4.582]
[48932.9, 1, 0.0, 1, 4.617]
[48932.9, 1, 0.0, 1, 4.621]
[48932.9, 1, 0.0, 1, 4.608]
[48932.9, 1, 0.0, 1, 8.311]
[48932.9, 1, 0.0, 1, 4.681]
[48932.9, 1, 0.0, 1, 4.703]
[48932.9, 1, 0.0, 1, 4.64]
[48932.9, 1, 0.0, 1, 4.685]
[48932.9, 1, 0.0, 1, 4.661]
[48932.9, 1, 0.0, 1, 4.615]
[48932.9, 1, 0.0, 1, 4.696]
[48932.9, 1, 0.0, 1, 4.63]
[48932.9, 1, 0.0, 1, 4.608]
[48932.9, 1, 0.0, 1, 4.621]
[48932.9, 1, 0.0, 1, 4.653]
[48932.9, 1, 0.0, 1, 4.774]
[48932.9, 1, 0.0, 1, 4.634]
[48932.9, 1, 0.0, 1, 4.709]
[48932.9, 1, 0.0, 1, 4.654]
[48932.9, 1, 0.0, 1, 4.649]
[48932.9, 1, 0.0, 1, 4.632]
[48932.9, 1, 0.0, 1, 4.694]
[48932.9, 1, 0.0, 1, 4.62]
[48932.9, 1, 0.0, 1, 4.598]
[48932.9, 1, 0.0, 1, 4.639]
[48932.9, 1, 0.0, 1, 4.608]
[48932.9, 1, 0.0, 1, 4.622]
[48932.9, 1, 0.0, 1, 4.598]
[48932.9, 1, 0.0, 1, 4.64]
[48932.9, 1, 0.0, 2, 9.363]
[48932.9, 1, 0.0, 1, 4.698]
[48932.9, 1, 0.0, 1, 4.655]
[48932.9, 1, 0.0, 1, 4.637]
[48932.9, 1, 0.0, 1, 4.6]
[48932.9, 1, 0.0, 1, 4.709]
[48932.9, 1, 0.0, 1, 4.598]
[48932.9, 1, 0.0, 1, 8.491]
[48932.9, 1, 0.0, 1, 8.968]
[48932.9, 1, 0.0, 1, 4.627]
[48932.9, 1, 0.0, 1, 4.625]
[48932.9, 1, 0.0, 1, 4.634]
[48932.9, 1, 0.0, 1, 4.586]
[48932.9, 1, 0.0, 1, 4.559]
[48932.9, 1, 0.0, 1, 4.591]
[48932.9, 1, 0.0, 1, 4.612]
[48932.9, 1, 0.0, 1, 4.546]
[48932.9, 1, 0.0, 1, 4.585]
[48932.9, 1, 0.0, 1, 4.583]
[48932.9, 1, 0.0, 1, 4.555]
[48932.9, 1, 0.0, 1, 4.573]
[48932.9, 1, 0.0, 1, 4.63]
[48932.9, 1, 0.0, 1, 4.577]
[48932.9, 1, 0.0, 1, 4.614]
[48932.9, 1, 0.0, 1, 6.211]
[48932.9, 1, 0.0, 1, 4.62]
[48932.9, 1, 0.0, 1, 4.614]
[48932.9, 1, 0.0, 1, 4.602]
[48932.9, 1, 0.0, 1, 4.589]
[48932.9, 1, 0.0, 1, 4.612]
[48932.9, 1, 0.0, 1, 4.63]
[48932.9, 1, 0.0, 1, 4.639]
[48932.9, 1, 0.0, 1, 4.625]
[48932.9, 1, 0.0, 1, 8.327]
[48932.9, 1, 0.0, 1, 4.565]
[48932.9, 1, 0.0, 1, 4.624]
[48932.9, 1, 0.0, 1, 8.88]
[48932.9, 1, 0.0, 1, 4.581]
[48932.9, 1, 0.0, 1, 4.585]
[48932.9, 1, 0.0, 1, 4.575]
[48932.9, 1, 0.0, 1, 4.568]
[48932.9, 1, 0.0, 1, 4.592]
[48932.9, 1, 0.0, 1, 4.616]
[48932.9, 1, 0.0, 1, 4.565]
[48932.9, 1, 0.0, 1, 4.639]
[48932.9, 1, 0.0, 1, 4.635]
[48932.9, 1, 0.0, 1, 4.57]
[48932.9, 1, 0.0, 1, 4.594]
[48932.9, 1, 0.0, 1, 4.6]
[48932.9, 1, 0.0, 1, 4.691]
[48932.9, 1, 0.0, 1, 4.586]
[48932.9, 1, 0.0, 1, 4.666]
[48932.9, 1, 0.0, 1, 4.662]
[48932.9, 1, 0.0, 1, 4.632]
[48932.9, 1, 0.0, 1, 4.682]
[48932.9, 1, 0.0, 1, 4.609]
[48932.9, 1, 0.0, 1, 4.594]
[48932.9, 1, 0.0, 1, 4.561]
[48932.9, 1, 0.0, 1, 4.634]
[48932.9, 1, 0.0, 1, 4.599]
[48932.9, 1, 0.0, 1, 4.637]
[48932.9, 1, 0.0, 1, 4.633]
[48932.9, 1, 0.0, 2, 9.28]
[48932.9, 1, 0.0, 1, 4.68]
[48932.9, 1, 0.0, 1, 9.02]
[48932.9, 1, 0.0, 1, 4.725]
[48932.9, 1, 0.0, 1, 4.682]
[48932.9, 1, 0.0, 1, 4.701]
[48932.9, 1, 0.0, 1, 4.685]
[48932.9, 1, 0.0, 1, 4.622]
[48932.9, 1, 0.0, 1, 4.59]
[48932.9, 1, 0.0, 1, 4.637]
[48932.9, 1, 0.0, 1, 4.645]
[48932.9, 1, 0.0, 1, 4.617]
[48932.9, 1, 0.0, 1, 4.663]
[48932.9, 1, 0.0, 1, 4.627]
[48932.9, 1, 0.0, 1, 4.606]
[48932.9, 1, 0.0, 1, 4.585]
[48932.9, 1, 0.0, 1, 4.651]
[48932.9, 1, 0.0, 1, 4.594]
[48932.9, 1, 0.0, 1, 4.566]
[48932.9, 1, 0.0, 1, 4.589]
[48932.9, 1, 0.0, 1, 4.59]
[48932.9, 1, 0.0, 1, 4.569]
[48932.9, 1, 0.0, 1, 4.61]
[48932.9, 1, 0.0, 1, 4.599]
[48932.9, 1, 0.0, 1, 4.585]
[48932.9, 1, 0.0, 1, 4.584]
[48932.9, 1, 0.0, 1, 4.54]
[48932.9, 1, 0.0, 1, 4.55]
[48932.9, 1, 0.0, 1, 4.533]
[48932.9, 1, 0.0, 1, 4.578]
[48932.9, 1, 0.0, 1, 4.602]
[48932.9, 1, 0.0, 1, 4.579]
[48932.9, 1, 0.0, 1, 4.612]
[48932.9, 1, 0.0, 1, 4.638]
[48932.9, 1, 0.0, 1, 4.621]
[48932.9, 1, 0.0, 1, 4.649]
[48932.9, 1, 0.0, 1, 4.688]
[48932.9, 1, 0.0, 1, 4.65]
[48932.9, 1, 0.0, 1, 4.652]
[48932.9, 1, 0.0, 1, 4.658]
[48932.9, 1, 0.0, 1, 4.668]
[48932.9, 1, 0.0, 1, 4.644]
[48932.9, 1, 0.0, 1, 4.676]
[48932.9, 1, 0.0, 2, 9.283]
[48932.9, 1, 0.0, 1, 4.648]
[48932.9, 1, 0.0, 1, 4.676]
[48932.9, 1, 0.0, 1, 4.627]
[48932.9, 1, 0.0, 1, 4.597]
[48932.9, 1, 0.0, 1, 4.623]
[48932.9, 1, 0.0, 1, 4.681]
[48932.9, 1, 0.0, 1, 4.732]
[48932.9, 1, 0.0, 1, 4.611]
[48932.9, 1, 0.0, 1, 4.717]
[48932.9, 1, 0.0, 1, 4.686]
[48932.9, 1, 0.0, 1, 4.63]
[48932.9, 1, 0.0, 1, 4.679]
[48932.9, 1, 0.0, 1, 4.639]
[48932.9, 1, 0.0, 1, 4.626]
[48932.9, 1, 0.0, 1, 4.668]
[48932.9, 1, 0.0, 1, 4.698]
[48932.9, 1, 0.0, 1, 4.688]
[48932.9, 1, 0.0, 1, 4.679]
[48932.9, 1, 0.0, 1, 4.69]
[48932.9, 1, 0.0, 1, 4.731]
[48932.9, 1, 0.0, 1, 4.665]
[48932.9, 1, 0.0, 1, 4.721]
[48932.9, 1, 0.0, 1, 4.713]
[48932.9, 1, 0.0, 1, 4.691]
[48932.9, 1, 0.0, 1, 4.706]
[48932.9, 1, 0.0, 1, 4.692]
[48932.9, 1, 0.0, 1, 4.694]
[48932.9, 1, 0.0, 1, 4.692]
[48932.9, 1, 0.0, 1, 4.794]
[48932.9, 1, 0.0, 1, 4.705]
[48932.9, 1, 0.0, 1, 4.688]
[48932.9, 1, 0.0, 1, 4.656]
[48932.9, 1, 0.0, 1, 4.682]
[48932.9, 1, 0.0, 1, 4.626]
[48932.9, 1, 0.0, 1, 4.612]
[48932.9, 1, 0.0, 1, 4.676]
[48932.9, 1, 0.0, 1, 4.659]
[48932.9, 1, 0.0, 1, 4.689]
[48932.9, 1, 0.0, 1, 4.68]
[48932.9, 1, 0.0, 1, 4.694]
[48932.9, 1, 0.0, 1, 7.058]
[48932.9, 1, 0.0, 1, 4.73]
[48932.9, 1, 0.0, 1, 4.684]
[48932.9, 1, 0.0, 1, 4.682]
[48932.9, 1, 0.0, 1, 4.668]
[48932.9, 1, 0.0, 1, 4.667]
[48932.9, 1, 0.0, 1, 4.678]
[48932.9, 1, 0.0, 1, 4.645]
[48932.9, 1, 0.0, 1, 4.681]
[48932.9, 1, 0.0, 1, 4.703]
[48932.9, 1, 0.0, 1, 4.655]
[48932.9, 1, 0.0, 1, 4.666]
[48932.9, 1, 0.0, 1, 4.687]
[48932.9, 1, 0.0, 1, 4.639]
[48932.9, 1, 0.0, 1, 4.626]
[48932.9, 1, 0.0, 1, 4.639]
[48932.9, 1, 0.0, 1, 4.609]
[48932.9, 1, 0.0, 1, 4.595]
[48932.9, 1, 0.0, 1, 4.625]
[48932.9, 1, 0.0, 1, 4.618]
[48932.9, 1, 0.0, 1, 4.671]
[48932.9, 1, 0.0, 1, 4.693]
[48932.9, 1, 0.0, 1, 4.695]
[48932.9, 1, 0.0, 1, 4.666]
[48932.9, 1, 0.0, 2, 9.329]
[48932.9, 1, 0.0, 1, 4.693]
[48932.9, 1, 0.0, 1, 4.664]
[48932.9, 1, 0.0, 1, 4.619]
[48932.9, 1, 0.0, 1, 4.634]
[48932.9, 1, 0.0, 1, 4.736]
[48932.9, 1, 0.0, 1, 4.63]
[48932.9, 1, 0.0, 1, 4.616]
[48932.9, 1, 0.0, 1, 4.629]
[48932.9, 1, 0.0, 1, 4.615]
[48932.9, 1, 0.0, 1, 4.706]
[48932.9, 1, 0.0, 1, 4.644]
[48932.9, 1, 0.0, 1, 4.629]
[48932.9, 1, 0.0, 1, 4.585]
[48932.9, 1, 0.0, 1, 4.59]
[48932.9, 1, 0.0, 1, 4.598]
[48932.9, 1, 0.0, 1, 4.607]
[48932.9, 1, 0.0, 1, 4.619]
[48932.9, 1, 0.0, 1, 4.602]
[48932.9, 1, 0.0, 1, 4.581]
[48932.9, 1, 0.0, 1, 4.615]
[48932.9, 1, 0.0, 1, 4.622]
[48932.9, 1, 0.0, 1, 4.648]
[48932.9, 1, 0.0, 1, 4.646]
[48932.9, 1, 0.0, 1, 4.668]
[48932.9, 1, 0.0, 1, 4.666]
[48932.9, 1, 0.0, 1, 4.652]
[48932.9, 1, 0.0, 1, 4.667]
[48932.9, 1, 0.0, 1, 4.63]
[48932.9, 1, 0.0, 1, 4.608]
[48932.9, 1, 0.0, 1, 4.655]
[48932.9, 1, 0.0, 1, 4.653]
[48932.9, 1, 0.0, 1, 4.635]
[48932.9, 1, 0.0, 1, 4.639]
[48932.9, 1, 0.0, 1, 4.641]
[48932.9, 1, 0.0, 1, 4.628]
[48932.9, 1, 0.0, 1, 4.638]
[48932.9, 1, 0.0, 1, 4.65]
[48932.9, 1, 0.0, 1, 4.652]
[48932.9, 1, 0.0, 1, 4.626]
[48932.9, 1, 0.0, 1, 4.67]
[48932.9, 1, 0.0, 1, 4.68]
[48932.9, 1, 0.0, 1, 4.635]
[48932.9, 1, 0.0, 1, 4.649]
[48932.9, 1, 0.0, 1, 4.653]
[48932.9, 1, 0.0, 1, 4.625]
[48932.9, 1, 0.0, 1, 4.592]
[48932.9, 1, 0.0, 1, 4.696]
[48932.9, 1, 0.0, 1, 4.643]
[48932.9, 1, 0.0, 1, 4.609]
[48932.9, 1, 0.0, 1, 4.642]
[48932.9, 1, 0.0, 1, 4.629]
[48932.9, 1, 0.0, 1, 4.622]
[48932.9, 1, 0.0, 1, 4.616]
[48932.9, 1, 0.0, 1, 4.624]
[48932.9, 1, 0.0, 1, 4.579]
[48932.9, 1, 0.0, 1, 4.621]
[48932.9, 1, 0.0, 1, 4.648]
[48932.9, 1, 0.0, 1, 4.617]
[48932.9, 1, 0.0, 1, 4.651]
[48932.9, 1, 0.0, 1, 4.656]
[48932.9, 1, 0.0, 1, 4.648]
[48932.9, 1, 0.0, 1, 4.632]
[48932.9, 1, 0.0, 1, 4.715]
[48932.9, 1, 0.0, 1, 4.644]
[48932.9, 1, 0.0, 1, 4.584]
[48932.9, 1, 0.0, 1, 4.609]
[48932.9, 1, 0.0, 1, 4.691]
[48932.9, 1, 0.0, 1, 4.718]
[48932.9, 1, 0.0, 1, 4.636]
[48932.9, 1, 0.0, 1, 4.63]
[48932.9, 1, 0.0, 1, 4.635]
[48932.9, 1, 0.0, 1, 4.6]
[48932.9, 1, 0.0, 1, 4.655]
[48932.9, 1, 0.0, 1, 4.619]
[48932.9, 1, 0.0, 1, 4.627]
[48932.9, 1, 0.0, 1, 4.635]
[48932.9, 1, 0.0, 1, 4.643]
[48932.9, 1, 0.0, 1, 4.566]
[48932.9, 1, 0.0, 1, 4.616]
[48932.9, 1, 0.0, 1, 4.636]
[48932.9, 1, 0.0, 1, 4.612]
[48932.9, 1, 0.0, 1, 4.613]
[48932.9, 1, 0.0, 1, 4.711]
[48932.9, 1, 0.0, 1, 4.603]
[48932.9, 1, 0.0, 1, 4.578]
[48932.9, 1, 0.0, 1, 4.584]
[48932.9, 1, 0.0, 1, 4.635]
[48932.9, 1, 0.0, 1, 4.636]
[48932.9, 1, 0.0, 1, 4.648]
[48932.9, 1, 0.0, 1, 4.669]
[48932.9, 1, 0.0, 1, 4.737]
[48932.9, 1, 0.0, 1, 4.7]
[48932.9, 1, 0.0, 1, 4.654]
[48932.9, 1, 0.0, 1, 4.64]
[48932.9, 1, 0.0, 1, 4.609]
[48932.9, 1, 0.0, 1, 4.625]
[48932.9, 1, 0.0, 1, 4.659]
[48932.9, 1, 0.0, 1, 4.631]
[48932.9, 1, 0.0, 1, 4.643]
[48932.9, 1, 0.0, 1, 4.629]
[48932.9, 1, 0.0, 1, 4.695]
[48932.9, 1, 0.0, 1, 4.646]
[48932.9, 1, 0.0, 1, 4.669]
[48932.9, 1, 0.0, 1, 4.662]
[48932.9, 1, 0.0, 1, 4.715]
[48932.9, 1, 0.0, 1, 4.7]
[48932.9, 1, 0.0, 1, 4.679]
[48932.9, 1, 0.0, 1, 4.65]
[48932.9, 1, 0.0, 1, 4.631]
[48932.9, 1, 0.0, 1, 4.626]
[48932.9, 1, 0.0, 1, 4.614]
[48932.9, 1, 0.0, 1, 4.621]
[48932.9, 1, 0.0, 1, 4.61]
[48932.9, 1, 0.0, 1, 4.595]
[48932.9, 1, 0.0, 1, 4.56]
[48932.9, 1, 0.0, 1, 4.596]
[48932.9, 1, 0.0, 1, 4.611]
[48932.9, 1, 0.0, 1, 4.599]
[48932.9, 1, 0.0, 1, 4.547]
[48932.9, 1, 0.0, 1, 4.597]
[48932.9, 1, 0.0, 1, 4.633]
[48932.9, 1, 0.0, 1, 4.563]
[48932.9, 1, 0.0, 1, 4.585]
[48932.9, 1, 0.0, 1, 4.588]
[48932.9, 1, 0.0, 1, 4.58]
[48932.9, 1, 0.0, 1, 4.652]
[48932.9, 1, 0.0, 1, 4.543]
[48932.9, 1, 0.0, 1, 4.548]
[48932.9, 1, 0.0, 1, 4.526]
[48932.9, 1, 0.0, 1, 4.598]
[48932.9, 1, 0.0, 1, 4.659]
[48932.9, 1, 0.0, 1, 4.564]
[48932.9, 1, 0.0, 1, 4.617]
[48932.9, 1, 0.0, 1, 4.628]
[48932.9, 1, 0.0, 1, 4.567]
[48932.9, 1, 0.0, 1, 4.634]
[48932.9, 1, 0.0, 1, 4.604]
[48932.9, 1, 0.0, 1, 4.583]
[48932.9, 1, 0.0, 1, 4.593]
[48932.9, 1, 0.0, 1, 4.532]
[48932.9, 1, 0.0, 1, 4.581]
[48932.9, 1, 0.0, 1, 4.57]
[48932.9, 1, 0.0, 1, 4.585]
[48932.9, 1, 0.0, 1, 4.608]
[48932.9, 1, 0.0, 1, 4.616]
[48932.9, 1, 0.0, 1, 4.702]
[48932.9, 1, 0.0, 1, 4.701]
[48932.9, 1, 0.0, 1, 4.679]
[48932.9, 1, 0.0, 1, 4.66]
[48932.9, 1, 0.0, 1, 4.702]
[48932.9, 1, 0.0, 1, 4.622]
[48932.9, 1, 0.0, 1, 4.614]
[48932.9, 1, 0.0, 1, 4.694]
[48932.9, 1, 0.0, 1, 4.704]
[48932.9, 1, 0.0, 1, 4.633]
[48932.9, 1, 0.0, 1, 4.723]
[48932.9, 1, 0.0, 1, 4.704]
[48932.9, 1, 0.0, 1, 4.657]
[48932.9, 1, 0.0, 1, 4.674]
[48932.9, 1, 0.0, 1, 4.711]
[48932.9, 1, 0.0, 1, 4.659]
[48932.9, 1, 0.0, 1, 4.659]
[48932.9, 1, 0.0, 1, 4.681]
[48932.9, 1, 0.0, 1, 4.671]
[48932.9, 1, 0.0, 1, 4.654]
[48932.9, 1, 0.0, 1, 4.691]
[48932.9, 1, 0.0, 1, 4.645]
[48932.9, 1, 0.0, 1, 4.642]
[48932.9, 1, 0.0, 1, 4.597]
[48932.9, 1, 0.0, 1, 4.65]
[48932.9, 1, 0.0, 1, 4.644]
[48932.9, 1, 0.0, 1, 4.634]
[48932.9, 1, 0.0, 1, 4.665]
[48932.9, 1, 0.0, 1, 4.645]
[48932.9, 1, 0.0, 1, 4.601]
[48932.9, 1, 0.0, 1, 4.651]
[48932.9, 1, 0.0, 1, 4.708]
[48932.9, 1, 0.0, 1, 4.669]
[48932.9, 1, 0.0, 1, 4.698]
[48932.9, 1, 0.0, 1, 4.708]
[48932.9, 1, 0.0, 1, 4.68]
[48932.9, 1, 0.0, 1, 4.693]
[48932.9, 1, 0.0, 1, 4.701]
[48932.9, 1, 0.0, 1, 4.707]
[48932.9, 1, 0.0, 1, 4.663]
[48932.9, 1, 0.0, 1, 4.715]
[48932.9, 1, 0.0, 1, 4.69]
[48932.9, 1, 0.0, 1, 4.676]
[48932.9, 1, 0.0, 1, 4.727]
[48932.9, 1, 0.0, 1, 4.691]
[48932.9, 1, 0.0, 1, 4.651]
[48932.9, 1, 0.0, 1, 4.635]
[48932.9, 1, 0.0, 1, 4.653]
[48932.9, 1, 0.0, 1, 4.722]
[48932.9, 1, 0.0, 1, 4.64]
[48932.9, 1, 0.0, 1, 4.715]
[48932.9, 1, 0.0, 1, 4.681]
[48932.9, 1, 0.0, 1, 4.63]
[48932.9, 1, 0.0, 1, 4.689]
[48932.9, 1, 0.0, 1, 4.652]
[48932.9, 1, 0.0, 1, 4.63]
[48932.9, 1, 0.0, 1, 4.661]
[48932.9, 1, 0.0, 1, 4.652]
[48932.9, 1, 0.0, 1, 4.665]
[48932.9, 1, 0.0, 1, 4.618]
[48932.9, 1, 0.0, 1, 4.666]
[48932.9, 1, 0.0, 1, 4.648]
[48932.9, 1, 0.0, 1, 4.606]
[48932.9, 1, 0.0, 1, 4.671]
[48932.9, 1, 0.0, 1, 4.68]
[48932.9, 1, 0.0, 1, 4.647]
[48932.9, 1, 0.0, 1, 4.691]
[48932.9, 1, 0.0, 1, 4.705]
[48932.9, 1, 0.0, 1, 4.666]
[48932.9, 1, 0.0, 1, 4.672]
[48932.9, 1, 0.0, 1, 4.704]
[48932.9, 1, 0.0, 1, 4.709]
[48932.9, 1, 0.0, 1, 4.684]
[48932.9, 1, 0.0, 1, 4.745]
[48932.9, 1, 0.0, 1, 4.72]
[48932.9, 1, 0.0, 1, 4.685]
[48932.9, 1, 0.0, 1, 4.641]
[48932.9, 1, 0.0, 1, 4.661]
[48932.9, 1, 0.0, 1, 4.653]
[48932.9, 1, 0.0, 1, 4.697]
[48932.9, 1, 0.0, 1, 4.724]
[48932.9, 1, 0.0, 1, 4.695]
[48932.9, 1, 0.0, 1, 4.656]
[48932.9, 1, 0.0, 1, 4.664]
[48932.9, 1, 0.0, 1, 4.666]
[48932.9, 1, 0.0, 1, 4.657]
[48932.9, 1, 0.0, 1, 4.658]
[48932.9, 1, 0.0, 1, 4.682]
[48932.9, 1, 0.0, 1, 4.67]
[48932.9, 1, 0.0, 1, 4.665]
[48932.9, 1, 0.0, 1, 4.691]
[48932.9, 1, 0.0, 1, 4.703]
[48932.9, 1, 0.0, 1, 4.688]
[48932.9, 1, 0.0, 1, 4.713]
[48932.9, 1, 0.0, 1, 4.704]
[48932.9, 1, 0.0, 1, 4.671]
[48932.9, 1, 0.0, 1, 4.68]
[48932.9, 1, 0.0, 1, 4.693]
[48932.9, 1, 0.0, 1, 4.659]
[48932.9, 1, 0.0, 1, 4.666]
[48932.9, 1, 0.0, 1, 4.716]
[48932.9, 1, 0.0, 1, 4.71]
[48932.9, 1, 0.0, 1, 4.667]
[48932.9, 1, 0.0, 1, 4.76]
[48932.9, 1, 0.0, 1, 4.701]
[48932.9, 1, 0.0, 1, 4.672]
[48932.9, 1, 0.0, 1, 4.7]
[48932.9, 1, 0.0, 1, 4.674]
[48932.9, 1, 0.0, 1, 4.683]
[48932.9, 1, 0.0, 1, 4.695]
[48932.9, 1, 0.0, 1, 4.738]
[48932.9, 1, 0.0, 1, 4.796]
[48932.9, 1, 0.0, 1, 4.678]
[48932.9, 1, 0.0, 1, 4.718]
[48932.9, 1, 0.0, 1, 4.718]
[48932.9, 1, 0.0, 1, 4.669]
[48932.9, 1, 0.0, 1, 4.72]
[48932.9, 1, 0.0, 1, 4.725]
[48932.9, 1, 0.0, 1, 4.669]
[48932.9, 1, 0.0, 1, 4.674]
[48932.9, 1, 0.0, 1, 4.703]
[48932.9, 1, 0.0, 1, 4.667]
[48932.9, 1, 0.0, 1, 4.676]
[48932.9, 1, 0.0, 1, 4.667]
[48932.9, 1, 0.0, 1, 4.654]
[48932.9, 1, 0.0, 1, 4.672]
[48932.9, 1, 0.0, 1, 4.733]
[48932.9, 1, 0.0, 1, 4.693]
[48932.9, 1, 0.0, 1, 4.666]
[48932.9, 1, 0.0, 1, 4.685]
[48932.9, 1, 0.0, 1, 4.76]
[48932.9, 1, 0.0, 1, 4.659]
[48932.9, 1, 0.0, 1, 4.676]
[48932.9, 1, 0.0, 1, 4.717]
[48932.9, 1, 0.0, 1, 4.691]
[48932.9, 1, 0.0, 1, 4.671]
[48932.9, 1, 0.0, 1, 4.7]
[48932.9, 1, 0.0, 1, 4.704]
[48932.9, 1, 0.0, 1, 4.679]
[48932.9, 1, 0.0, 1, 4.703]
[48932.9, 1, 0.0, 1, 4.712]
[48932.9, 1, 0.0, 1, 4.683]
[48932.9, 1, 0.0, 1, 4.669]
[48932.9, 1, 0.0, 1, 4.731]
[48932.9, 1, 0.0, 1, 4.712]
[48932.9, 1, 0.0, 1, 4.692]
[48932.9, 1, 0.0, 1, 4.71]
[48932.9, 1, 0.0, 1, 4.701]
[48932.9, 1, 0.0, 1, 4.684]
[48932.9, 1, 0.0, 1, 4.686]
[48932.9, 1, 0.0, 1, 4.711]
[48932.9, 1, 0.0, 1, 4.681]
[48932.9, 1, 0.0, 1, 4.697]
[48932.9, 1, 0.0, 1, 4.717]
[48932.9, 1, 0.0, 1, 4.707]
[48932.9, 1, 0.0, 1, 4.681]
[48932.9, 1, 0.0, 1, 4.751]
[48932.9, 1, 0.0, 1, 4.712]
[48932.9, 1, 0.0, 1, 4.678]
[48932.9, 1, 0.0, 1, 4.693]
[48932.9, 1, 0.0, 1, 4.677]
[48932.9, 1, 0.0, 1, 4.628]
[48932.9, 1, 0.0, 1, 4.644]
[48932.9, 1, 0.0, 1, 4.65]
[48932.9, 1, 0.0, 1, 4.679]
[48932.9, 1, 0.0, 1, 4.667]
[48932.9, 1, 0.0, 1, 4.733]
[48932.9, 1, 0.0, 1, 4.664]
[48932.9, 1, 0.0, 1, 4.64]
[48932.9, 1, 0.0, 1, 4.761]
[48932.9, 1, 0.0, 1, 4.66]
[48932.9, 1, 0.0, 1, 4.663]
[48932.9, 1, 0.0, 1, 4.7]
[48932.9, 1, 0.0, 1, 4.763]
[48932.9, 1, 0.0, 1, 4.85]
[48932.9, 1, 0.0, 1, 4.726]
[48932.9, 1, 0.0, 1, 4.728]
[48932.9, 1, 0.0, 1, 4.728]
[48932.9, 1, 0.0, 1, 4.666]
[48932.9, 1, 0.0, 1, 4.676]
[48932.9, 1, 0.0, 1, 4.685]
[48932.9, 1, 0.0, 1, 4.683]
[48932.9, 1, 0.0, 1, 4.662]
[48932.9, 1, 0.0, 1, 4.682]
[48932.9, 1, 0.0, 1, 4.67]
[48932.9, 1, 0.0, 1, 4.633]
[48932.9, 1, 0.0, 1, 4.673]
[48932.9, 1, 0.0, 1, 4.679]
[48932.9, 1, 0.0, 1, 4.688]
[48932.9, 1, 0.0, 1, 4.687]
[48932.9, 1, 0.0, 1, 4.719]
[48932.9, 1, 0.0, 1, 4.669]
[48932.9, 1, 0.0, 1, 4.667]
[48932.9, 1, 0.0, 1, 4.667]
[48932.9, 1, 0.0, 1, 4.671]
[48932.9, 1, 0.0, 1, 4.659]
[48932.9, 1, 0.0, 1, 4.717]
[48932.9, 1, 0.0, 1, 4.691]
[48932.9, 1, 0.0, 1, 4.654]
[48932.9, 1, 0.0, 1, 4.725]
[48932.9, 1, 0.0, 1, 4.695]
[48932.9, 1, 0.0, 1, 4.68]
[48932.9, 1, 0.0, 1, 4.654]
[48932.9, 1, 0.0, 1, 4.698]
[48932.9, 1, 0.0, 1, 4.675]
[48932.9, 1, 0.0, 1, 4.662]
[48932.9, 1, 0.0, 1, 4.659]
[48932.9, 1, 0.0, 1, 4.636]
[48932.9, 1, 0.0, 1, 4.633]
[48932.9, 1, 0.0, 1, 4.714]
[48932.9, 1, 0.0, 1, 4.706]
[48932.9, 1, 0.0, 1, 4.673]
[48932.9, 1, 0.0, 1, 4.694]
[48932.9, 1, 0.0, 1, 4.719]
[48932.9, 1, 0.0, 1, 4.674]
[48932.9, 1, 0.0, 1, 4.678]
[48932.9, 1, 0.0, 1, 4.747]
[48932.9, 1, 0.0, 1, 4.714]
[48932.9, 1, 0.0, 1, 4.672]
[48932.9, 1, 0.0, 1, 4.7]
[48932.9, 1, 0.0, 1, 4.736]
[48932.9, 1, 0.0, 1, 4.7]
[48932.9, 1, 0.0, 1, 4.699]
[48932.9, 1, 0.0, 1, 4.708]
[48932.9, 1, 0.0, 1, 4.658]
[48932.9, 1, 0.0, 1, 4.674]
[48932.9, 1, 0.0, 1, 4.68]
[48932.9, 1, 0.0, 1, 4.69]
[48932.9, 1, 0.0, 1, 4.671]
[48932.9, 1, 0.0, 1, 4.723]
[48932.9, 1, 0.0, 1, 4.673]
[48932.9, 1, 0.0, 1, 4.67]
[48932.9, 1, 0.0, 1, 4.731]
[48932.9, 1, 0.0, 1, 4.691]
[48932.9, 1, 0.0, 1, 4.695]
[48932.9, 1, 0.0, 1, 4.687]
[48932.9, 1, 0.0, 1, 4.686]
[48932.9, 1, 0.0, 1, 4.772]
[48932.9, 1, 0.0, 1, 4.66]
[48932.9, 1, 0.0, 1, 4.722]
[48932.9, 1, 0.0, 1, 4.724]
[48932.9, 1, 0.0, 1, 4.684]
[48932.9, 1, 0.0, 1, 4.698]
[48932.9, 1, 0.0, 1, 4.702]
[48932.9, 1, 0.0, 1, 4.69]
[48932.9, 1, 0.0, 1, 4.674]
[48932.9, 1, 0.0, 1, 4.702]
[48932.9, 1, 0.0, 1, 4.701]
[48932.9, 1, 0.0, 1, 4.69]
[48932.9, 1, 0.0, 1, 4.711]
[48932.9, 1, 0.0, 1, 4.716]
[48932.9, 1, 0.0, 1, 4.677]
[48932.9, 1, 0.0, 1, 4.706]
[48932.9, 1, 0.0, 1, 4.711]
[48932.9, 1, 0.0, 1, 4.704]
[48932.9, 1, 0.0, 1, 4.696]
[48932.9, 1, 0.0, 1, 4.71]
[48932.9, 1, 0.0, 1, 4.675]
[48932.9, 1, 0.0, 1, 4.655]
[48932.9, 1, 0.0, 1, 4.736]
[48932.9, 1, 0.0, 1, 4.713]
[48932.9, 1, 0.0, 1, 4.688]
[48932.9, 1, 0.0, 1, 4.693]
[48932.9, 1, 0.0, 1, 4.697]
[48932.9, 1, 0.0, 1, 4.67]
[48932.9, 1, 0.0, 1, 4.683]
[48932.9, 1, 0.0, 1, 4.705]
[48932.9, 1, 0.0, 1, 4.683]
[48932.9, 1, 0.0, 1, 4.674]
[48932.9, 1, 0.0, 1, 4.708]
[48932.9, 1, 0.0, 1, 4.704]
[48932.9, 1, 0.0, 1, 4.707]
[48932.9, 1, 0.0, 1, 4.737]
[48932.9, 1, 0.0, 1, 4.699]
[48932.9, 1, 0.0, 1, 4.69]
[48932.9, 1, 0.0, 1, 4.663]
[48932.9, 1, 0.0, 1, 4.704]
[48932.9, 1, 0.0, 1, 4.694]
[48932.9, 1, 0.0, 1, 4.698]
[48932.9, 1, 0.0, 1, 4.727]
[48932.9, 1, 0.0, 1, 4.731]
[48932.9, 1, 0.0, 1, 4.682]
[48932.9, 1, 0.0, 1, 4.728]
[48932.9, 1, 0.0, 1, 4.722]
[48932.9, 1, 0.0, 1, 4.683]
[48932.9, 1, 0.0, 1, 4.686]
[48932.9, 1, 0.0, 1, 4.685]
[48932.9, 1, 0.0, 1, 4.676]
[48932.9, 1, 0.0, 1, 4.685]
[48932.9, 1, 0.0, 1, 4.706]
[48932.9, 1, 0.0, 1, 4.678]
[48932.9, 1, 0.0, 1, 4.687]
[48932.9, 1, 0.0, 1, 4.728]
[48932.9, 1, 0.0, 1, 4.689]
[48932.9, 1, 0.0, 1, 4.676]
[48932.9, 1, 0.0, 1, 4.718]
[48932.9, 1, 0.0, 1, 4.693]
[48932.9, 1, 0.0, 1, 4.676]
[48932.9, 1, 0.0, 1, 4.693]
[48932.9, 1, 0.0, 1, 4.722]
[48932.9, 1, 0.0, 1, 4.813]
[48932.9, 1, 0.0, 1, 4.681]
[48932.9, 1, 0.0, 1, 4.729]
[48932.9, 1, 0.0, 1, 4.724]
[48932.9, 1, 0.0, 1, 4.68]
[48932.9, 1, 0.0, 1, 4.769]
[48932.9, 1, 0.0, 1, 4.693]
[48932.9, 1, 0.0, 1, 4.688]
[48932.9, 1, 0.0, 1, 4.682]
[48932.9, 1, 0.0, 1, 4.672]
[48932.9, 1, 0.0, 1, 4.669]
[48932.9, 1, 0.0, 1, 4.668]
[48932.9, 1, 0.0, 1, 4.692]
[48932.9, 1, 0.0, 1, 4.718]
[48932.9, 1, 0.0, 1, 4.671]
[48932.9, 1, 0.0, 1, 4.71]
[48932.9, 1, 0.0, 1, 4.694]
[48932.9, 1, 0.0, 1, 4.686]
[48932.9, 1, 0.0, 1, 4.7]
[48932.9, 1, 0.0, 1, 4.725]
[48932.9, 1, 0.0, 1, 4.668]
[48932.9, 1, 0.0, 1, 4.667]
[48932.9, 1, 0.0, 1, 4.678]
[48932.9, 1, 0.0, 1, 4.684]
[48932.9, 1, 0.0, 1, 4.641]
[48932.9, 1, 0.0, 1, 4.671]
[48932.9, 1, 0.0, 1, 4.659]
[48932.9, 1, 0.0, 1, 4.647]
[48932.9, 1, 0.0, 1, 4.622]
[48932.9, 1, 0.0, 1, 4.685]
[48932.9, 1, 0.0, 1, 4.653]
[48932.9, 1, 0.0, 1, 4.635]
[48932.9, 1, 0.0, 1, 4.684]
[48932.9, 1, 0.0, 1, 4.627]
[48932.9, 1, 0.0, 1, 4.632]
[48932.9, 1, 0.0, 1, 4.657]
[48932.9, 1, 0.0, 1, 4.703]
[48932.9, 1, 0.0, 1, 4.621]
[48932.9, 1, 0.0, 1, 4.642]
[48932.9, 1, 0.0, 1, 4.629]
[48932.9, 1, 0.0, 1, 4.634]
[48932.9, 1, 0.0, 1, 4.647]
[48932.9, 1, 0.0, 1, 4.674]
[48932.9, 1, 0.0, 1, 4.681]
[48932.9, 1, 0.0, 1, 4.665]
[48932.9, 1, 0.0, 1, 4.691]
[48932.9, 1, 0.0, 1, 4.686]
[48932.9, 1, 0.0, 1, 4.627]
[48932.9, 1, 0.0, 1, 4.628]
[48932.9, 1, 0.0, 1, 4.652]
[48932.9, 1, 0.0, 1, 4.629]
[48932.9, 1, 0.0, 1, 4.62]
[48932.9, 1, 0.0, 1, 4.678]
[48932.9, 1, 0.0, 1, 4.659]
[48932.9, 1, 0.0, 1, 4.654]
[48932.9, 1, 0.0, 1, 4.728]
[48932.9, 1, 0.0, 1, 4.662]
[48932.9, 1, 0.0, 1, 4.653]
[48932.9, 1, 0.0, 1, 4.688]
[48932.9, 1, 0.0, 1, 4.614]
[48932.9, 1, 0.0, 1, 4.626]
[48932.9, 1, 0.0, 1, 4.617]
[48932.9, 1, 0.0, 1, 4.718]
[48932.9, 1, 0.0, 1, 4.748]
[48932.9, 1, 0.0, 1, 4.621]
[48932.9, 1, 0.0, 1, 4.63]
[48932.9, 1, 0.0, 1, 4.608]
[48932.9, 1, 0.0, 1, 4.6]
[48932.9, 1, 0.0, 1, 4.643]
[48932.9, 1, 0.0, 1, 4.66]
[48932.9, 1, 0.0, 1, 4.648]
[48932.9, 1, 0.0, 1, 4.699]
[48932.9, 1, 0.0, 1, 4.751]
[48932.9, 1, 0.0, 1, 4.732]
[48932.9, 1, 0.0, 1, 4.632]
[48932.9, 1, 0.0, 1, 4.648]
[48932.9, 1, 0.0, 1, 4.669]
[48932.9, 1, 0.0, 1, 4.644]
[48932.9, 1, 0.0, 1, 4.649]
[48932.9, 1, 0.0, 1, 4.601]
[48932.9, 1, 0.0, 1, 4.58]
[48932.9, 1, 0.0, 1, 4.546]
[48932.9, 1, 0.0, 1, 4.594]
[48932.9, 1, 0.0, 1, 4.626]
[48932.9, 1, 0.0, 1, 4.637]
[48932.9, 1, 0.0, 1, 4.667]
[48932.9, 1, 0.0, 1, 4.693]
[48932.9, 1, 0.0, 1, 4.61]
[48932.9, 1, 0.0, 1, 4.688]
[48932.9, 1, 0.0, 1, 4.688]
[48932.9, 1, 0.0, 1, 4.644]
[48932.9, 1, 0.0, 1, 4.648]
[48932.9, 1, 0.0, 1, 4.641]
[48932.9, 1, 0.0, 1, 4.598]
[48932.9, 1, 0.0, 1, 4.618]
[48932.9, 1, 0.0, 1, 4.627]
