[36043.2, 1, 0.0, 5, 77.722]
[48932.9, 1, 0.0, 4, 67.069]
[48932.9, 1, 0.0, 7, 111.541]
[48932.9, 2, 6857.2, 13, 199.687]
[48932.9, 1, 0.0, 12, 190.839]
[48932.9, 1, 0.0, 5, 145.105]
[48932.9, 1, 0.0, 4, 126.646]
[48932.9, 1, 0.0, 3, 131.226]
[48932.9, 1, 0.0, 5, 90.68]
[48932.9, 1, 0.0, 4, 231.406]
[48932.9, 1, 0.0, 5, 119.307]
[48932.9, 1, 0.0, 3, 48.342]
[48932.9, 1, 0.0, 5, 177.596]
[48932.9, 1, 0.0, 6, 142.852]
[48932.9, 1, 0.0, 4, 215.397]
[48932.9, 1, 0.0, 5, 59.868]
[48932.9, 1, 0.0, 2, 21.884]
[48932.9, 1, 0.0, 5, 89.468]
[48932.9, 1, 0.0, 2, 45.891]
[48932.9, 1, 0.0, 8, 186.843]
[48932.9, 1, 0.0, 4, 77.413]
[48932.9, 1, 0.0, 3, 77.74]
[48932.9, 1, 0.0, 4, 129.705]
[48932.9, 1, 0.0, 2, 81.391]
[48932.9, 1, 0.0, 6, 166.672]
[48932.9, 1, 0.0, 3, 84.506]
[48932.9, 1, 0.0, 4, 52.766]
[48932.9, 1, 0.0, 4, 63.865]
[48932.9, 1, 0.0, 4, 100.412]
[48932.9, 1, 0.0, 4, 109.644]
[48932.9, 1, 0.0, 3, 111.379]
[48932.9, 1, 0.0, 5, 213.693]
[48932.9, 1, 0.0, 4, 177.92]
[48932.9, 1, 0.0, 3, 59.301]
[48932.9, 1, 0.0, 2, 27.502]
[48932.9, 1, 0.0, 3, 127.951]
[48932.9, 1, 0.0, 3, 40.17]
[48932.9, 1, 0.0, 3, 33.179]
[48932.9, 1, 0.0, 8, 121.378]
[48932.9, 1, 0.0, 8, 125.322]
[48932.9, 4, 6857.2, 10, 172.066]
[48932.9, 1, 0.0, 5, 163.511]
[48932.9, 1, 0.0, 8, 240.939]
[48932.9, 1, 0.0, 7, 194.573]
[48932.9, 1, 0.0, 6, 278.008]
[48932.9, 1, 0.0, 10, 291.837]
[48932.9, 1, 0.0, 5, 154.197]
[48932.9, 1, 0.0, 4, 77.348]
[48932.9, 1, 0.0, 5, 93.269]
[48932.9, 1, 0.0, 2, 54.751]
[48932.9, 1, 0.0, 6, 243.949]
[48932.9, 1, 0.0, 5, 187.317]
[48932.9, 1, 0.0, 4, 57.84]
[48932.9, 1, 0.0, 5, 100.074]
[48932.9, 1, 0.0, 3, 34.219]
[48932.9, 1, 0.0, 3, 73.127]
[48932.9, 1, 0.0, 3, 40.435]
[48932.9, 1, 0.0, 2, 40.591]
[48932.9, 1, 0.0, 2, 66.308]
[48932.9, 1, 0.0, 2, 21.54]
[48932.9, 1, 0.0, 4, 71.127]
[48932.9, 1, 0.0, 3, 33.565]
[48932.9, 1, 0.0, 3, 98.181]
[48932.9, 1, 0.0, 2, 61.166]
[48932.9, 1, 0.0, 2, 20.432]
[48932.9, 1, 0.0, 2, 50.123]
[48932.9, 1, 0.0, 5, 106.139]
[48932.9, 1, 0.0, 3, 50.735]
[48932.9, 1, 0.0, 3, 66.636]
[48932.9, 1, 0.0, 4, 53.72]
[48932.9, 1, 0.0, 2, 46.56]
[48932.9, 1, 0.0, 2, 38.385]
[48932.9, 1, 0.0, 2, 28.2]
[48932.9, 1, 0.0, 3, 45.018]
[48932.9, 1, 0.0, 4, 60.437]
[48932.9, 1, 0.0, 4, 79.224]
[48932.9, 1, 0.0, 2, 37.573]
[48932.9, 1, 0.0, 2, 37.187]
[48932.9, 1, 0.0, 2, 27.683]
[48932.9, 1, 0.0, 2, 24.872]
[48932.9, 1, 0.0, 4, 38.952]
[48932.9, 1, 0.0, 3, 28.537]
[48932.9, 1, 0.0, 3, 88.157]
[48932.9, 1, 0.0, 1, 18.75]
[48932.9, 1, 0.0, 3, 28.894]
[48932.9, 1, 0.0, 1, 17.185]
[48932.9, 1, 0.0, 2, 22.478]
[48932.9, 1, 0.0, 4, 39.054]
[48932.9, 1, 0.0, 3, 29.382]
[48932.9, 1, 0.0, 3, 76.656]
[48932.9, 1, 0.0, 2, 19.416]
[48932.9, 1, 0.0, 2, 19.576]
[48932.9, 1, 0.0, 2, 18.892]
[48932.9, 1, 0.0, 2, 35.331]
[48932.9, 1, 0.0, 3, 50.693]
[48932.9, 1, 0.0, 1, 19.735]
[48932.9, 1, 0.0, 2, 19.061]
[48932.9, 1, 0.0, 1, 18.419]
[48932.9, 1, 0.0, 1, 14.735]
[48932.9, 1, 0.0, 2, 49.187]
[48932.9, 1, 0.0, 3, 63.177]
[48932.9, 1, 0.0, 3, 54.364]
[48932.9, 1, 0.0, 2, 19.053]
[48932.9, 1, 0.0, 2, 31.655]
[48932.9, 1, 0.0, 3, 28.482]
[48932.9, 1, 0.0, 2, 27.013]
[48932.9, 1, 0.0, 2, 18.539]
[48932.9, 1, 0.0, 2, 19.439]
[48932.9, 1, 0.0, 1, 9.959]
[48932.9, 1, 0.0, 1, 15.837]
[48932.9, 1, 0.0, 2, 35.336]
[48932.9, 1, 0.0, 2, 31.735]
[48932.9, 1, 0.0, 2, 18.459]
[48932.9, 1, 0.0, 3, 28.631]
[48932.9, 1, 0.0, 2, 22.071]
[48932.9, 1, 0.0, 1, 9.446]
[48932.9, 1, 0.0, 2, 19.358]
[48932.9, 1, 0.0, 2, 18.968]
[48932.9, 1, 0.0, 2, 19.131]
[48932.9, 1, 0.0, 2, 23.696]
[48932.9, 1, 0.0, 1, 9.724]
[48932.9, 1, 0.0, 2, 18.893]
[48932.9, 1, 0.0, 2, 19.176]
[48932.9, 1, 0.0, 1, 14.147]
[48932.9, 1, 0.0, 2, 19.635]
[48932.9, 1, 0.0, 2, 21.982]
[48932.9, 1, 0.0, 2, 43.172]
[48932.9, 1, 0.0, 2, 28.133]
[48932.9, 1, 0.0, 2, 32.6]
[48932.9, 1, 0.0, 2, 18.98]
[48932.9, 1, 0.0, 2, 18.875]
[48932.9, 1, 0.0, 2, 18.787]
[48932.9, 1, 0.0, 3, 53.232]
[48932.9, 1, 0.0, 2, 24.411]
[48932.9, 1, 0.0, 1, 11.872]
[48932.9, 1, 0.0, 2, 36.134]
[48932.9, 1, 0.0, 2, 30.43]
[48932.9, 1, 0.0, 2, 24.937]
[48932.9, 1, 0.0, 2, 19.594]
[48932.9, 1, 0.0, 2, 18.877]
[48932.9, 1, 0.0, 1, 11.309]
[48932.9, 1, 0.0, 1, 9.307]
[48932.9, 1, 0.0, 2, 18.737]
[48932.9, 1, 0.0, 2, 18.78]
[48932.9, 1, 0.0, 1, 14.708]
[48932.9, 1, 0.0, 1, 14.033]
[48932.9, 1, 0.0, 1, 9.355]
[48932.9, 1, 0.0, 1, 9.629]
[48932.9, 1, 0.0, 3, 28.346]
[48932.9, 1, 0.0, 3, 27.975]
[48932.9, 1, 0.0, 1, 9.737]
[48932.9, 1, 0.0, 2, 19.234]
[48932.9, 1, 0.0, 1, 16.27]
[48932.9, 1, 0.0, 1, 9.23]
[48932.9, 1, 0.0, 2, 18.918]
[48932.9, 1, 0.0, 1, 9.489]
[48932.9, 1, 0.0, 2, 19.035]
[48932.9, 1, 0.0, 1, 13.318]
[48932.9, 1, 0.0, 1, 11.925]
[48932.9, 1, 0.0, 2, 19.552]
[48932.9, 1, 0.0, 1, 9.416]
[48932.9, 1, 0.0, 2, 19.01]
[48932.9, 1, 0.0, 2, 18.938]
[48932.9, 1, 0.0, 2, 18.575]
[48932.9, 1, 0.0, 1, 9.338]
[48932.9, 1, 0.0, 1, 13.598]
[48932.9, 1, 0.0, 1, 16.46]
[48932.9, 1, 0.0, 1, 9.278]
[48932.9, 1, 0.0, 1, 9.424]
[48932.9, 1, 0.0, 1, 15.445]
[48932.9, 1, 0.0, 1, 9.436]
[48932.9, 1, 0.0, 2, 18.842]
[48932.9, 1, 0.0, 2, 18.953]
[48932.9, 1, 0.0, 2, 19.033]
[48932.9, 1, 0.0, 2, 19.193]
[48932.9, 1, 0.0, 3, 29.011]
[48932.9, 1, 0.0, 1, 9.525]
[48932.9, 1, 0.0, 2, 18.926]
[48932.9, 1, 0.0, 1, 17.697]
[48932.9, 1, 0.0, 1, 9.367]
[48932.9, 1, 0.0, 1, 9.603]
[48932.9, 1, 0.0, 1, 17.659]
[48932.9, 1, 0.0, 2, 18.774]
[48932.9, 1, 0.0, 2, 18.857]
[48932.9, 1, 0.0, 1, 9.319]
[48932.9, 1, 0.0, 1, 9.833]
[48932.9, 1, 0.0, 1, 9.297]
[48932.9, 1, 0.0, 1, 9.342]
[48932.9, 1, 0.0, 2, 18.496]
[48932.9, 1, 0.0, 1, 9.443]
[48932.9, 1, 0.0, 2, 27.859]
[48932.9, 1, 0.0, 1, 9.427]
[48932.9, 1, 0.0, 1, 15.482]
[48932.9, 1, 0.0, 1, 9.389]
[48932.9, 1, 0.0, 1, 9.431]
[48932.9, 1, 0.0, 2, 18.863]
[48932.9, 1, 0.0, 2, 18.827]
[48932.9, 1, 0.0, 1, 9.64]
[48932.9, 1, 0.0, 2, 18.749]
[48932.9, 1, 0.0, 1, 9.252]
[48932.9, 1, 0.0, 1, 9.236]
[48932.9, 1, 0.0, 2, 18.705]
[48932.9, 1, 0.0, 1, 9.131]
[48932.9, 1, 0.0, 1, 9.253]
[48932.9, 1, 0.0, 2, 18.587]
[48932.9, 1, 0.0, 2, 18.458]
[48932.9, 1, 0.0, 1, 16.356]
[48932.9, 1, 0.0, 1, 9.292]
[48932.9, 1, 0.0, 1, 9.33]
[48932.9, 1, 0.0, 1, 9.357]
[48932.9, 1, 0.0, 1, 9.416]
[48932.9, 1, 0.0, 1, 9.315]
[48932.9, 1, 0.0, 1, 9.349]
[48932.9, 1, 0.0, 1, 16.178]
[48932.9, 1, 0.0, 1, 9.183]
[48932.9, 1, 0.0, 2, 18.949]
[48932.9, 1, 0.0, 1, 9.437]
[48932.9, 1, 0.0, 1, 9.417]
[48932.9, 1, 0.0, 1, 9.46]
[48932.9, 1, 0.0, 2, 19.291]
[48932.9, 1, 0.0, 1, 9.631]
[48932.9, 1, 0.0, 1, 9.393]
[48932.9, 1, 0.0, 1, 16.421]
[48932.9, 1, 0.0, 1, 9.394]
[48932.9, 1, 0.0, 1, 9.483]
[48932.9, 1, 0.0, 1, 9.574]
[48932.9, 1, 0.0, 1, 9.514]
[48932.9, 1, 0.0, 2, 18.945]
[48932.9, 1, 0.0, 1, 9.159]
[48932.9, 1, 0.0, 1, 9.284]
[48932.9, 1, 0.0, 1, 9.204]
[48932.9, 1, 0.0, 1, 17.696]
[48932.9, 1, 0.0, 2, 18.827]
[48932.9, 1, 0.0, 1, 9.344]
[48932.9, 1, 0.0, 1, 12.119]
[48932.9, 1, 0.0, 1, 9.45]
[48932.9, 1, 0.0, 2, 18.937]
[48932.9, 1, 0.0, 1, 9.328]
[48932.9, 1, 0.0, 1, 9.407]
[48932.9, 1, 0.0, 1, 9.159]
[48932.9, 1, 0.0, 2, 18.932]
[48932.9, 1, 0.0, 1, 14.253]
[48932.9, 1, 0.0, 1, 9.395]
[48932.9, 1, 0.0, 2, 18.843]
[48932.9, 1, 0.0, 1, 9.472]
[48932.9, 1, 0.0, 1, 9.43]
[48932.9, 1, 0.0, 2, 18.826]
[48932.9, 1, 0.0, 1, 9.44]
[48932.9, 1, 0.0, 1, 9.447]
[48932.9, 1, 0.0, 2, 18.976]
[48932.9, 1, 0.0, 1, 9.377]
[48932.9, 1, 0.0, 1, 9.341]
[48932.9, 1, 0.0, 1, 9.327]
[48932.9, 1, 0.0, 1, 9.301]
[48932.9, 1, 0.0, 1, 9.343]
[48932.9, 1, 0.0, 1, 9.435]
[48932.9, 1, 0.0, 1, 9.24]
[48932.9, 1, 0.0, 2, 18.935]
[48932.9, 1, 0.0, 1, 9.347]
[48932.9, 1, 0.0, 1, 9.314]
[48932.9, 1, 0.0, 1, 9.278]
[48932.9, 1, 0.0, 1, 9.315]
[48932.9, 1, 0.0, 1, 9.397]
[48932.9, 1, 0.0, 1, 9.302]
[48932.9, 1, 0.0, 1, 9.339]
[48932.9, 1, 0.0, 1, 9.384]
[48932.9, 1, 0.0, 1, 9.457]
[48932.9, 1, 0.0, 1, 9.443]
[48932.9, 1, 0.0, 1, 9.428]
[48932.9, 1, 0.0, 1, 9.435]
[48932.9, 1, 0.0, 1, 9.466]
[48932.9, 1, 0.0, 1, 9.415]
[48932.9, 1, 0.0, 1, 9.544]
[48932.9, 1, 0.0, 1, 9.413]
[48932.9, 1, 0.0, 1, 9.435]
[48932.9, 1, 0.0, 1, 9.426]
[48932.9, 1, 0.0, 1, 9.74]
[48932.9, 1, 0.0, 1, 9.39]
[48932.9, 1, 0.0, 1, 9.468]
[48932.9, 1, 0.0, 1, 9.447]
[48932.9, 1, 0.0, 1, 9.48]
[48932.9, 1, 0.0, 1, 9.429]
[48932.9, 1, 0.0, 1, 9.44]
[48932.9, 1, 0.0, 1, 9.459]
[48932.9, 1, 0.0, 2, 18.515]
[48932.9, 1, 0.0, 1, 9.235]
[48932.9, 1, 0.0, 1, 9.143]
[48932.9, 1, 0.0, 1, 9.257]
[48932.9, 1, 0.0, 1, 9.18]
[48932.9, 1, 0.0, 1, 9.185]
[48932.9, 1, 0.0, 1, 9.178]
[48932.9, 1, 0.0, 1, 9.071]
[48932.9, 1, 0.0, 1, 9.213]
[48932.9, 1, 0.0, 1, 9.176]
[48932.9, 1, 0.0, 1, 9.179]
[48932.9, 1, 0.0, 1, 9.119]
[48932.9, 1, 0.0, 1, 9.169]
[48932.9, 1, 0.0, 2, 18.981]
[48932.9, 1, 0.0, 1, 9.397]
[48932.9, 1, 0.0, 1, 9.423]
[48932.9, 1, 0.0, 1, 9.545]
[48932.9, 1, 0.0, 1, 9.403]
[48932.9, 1, 0.0, 1, 9.378]
[48932.9, 1, 0.0, 1, 9.502]
[48932.9, 1, 0.0, 1, 9.432]
[48932.9, 1, 0.0, 1, 9.383]
[48932.9, 1, 0.0, 1, 9.578]
[48932.9, 1, 0.0, 1, 9.269]
[48932.9, 1, 0.0, 1, 9.465]
[48932.9, 1, 0.0, 1, 9.253]
[48932.9, 1, 0.0, 1, 9.27]
[48932.9, 1, 0.0, 1, 9.366]
[48932.9, 1, 0.0, 1, 9.364]
[48932.9, 1, 0.0, 1, 9.207]
[48932.9, 1, 0.0, 1, 9.319]
[48932.9, 1, 0.0, 1, 9.699]
[48932.9, 1, 0.0, 1, 15.569]
[48932.9, 1, 0.0, 1, 9.903]
[48932.9, 1, 0.0, 1, 9.819]
[48932.9, 1, 0.0, 1, 9.927]
[48932.9, 1, 0.0, 1, 10.054]
[48932.9, 1, 0.0, 1, 10.079]
[48932.9, 1, 0.0, 1, 9.434]
[48932.9, 1, 0.0, 1, 9.584]
[48932.9, 1, 0.0, 1, 9.565]
[48932.9, 1, 0.0, 1, 9.678]
[48932.9, 1, 0.0, 1, 9.777]
[48932.9, 1, 0.0, 1, 9.707]
[48932.9, 1, 0.0, 1, 9.689]
[48932.9, 1, 0.0, 1, 9.672]
[48932.9, 1, 0.0, 1, 9.507]
[48932.9, 1, 0.0, 1, 9.229]
[48932.9, 1, 0.0, 1, 9.201]
[48932.9, 1, 0.0, 1, 9.378]
[48932.9, 1, 0.0, 1, 9.214]
[48932.9, 1, 0.0, 1, 9.187]
[48932.9, 1, 0.0, 1, 9.156]
[48932.9, 1, 0.0, 1, 9.395]
[48932.9, 1, 0.0, 1, 9.411]
[48932.9, 1, 0.0, 1, 9.291]
[48932.9, 1, 0.0, 1, 9.298]
[48932.9, 1, 0.0, 1, 9.366]
[48932.9, 1, 0.0, 1, 9.284]
[48932.9, 1, 0.0, 1, 9.497]
[48932.9, 1, 0.0, 1, 9.357]
[48932.9, 1, 0.0, 1, 9.58]
[48932.9, 1, 0.0, 1, 9.162]
[48932.9, 1, 0.0, 1, 9.202]
[48932.9, 1, 0.0, 1, 9.118]
[48932.9, 1, 0.0, 1, 9.173]
[48932.9, 1, 0.0, 1, 9.162]
[48932.9, 1, 0.0, 1, 9.162]
[48932.9, 1, 0.0, 1, 9.122]
[48932.9, 1, 0.0, 1, 9.143]
[48932.9, 1, 0.0, 1, 9.139]
[48932.9, 1, 0.0, 1, 9.168]
[48932.9, 1, 0.0, 1, 9.121]
[48932.9, 1, 0.0, 1, 9.127]
[48932.9, 1, 0.0, 1, 9.212]
[48932.9, 1, 0.0, 1, 9.138]
[48932.9, 1, 0.0, 1, 9.136]
[48932.9, 1, 0.0, 1, 9.18]
[48932.9, 1, 0.0, 1, 9.181]
[48932.9, 1, 0.0, 1, 9.185]
[48932.9, 1, 0.0, 1, 9.175]
[48932.9, 1, 0.0, 1, 9.213]
[48932.9, 1, 0.0, 1, 9.101]
[48932.9, 1, 0.0, 1, 9.142]
[48932.9, 1, 0.0, 1, 9.104]
[48932.9, 1, 0.0, 1, 9.133]
[48932.9, 1, 0.0, 1, 9.125]
[48932.9, 1, 0.0, 1, 9.142]
[48932.9, 1, 0.0, 1, 9.168]
[48932.9, 1, 0.0, 1, 9.261]
[48932.9, 1, 0.0, 1, 9.155]
[48932.9, 1, 0.0, 1, 9.161]
[48932.9, 1, 0.0, 1, 9.332]
[48932.9, 1, 0.0, 1, 9.194]
[48932.9, 1, 0.0, 1, 9.253]
[48932.9, 1, 0.0, 1, 9.258]
[48932.9, 1, 0.0, 1, 9.055]
[48932.9, 1, 0.0, 1, 9.301]
[48932.9, 1, 0.0, 1, 9.237]
[48932.9, 1, 0.0, 1, 9.274]
[48932.9, 1, 0.0, 1, 9.257]
[48932.9, 1, 0.0, 1, 9.494]
[48932.9, 1, 0.0, 1, 9.402]
[48932.9, 1, 0.0, 1, 9.27]
[48932.9, 1, 0.0, 1, 9.279]
[48932.9, 1, 0.0, 1, 9.288]
[48932.9, 1, 0.0, 1, 9.324]
[48932.9, 1, 0.0, 1, 9.285]
[48932.9, 1, 0.0, 1, 9.508]
[48932.9, 1, 0.0, 1, 9.582]
[48932.9, 1, 0.0, 1, 9.27]
[48932.9, 1, 0.0, 1, 9.325]
[48932.9, 1, 0.0, 1, 9.21]
[48932.9, 1, 0.0, 1, 9.489]
[48932.9, 1, 0.0, 1, 9.394]
[48932.9, 1, 0.0, 1, 9.367]
[48932.9, 1, 0.0, 1, 9.442]
[48932.9, 1, 0.0, 1, 9.434]
[48932.9, 1, 0.0, 1, 9.496]
[48932.9, 1, 0.0, 1, 9.705]
[48932.9, 1, 0.0, 1, 9.491]
[48932.9, 1, 0.0, 1, 9.412]
[48932.9, 1, 0.0, 1, 9.738]
[48932.9, 1, 0.0, 1, 9.408]
[48932.9, 1, 0.0, 1, 9.411]
[48932.9, 1, 0.0, 1, 9.42]
[48932.9, 1, 0.0, 1, 9.36]
[48932.9, 1, 0.0, 1, 9.307]
[48932.9, 1, 0.0, 1, 9.379]
[48932.9, 1, 0.0, 1, 9.363]
[48932.9, 1, 0.0, 1, 9.338]
[48932.9, 1, 0.0, 1, 9.526]
[48932.9, 1, 0.0, 1, 9.501]
[48932.9, 1, 0.0, 1, 9.309]
[48932.9, 1, 0.0, 1, 9.36]
[48932.9, 1, 0.0, 1, 9.418]
[48932.9, 1, 0.0, 1, 9.361]
[48932.9, 1, 0.0, 1, 9.331]
[48932.9, 1, 0.0, 1, 9.344]
[48932.9, 1, 0.0, 1, 9.347]
[48932.9, 1, 0.0, 1, 9.359]
[48932.9, 1, 0.0, 1, 9.504]
[48932.9, 1, 0.0, 1, 9.611]
[48932.9, 1, 0.0, 1, 9.593]
[48932.9, 1, 0.0, 1, 9.387]
[48932.9, 1, 0.0, 1, 9.393]
[48932.9, 1, 0.0, 1, 9.37]
[48932.9, 1, 0.0, 1, 9.354]
[48932.9, 1, 0.0, 1, 9.28]
[48932.9, 1, 0.0, 1, 9.348]
[48932.9, 1, 0.0, 1, 9.234]
[48932.9, 1, 0.0, 1, 9.133]
[48932.9, 1, 0.0, 1, 9.252]
[48932.9, 1, 0.0, 1, 9.204]
[48932.9, 1, 0.0, 1, 9.214]
[48932.9, 1, 0.0, 1, 9.211]
[48932.9, 1, 0.0, 1, 9.168]
[48932.9, 1, 0.0, 1, 9.106]
[48932.9, 1, 0.0, 1, 9.149]
[48932.9, 1, 0.0, 1, 9.217]
[48932.9, 1, 0.0, 1, 9.127]
[48932.9, 1, 0.0, 1, 9.16]
[48932.9, 1, 0.0, 1, 9.211]
[48932.9, 1, 0.0, 1, 9.323]
[48932.9, 1, 0.0, 1, 9.313]
[48932.9, 1, 0.0, 1, 9.349]
[48932.9, 1, 0.0, 1, 9.487]
[48932.9, 1, 0.0, 1, 9.738]
[48932.9, 1, 0.0, 1, 9.446]
[48932.9, 1, 0.0, 1, 9.335]
[48932.9, 1, 0.0, 1, 9.344]
[48932.9, 1, 0.0, 1, 9.287]
[48932.9, 1, 0.0, 1, 9.246]
[48932.9, 1, 0.0, 1, 9.326]
[48932.9, 1, 0.0, 1, 9.278]
[48932.9, 1, 0.0, 1, 9.183]
[48932.9, 1, 0.0, 1, 9.27]
[48932.9, 1, 0.0, 1, 9.41]
[48932.9, 1, 0.0, 1, 9.374]
[48932.9, 1, 0.0, 1, 9.312]
[48932.9, 1, 0.0, 1, 9.46]
[48932.9, 1, 0.0, 1, 9.297]
[48932.9, 1, 0.0, 1, 9.416]
[48932.9, 1, 0.0, 1, 9.334]
[48932.9, 1, 0.0, 1, 9.335]
[48932.9, 1, 0.0, 1, 10.423]
[48932.9, 1, 0.0, 1, 9.674]
[48932.9, 1, 0.0, 1, 9.637]
[48932.9, 1, 0.0, 1, 9.839]
[48932.9, 1, 0.0, 1, 9.76]
[48932.9, 1, 0.0, 1, 9.621]
[48932.9, 1, 0.0, 1, 9.654]
[48932.9, 1, 0.0, 1, 9.966]
[48932.9, 1, 0.0, 1, 9.749]
[48932.9, 1, 0.0, 1, 10.08]
[48932.9, 1, 0.0, 1, 9.847]
[48932.9, 1, 0.0, 1, 9.717]
[48932.9, 1, 0.0, 1, 9.573]
[48932.9, 1, 0.0, 1, 9.815]
[48932.9, 1, 0.0, 1, 9.735]
[48932.9, 1, 0.0, 1, 9.573]
[48932.9, 1, 0.0, 1, 9.572]
[48932.9, 1, 0.0, 1, 9.634]
[48932.9, 1, 0.0, 1, 9.702]
[48932.9, 1, 0.0, 1, 9.484]
[48932.9, 1, 0.0, 1, 9.536]
[48932.9, 1, 0.0, 1, 9.646]
[48932.9, 1, 0.0, 1, 9.942]
[48932.9, 1, 0.0, 1, 10.121]
[48932.9, 1, 0.0, 1, 9.589]
[48932.9, 1, 0.0, 1, 9.569]
[48932.9, 1, 0.0, 1, 9.599]
[48932.9, 1, 0.0, 1, 9.702]
[48932.9, 1, 0.0, 1, 9.513]
[48932.9, 1, 0.0, 1, 9.538]
[48932.9, 1, 0.0, 1, 9.5]
[48932.9, 1, 0.0, 1, 9.987]
[48932.9, 1, 0.0, 1, 9.587]
[48932.9, 1, 0.0, 1, 9.471]
[48932.9, 1, 0.0, 1, 9.547]
[48932.9, 1, 0.0, 1, 9.613]
[48932.9, 1, 0.0, 1, 9.667]
[48932.9, 1, 0.0, 1, 9.542]
[48932.9, 1, 0.0, 1, 9.556]
[48932.9, 1, 0.0, 1, 9.593]
[48932.9, 1, 0.0, 1, 9.416]
[48932.9, 1, 0.0, 1, 9.495]
[48932.9, 1, 0.0, 1, 9.397]
[48932.9, 1, 0.0, 1, 9.464]
[48932.9, 1, 0.0, 1, 9.534]
[48932.9, 1, 0.0, 1, 9.556]
[48932.9, 1, 0.0, 1, 9.513]
[48932.9, 1, 0.0, 1, 9.659]
[48932.9, 1, 0.0, 1, 9.602]
[48932.9, 1, 0.0, 1, 9.568]
[48932.9, 1, 0.0, 1, 9.838]
[48932.9, 1, 0.0, 1, 9.545]
[48932.9, 1, 0.0, 1, 9.632]
[48932.9, 1, 0.0, 1, 9.468]
[48932.9, 1, 0.0, 1, 9.7]
[48932.9, 1, 0.0, 1, 9.678]
[48932.9, 1, 0.0, 1, 9.798]
[48932.9, 1, 0.0, 1, 9.685]
[48932.9, 1, 0.0, 1, 9.433]
[48932.9, 1, 0.0, 1, 9.473]
[48932.9, 1, 0.0, 1, 9.457]
[48932.9, 1, 0.0, 1, 9.502]
[48932.9, 1, 0.0, 1, 9.766]
[48932.9, 1, 0.0, 1, 9.906]
[48932.9, 1, 0.0, 1, 9.745]
[48932.9, 1, 0.0, 1, 9.575]
[48932.9, 1, 0.0, 1, 9.579]
[48932.9, 1, 0.0, 1, 9.641]
[48932.9, 1, 0.0, 1, 9.511]
[48932.9, 1, 0.0, 1, 9.53]
[48932.9, 1, 0.0, 1, 9.633]
[48932.9, 1, 0.0, 1, 9.39]
[48932.9, 1, 0.0, 1, 9.355]
[48932.9, 1, 0.0, 1, 9.492]
[48932.9, 1, 0.0, 1, 9.371]
[48932.9, 1, 0.0, 1, 9.403]
[48932.9, 1, 0.0, 1, 9.389]
[48932.9, 1, 0.0, 1, 9.342]
[48932.9, 1, 0.0, 1, 9.464]
[48932.9, 1, 0.0, 1, 9.466]
[48932.9, 1, 0.0, 1, 9.398]
[48932.9, 1, 0.0, 1, 9.484]
[48932.9, 1, 0.0, 1, 9.455]
[48932.9, 1, 0.0, 1, 9.421]
[48932.9, 1, 0.0, 1, 9.315]
[48932.9, 1, 0.0, 1, 9.409]
[48932.9, 1, 0.0, 1, 9.317]
[48932.9, 1, 0.0, 1, 9.311]
[48932.9, 1, 0.0, 1, 9.354]
[48932.9, 1, 0.0, 1, 9.638]
[48932.9, 1, 0.0, 1, 9.533]
[48932.9, 1, 0.0, 1, 9.518]
[48932.9, 1, 0.0, 1, 9.403]
[48932.9, 1, 0.0, 1, 9.437]
[48932.9, 1, 0.0, 1, 9.447]
[48932.9, 1, 0.0, 1, 9.373]
[48932.9, 1, 0.0, 1, 9.698]
[48932.9, 1, 0.0, 1, 9.397]
[48932.9, 1, 0.0, 1, 9.456]
[48932.9, 1, 0.0, 1, 9.461]
[48932.9, 1, 0.0, 1, 9.375]
[48932.9, 1, 0.0, 1, 9.446]
[48932.9, 1, 0.0, 1, 9.373]
[48932.9, 1, 0.0, 1, 9.404]
[48932.9, 1, 0.0, 1, 9.388]
[48932.9, 1, 0.0, 1, 9.774]
[48932.9, 1, 0.0, 7, 105.495]
[48932.9, 1, 0.0, 8, 132.823]
[48932.9, 1, 0.0, 12, 184.577]
[48932.9, 1, 0.0, 14, 226.442]
[48932.9, 1, 0.0, 15, 242.411]
[48932.9, 1, 0.0, 5, 158.488]
[48932.9, 1, 0.0, 4, 205.218]
[48932.9, 1, 0.0, 8, 202.981]
[48932.9, 1, 0.0, 4, 113.281]
[48932.9, 1, 0.0, 7, 303.432]
[48932.9, 1, 0.0, 4, 155.049]
[48932.9, 1, 0.0, 6, 235.941]
[48932.9, 1, 0.0, 5, 66.549]
[48932.9, 1, 0.0, 7, 134.317]
[48932.9, 1, 0.0, 5, 166.577]
[48932.9, 1, 0.0, 5, 133.577]
[48932.9, 1, 0.0, 5, 123.775]
[48932.9, 1, 0.0, 3, 35.16]
[48932.9, 1, 0.0, 4, 65.126]
[48932.9, 1, 0.0, 6, 172.819]
[48932.9, 1, 0.0, 4, 71.385]
[48932.9, 1, 0.0, 5, 171.165]
[48932.9, 1, 0.0, 2, 68.76]
[48932.9, 1, 0.0, 4, 100.048]
[48932.9, 1, 0.0, 2, 45.053]
[48932.9, 1, 0.0, 2, 42.05]
[48932.9, 1, 0.0, 3, 59.658]
[48932.9, 1, 0.0, 2, 38.166]
[48932.9, 1, 0.0, 2, 57.967]
[48932.9, 1, 0.0, 3, 60.496]
[48932.9, 1, 0.0, 2, 26.109]
[48932.9, 1, 0.0, 2, 27.198]
[48932.9, 1, 0.0, 2, 57.757]
[48932.9, 1, 0.0, 2, 37.586]
[48932.9, 1, 0.0, 4, 52.92]
[48932.9, 1, 0.0, 4, 56.072]
[48932.9, 1, 0.0, 2, 65.422]
[48932.9, 1, 0.0, 3, 53.934]
[48932.9, 1, 0.0, 2, 46.241]
[48932.9, 1, 0.0, 3, 28.652]
[48932.9, 1, 0.0, 3, 27.837]
[48932.9, 1, 0.0, 3, 66.935]
[48932.9, 1, 0.0, 2, 26.566]
[48932.9, 1, 0.0, 2, 28.513]
[48932.9, 1, 0.0, 6, 81.113]
[48932.9, 1, 0.0, 1, 35.214]
[48932.9, 1, 0.0, 2, 38.964]
[48932.9, 1, 0.0, 2, 34.258]
[48932.9, 1, 0.0, 2, 48.895]
[48932.9, 1, 0.0, 4, 77.362]
[48932.9, 1, 0.0, 1, 22.987]
[48932.9, 1, 0.0, 3, 60.401]
[48932.9, 1, 0.0, 2, 35.408]
[48932.9, 1, 0.0, 2, 28.994]
[48932.9, 1, 0.0, 3, 47.626]
[48932.9, 1, 0.0, 3, 27.65]
[48932.9, 1, 0.0, 2, 18.74]
[48932.9, 1, 0.0, 1, 9.167]
[48932.9, 1, 0.0, 5, 54.96]
[48932.9, 1, 0.0, 2, 36.664]
[48932.9, 1, 0.0, 3, 27.517]
[48932.9, 1, 0.0, 2, 40.485]
[48932.9, 1, 0.0, 3, 27.867]
[48932.9, 1, 0.0, 2, 18.598]
[48932.9, 1, 0.0, 1, 15.919]
[48932.9, 1, 0.0, 1, 14.59]
[48932.9, 1, 0.0, 2, 35.533]
[48932.9, 1, 0.0, 2, 21.935]
[48932.9, 1, 0.0, 2, 20.12]
[48932.9, 1, 0.0, 3, 44.597]
[48932.9, 1, 0.0, 2, 27.299]
[48932.9, 1, 0.0, 2, 18.483]
[48932.9, 1, 0.0, 1, 9.203]
[48932.9, 1, 0.0, 1, 9.13]
[48932.9, 1, 0.0, 1, 9.185]
[48932.9, 1, 0.0, 1, 18.631]
[48932.9, 1, 0.0, 1, 17.101]
[48932.9, 1, 0.0, 2, 18.695]
[48932.9, 1, 0.0, 3, 29.343]
[48932.9, 1, 0.0, 3, 28.653]
[48932.9, 1, 0.0, 3, 52.157]
[48932.9, 1, 0.0, 1, 9.603]
[48932.9, 1, 0.0, 2, 19.01]
[48932.9, 1, 0.0, 1, 9.502]
[48932.9, 1, 0.0, 1, 15.07]
[48932.9, 1, 0.0, 2, 18.781]
[48932.9, 1, 0.0, 2, 27.603]
[48932.9, 1, 0.0, 2, 19.903]
[48932.9, 1, 0.0, 3, 44.22]
[48932.9, 1, 0.0, 2, 19.522]
[48932.9, 1, 0.0, 1, 10.301]
[48932.9, 1, 0.0, 2, 39.122]
[48932.9, 1, 0.0, 1, 10.039]
[48932.9, 1, 0.0, 1, 9.805]
[48932.9, 1, 0.0, 2, 57.815]
[48932.9, 1, 0.0, 1, 16.961]
[48932.9, 1, 0.0, 1, 9.997]
[48932.9, 1, 0.0, 1, 16.518]
[48932.9, 1, 0.0, 1, 17.282]
[48932.9, 1, 0.0, 2, 18.557]
[48932.9, 1, 0.0, 1, 14.111]
[48932.9, 1, 0.0, 1, 9.313]
[48932.9, 1, 0.0, 1, 9.236]
[48932.9, 1, 0.0, 2, 18.777]
[48932.9, 1, 0.0, 3, 29.712]
[48932.9, 1, 0.0, 2, 19.884]
[48932.9, 1, 0.0, 2, 20.175]
[48932.9, 1, 0.0, 2, 37.694]
[48932.9, 1, 0.0, 2, 18.425]
[48932.9, 1, 0.0, 1, 9.166]
[48932.9, 1, 0.0, 1, 9.155]
[48932.9, 1, 0.0, 2, 19.959]
[48932.9, 1, 0.0, 2, 27.571]
[48932.9, 1, 0.0, 2, 18.994]
[48932.9, 1, 0.0, 1, 17.966]
[48932.9, 1, 0.0, 2, 18.95]
[48932.9, 1, 0.0, 2, 36.066]
[48932.9, 1, 0.0, 1, 9.41]
[48932.9, 1, 0.0, 1, 16.56]
[48932.9, 1, 0.0, 1, 9.365]
[48932.9, 1, 0.0, 1, 11.58]
[48932.9, 1, 0.0, 2, 18.227]
[48932.9, 1, 0.0, 2, 18.223]
[48932.9, 1, 0.0, 1, 9.127]
[48932.9, 1, 0.0, 1, 9.162]
[48932.9, 1, 0.0, 1, 9.123]
[48932.9, 1, 0.0, 1, 9.224]
[48932.9, 1, 0.0, 1, 9.097]
[48932.9, 1, 0.0, 2, 18.23]
[48932.9, 1, 0.0, 1, 9.12]
[48932.9, 1, 0.0, 1, 9.238]
[48932.9, 1, 0.0, 1, 9.146]
[48932.9, 1, 0.0, 1, 9.093]
[48932.9, 1, 0.0, 1, 9.11]
[48932.9, 1, 0.0, 1, 9.644]
[48932.9, 1, 0.0, 1, 9.275]
[48932.9, 1, 0.0, 1, 9.175]
[48932.9, 1, 0.0, 2, 18.345]
[48932.9, 1, 0.0, 2, 18.259]
[48932.9, 1, 0.0, 1, 9.086]
[48932.9, 1, 0.0, 1, 9.107]
[48932.9, 1, 0.0, 2, 19.247]
[48932.9, 1, 0.0, 2, 18.85]
[48932.9, 1, 0.0, 2, 18.581]
[48932.9, 1, 0.0, 2, 35.321]
[48932.9, 1, 0.0, 2, 19.055]
[48932.9, 1, 0.0, 2, 19.389]
[48932.9, 1, 0.0, 1, 9.473]
[48932.9, 1, 0.0, 2, 19.131]
[48932.9, 1, 0.0, 2, 18.185]
[48932.9, 1, 0.0, 1, 9.187]
[48932.9, 1, 0.0, 1, 9.165]
[48932.9, 1, 0.0, 1, 9.117]
[48932.9, 1, 0.0, 1, 9.235]
[48932.9, 1, 0.0, 1, 9.174]
[48932.9, 1, 0.0, 1, 9.132]
[48932.9, 1, 0.0, 2, 20.143]
[48932.9, 1, 0.0, 1, 9.888]
[48932.9, 1, 0.0, 1, 10.402]
[48932.9, 1, 0.0, 2, 18.292]
[48932.9, 1, 0.0, 1, 9.114]
[48932.9, 1, 0.0, 1, 9.131]
[48932.9, 1, 0.0, 1, 9.088]
[48932.9, 1, 0.0, 1, 9.201]
[48932.9, 1, 0.0, 1, 9.159]
[48932.9, 1, 0.0, 1, 9.142]
[48932.9, 1, 0.0, 1, 9.144]
[48932.9, 1, 0.0, 1, 9.129]
[48932.9, 1, 0.0, 1, 9.176]
[48932.9, 1, 0.0, 1, 9.111]
[48932.9, 1, 0.0, 1, 9.225]
[48932.9, 1, 0.0, 1, 9.142]
[48932.9, 1, 0.0, 1, 9.171]
[48932.9, 1, 0.0, 1, 9.136]
[48932.9, 1, 0.0, 1, 10.238]
[48932.9, 1, 0.0, 1, 9.109]
[48932.9, 1, 0.0, 1, 9.133]
[48932.9, 1, 0.0, 1, 9.119]
[48932.9, 1, 0.0, 1, 9.112]
[48932.9, 1, 0.0, 1, 9.143]
[48932.9, 1, 0.0, 1, 9.077]
[48932.9, 1, 0.0, 1, 9.107]
[48932.9, 1, 0.0, 1, 9.146]
[48932.9, 1, 0.0, 1, 9.087]
[48932.9, 1, 0.0, 1, 9.181]
[48932.9, 1, 0.0, 1, 9.08]
[48932.9, 1, 0.0, 2, 19.058]
[48932.9, 1, 0.0, 1, 9.91]
[48932.9, 1, 0.0, 1, 9.885]
[48932.9, 1, 0.0, 1, 9.818]
[48932.9, 1, 0.0, 1, 9.995]
[48932.9, 1, 0.0, 2, 19.763]
[48932.9, 1, 0.0, 2, 18.881]
[48932.9, 1, 0.0, 1, 9.4]
[48932.9, 1, 0.0, 1, 9.654]
[48932.9, 1, 0.0, 1, 12.766]
[48932.9, 1, 0.0, 2, 19.234]
[48932.9, 1, 0.0, 2, 19.539]
[48932.9, 1, 0.0, 1, 16.643]
[48932.9, 1, 0.0, 1, 9.514]
[48932.9, 1, 0.0, 1, 9.559]
[48932.9, 1, 0.0, 1, 9.548]
[48932.9, 1, 0.0, 2, 19.076]
[48932.9, 1, 0.0, 1, 16.798]
[48932.9, 1, 0.0, 1, 9.568]
[48932.9, 1, 0.0, 1, 9.423]
[48932.9, 1, 0.0, 1, 9.378]
[48932.9, 1, 0.0, 3, 28.443]
[48932.9, 1, 0.0, 1, 9.516]
[48932.9, 1, 0.0, 1, 9.617]
[48932.9, 1, 0.0, 2, 19.11]
[48932.9, 1, 0.0, 2, 18.952]
[48932.9, 1, 0.0, 1, 9.436]
[48932.9, 1, 0.0, 2, 19.787]
[48932.9, 1, 0.0, 1, 9.877]
[48932.9, 1, 0.0, 1, 9.892]
[48932.9, 1, 0.0, 1, 9.836]
[48932.9, 1, 0.0, 1, 9.893]
[48932.9, 1, 0.0, 1, 9.839]
[48932.9, 1, 0.0, 2, 18.771]
[48932.9, 1, 0.0, 1, 9.111]
[48932.9, 1, 0.0, 1, 9.095]
[48932.9, 1, 0.0, 1, 9.378]
[48932.9, 1, 0.0, 1, 9.18]
[48932.9, 1, 0.0, 1, 9.117]
[48932.9, 1, 0.0, 1, 9.146]
[48932.9, 1, 0.0, 1, 9.15]
[48932.9, 1, 0.0, 1, 9.079]
[48932.9, 1, 0.0, 1, 9.115]
[48932.9, 1, 0.0, 1, 9.126]
[48932.9, 1, 0.0, 1, 9.14]
[48932.9, 1, 0.0, 1, 9.159]
[48932.9, 1, 0.0, 1, 9.172]
[48932.9, 1, 0.0, 1, 9.412]
[48932.9, 1, 0.0, 1, 9.133]
[48932.9, 1, 0.0, 1, 9.073]
[48932.9, 1, 0.0, 1, 9.144]
[48932.9, 1, 0.0, 1, 9.16]
[48932.9, 1, 0.0, 1, 9.145]
[48932.9, 1, 0.0, 1, 9.146]
[48932.9, 1, 0.0, 1, 9.127]
[48932.9, 1, 0.0, 1, 9.143]
[48932.9, 1, 0.0, 1, 9.133]
[48932.9, 1, 0.0, 1, 9.135]
[48932.9, 1, 0.0, 1, 9.11]
[48932.9, 1, 0.0, 1, 9.221]
[48932.9, 1, 0.0, 1, 9.163]
[48932.9, 1, 0.0, 1, 9.142]
[48932.9, 1, 0.0, 1, 9.322]
[48932.9, 1, 0.0, 1, 9.248]
[48932.9, 1, 0.0, 1, 9.272]
[48932.9, 1, 0.0, 1, 9.259]
[48932.9, 1, 0.0, 1, 9.291]
[48932.9, 1, 0.0, 1, 9.097]
[48932.9, 1, 0.0, 1, 9.148]
[48932.9, 1, 0.0, 1, 9.093]
[48932.9, 1, 0.0, 1, 9.17]
[48932.9, 1, 0.0, 1, 9.171]
[48932.9, 1, 0.0, 1, 9.118]
[48932.9, 1, 0.0, 1, 9.13]
[48932.9, 1, 0.0, 1, 9.106]
[48932.9, 1, 0.0, 1, 9.172]
[48932.9, 1, 0.0, 1, 9.134]
[48932.9, 1, 0.0, 1, 9.139]
[48932.9, 1, 0.0, 1, 9.178]
[48932.9, 1, 0.0, 1, 9.123]
[48932.9, 1, 0.0, 1, 9.095]
[48932.9, 1, 0.0, 1, 9.115]
[48932.9, 1, 0.0, 1, 15.778]
[48932.9, 1, 0.0, 1, 9.506]
[48932.9, 1, 0.0, 1, 9.576]
[48932.9, 1, 0.0, 1, 9.512]
[48932.9, 1, 0.0, 1, 9.5]
[48932.9, 1, 0.0, 2, 18.971]
[48932.9, 1, 0.0, 1, 9.44]
[48932.9, 1, 0.0, 1, 9.567]
[48932.9, 1, 0.0, 1, 9.512]
[48932.9, 1, 0.0, 1, 9.592]
[48932.9, 1, 0.0, 1, 9.48]
[48932.9, 1, 0.0, 1, 9.413]
[48932.9, 1, 0.0, 1, 9.467]
[48932.9, 1, 0.0, 1, 9.433]
[48932.9, 1, 0.0, 1, 9.414]
[48932.9, 1, 0.0, 1, 9.484]
[48932.9, 1, 0.0, 1, 9.429]
[48932.9, 1, 0.0, 1, 9.335]
[48932.9, 1, 0.0, 1, 9.284]
[48932.9, 1, 0.0, 1, 9.434]
[48932.9, 1, 0.0, 1, 9.566]
[48932.9, 1, 0.0, 1, 9.569]
[48932.9, 1, 0.0, 1, 9.277]
[48932.9, 1, 0.0, 1, 9.378]
[48932.9, 1, 0.0, 1, 9.293]
[48932.9, 1, 0.0, 1, 9.319]
[48932.9, 1, 0.0, 1, 9.374]
[48932.9, 1, 0.0, 1, 9.29]
[48932.9, 1, 0.0, 1, 9.326]
[48932.9, 1, 0.0, 1, 9.304]
[48932.9, 1, 0.0, 1, 9.256]
[48932.9, 1, 0.0, 1, 9.842]
[48932.9, 1, 0.0, 1, 9.12]
[48932.9, 1, 0.0, 1, 9.095]
[48932.9, 1, 0.0, 1, 9.138]
[48932.9, 1, 0.0, 1, 9.153]
[48932.9, 1, 0.0, 1, 9.12]
[48932.9, 1, 0.0, 1, 9.168]
[48932.9, 1, 0.0, 1, 9.153]
[48932.9, 1, 0.0, 1, 9.143]
[48932.9, 1, 0.0, 1, 9.166]
[48932.9, 1, 0.0, 1, 9.11]
[48932.9, 1, 0.0, 1, 9.161]
[48932.9, 1, 0.0, 1, 9.191]
[48932.9, 1, 0.0, 1, 9.137]
[48932.9, 1, 0.0, 1, 9.107]
[48932.9, 1, 0.0, 1, 9.135]
[48932.9, 1, 0.0, 1, 9.194]
[48932.9, 1, 0.0, 1, 9.098]
[48932.9, 1, 0.0, 1, 9.077]
[48932.9, 1, 0.0, 1, 9.121]
[48932.9, 1, 0.0, 1, 9.116]
[48932.9, 1, 0.0, 1, 9.095]
[48932.9, 1, 0.0, 1, 9.157]
[48932.9, 1, 0.0, 1, 9.124]
[48932.9, 1, 0.0, 1, 9.1]
[48932.9, 1, 0.0, 1, 9.154]
[48932.9, 1, 0.0, 1, 9.154]
[48932.9, 1, 0.0, 1, 9.129]
[48932.9, 1, 0.0, 1, 9.173]
[48932.9, 1, 0.0, 1, 9.191]
[48932.9, 1, 0.0, 1, 9.118]
[48932.9, 1, 0.0, 1, 9.111]
[48932.9, 1, 0.0, 1, 9.141]
[48932.9, 1, 0.0, 1, 9.179]
[48932.9, 1, 0.0, 1, 9.13]
[48932.9, 1, 0.0, 1, 9.114]
[48932.9, 1, 0.0, 1, 9.122]
[48932.9, 1, 0.0, 1, 9.116]
[48932.9, 1, 0.0, 1, 9.217]
[48932.9, 1, 0.0, 1, 9.108]
[48932.9, 1, 0.0, 1, 9.146]
[48932.9, 1, 0.0, 1, 9.133]
[48932.9, 1, 0.0, 1, 9.106]
[48932.9, 1, 0.0, 1, 9.282]
[48932.9, 1, 0.0, 1, 9.152]
[48932.9, 1, 0.0, 1, 9.115]
[48932.9, 1, 0.0, 1, 9.151]
[48932.9, 1, 0.0, 1, 9.175]
[48932.9, 1, 0.0, 1, 9.094]
[48932.9, 1, 0.0, 1, 9.089]
[48932.9, 1, 0.0, 1, 9.233]
[48932.9, 1, 0.0, 1, 9.094]
[48932.9, 1, 0.0, 1, 9.147]
[48932.9, 1, 0.0, 1, 9.101]
[48932.9, 1, 0.0, 1, 9.124]
[48932.9, 1, 0.0, 1, 9.514]
[48932.9, 1, 0.0, 2, 18.959]
[48932.9, 1, 0.0, 1, 9.639]
[48932.9, 1, 0.0, 1, 9.658]
[48932.9, 1, 0.0, 1, 9.602]
[48932.9, 1, 0.0, 1, 9.492]
[48932.9, 1, 0.0, 1, 9.606]
[48932.9, 1, 0.0, 1, 9.7]
[48932.9, 1, 0.0, 1, 9.773]
[48932.9, 1, 0.0, 1, 9.427]
[48932.9, 1, 0.0, 1, 9.436]
[48932.9, 1, 0.0, 1, 9.295]
[48932.9, 1, 0.0, 1, 9.437]
[48932.9, 1, 0.0, 1, 9.299]
[48932.9, 1, 0.0, 1, 9.443]
[48932.9, 1, 0.0, 1, 9.424]
[48932.9, 1, 0.0, 1, 9.399]
[48932.9, 1, 0.0, 1, 9.417]
[48932.9, 1, 0.0, 1, 9.343]
[48932.9, 1, 0.0, 1, 9.427]
[48932.9, 1, 0.0, 1, 9.321]
[48932.9, 1, 0.0, 1, 9.476]
[48932.9, 1, 0.0, 1, 9.346]
[48932.9, 1, 0.0, 1, 9.396]
[48932.9, 1, 0.0, 1, 9.245]
[48932.9, 1, 0.0, 1, 9.665]
[48932.9, 1, 0.0, 1, 9.605]
[48932.9, 1, 0.0, 1, 9.333]
[48932.9, 1, 0.0, 1, 9.478]
[48932.9, 1, 0.0, 1, 9.344]
[48932.9, 1, 0.0, 1, 9.301]
[48932.9, 1, 0.0, 1, 9.334]
[48932.9, 1, 0.0, 1, 9.473]
[48932.9, 1, 0.0, 1, 9.353]
[48932.9, 1, 0.0, 1, 9.572]
[48932.9, 1, 0.0, 1, 9.488]
[48932.9, 1, 0.0, 1, 9.335]
[48932.9, 1, 0.0, 1, 9.487]
[48932.9, 1, 0.0, 1, 9.316]
[48932.9, 1, 0.0, 1, 9.5]
[48932.9, 1, 0.0, 1, 9.302]
[48932.9, 1, 0.0, 1, 9.69]
[48932.9, 1, 0.0, 1, 9.662]
[48932.9, 1, 0.0, 1, 9.524]
[48932.9, 1, 0.0, 1, 9.439]
[48932.9, 1, 0.0, 1, 9.459]
[48932.9, 1, 0.0, 1, 9.478]
[48932.9, 1, 0.0, 1, 9.345]
[48932.9, 1, 0.0, 1, 9.509]
[48932.9, 1, 0.0, 1, 9.277]
[48932.9, 1, 0.0, 1, 9.507]
[48932.9, 1, 0.0, 1, 9.305]
[48932.9, 1, 0.0, 1, 9.48]
[48932.9, 1, 0.0, 1, 9.431]
[48932.9, 1, 0.0, 1, 9.402]
[48932.9, 1, 0.0, 1, 9.568]
[48932.9, 1, 0.0, 1, 9.4]
[48932.9, 1, 0.0, 1, 9.376]
[48932.9, 1, 0.0, 1, 9.575]
[48932.9, 1, 0.0, 1, 9.504]
[48932.9, 1, 0.0, 1, 9.313]
[48932.9, 1, 0.0, 1, 9.507]
[48932.9, 1, 0.0, 1, 9.254]
[48932.9, 1, 0.0, 1, 9.48]
[48932.9, 1, 0.0, 1, 9.321]
[48932.9, 1, 0.0, 1, 9.679]
[48932.9, 1, 0.0, 1, 9.415]
[48932.9, 1, 0.0, 1, 9.495]
[48932.9, 1, 0.0, 1, 9.402]
[48932.9, 1, 0.0, 1, 9.522]
[48932.9, 1, 0.0, 1, 9.454]
[48932.9, 1, 0.0, 1, 9.362]
[48932.9, 1, 0.0, 1, 9.544]
[48932.9, 1, 0.0, 1, 9.357]
[48932.9, 1, 0.0, 1, 9.467]
[48932.9, 1, 0.0, 1, 9.736]
[48932.9, 1, 0.0, 1, 9.605]
[48932.9, 1, 0.0, 1, 9.721]
[48932.9, 1, 0.0, 1, 9.336]
[48932.9, 1, 0.0, 1, 9.438]
[48932.9, 1, 0.0, 1, 9.467]
[48932.9, 1, 0.0, 1, 9.404]
[48932.9, 1, 0.0, 1, 9.485]
[48932.9, 1, 0.0, 1, 9.532]
[48932.9, 1, 0.0, 1, 9.939]
[48932.9, 1, 0.0, 1, 9.936]
[48932.9, 1, 0.0, 1, 9.961]
[48932.9, 1, 0.0, 1, 9.816]
[48932.9, 1, 0.0, 1, 9.773]
[48932.9, 1, 0.0, 1, 9.854]
[48932.9, 1, 0.0, 1, 9.763]
[48932.9, 1, 0.0, 1, 9.776]
[48932.9, 1, 0.0, 1, 9.876]
[48932.9, 1, 0.0, 1, 9.964]
[48932.9, 1, 0.0, 1, 9.424]
[48932.9, 1, 0.0, 1, 9.568]
[48932.9, 1, 0.0, 1, 9.413]
[48932.9, 1, 0.0, 1, 9.429]
[48932.9, 1, 0.0, 1, 9.449]
[48932.9, 1, 0.0, 1, 9.504]
[48932.9, 1, 0.0, 1, 9.321]
[48932.9, 1, 0.0, 1, 9.114]
[48932.9, 1, 0.0, 1, 9.074]
[48932.9, 1, 0.0, 1, 9.081]
[48932.9, 1, 0.0, 1, 9.147]
[48932.9, 1, 0.0, 1, 9.128]
[48932.9, 1, 0.0, 1, 9.099]
[48932.9, 1, 0.0, 1, 9.149]
[48932.9, 1, 0.0, 1, 9.111]
[48932.9, 1, 0.0, 1, 9.102]
[48932.9, 1, 0.0, 1, 9.194]
[48932.9, 1, 0.0, 1, 9.095]
[48932.9, 1, 0.0, 1, 9.138]
[48932.9, 1, 0.0, 1, 9.134]
[48932.9, 1, 0.0, 1, 9.125]
[48932.9, 1, 0.0, 1, 9.162]
[48932.9, 1, 0.0, 1, 9.106]
[48932.9, 1, 0.0, 1, 9.126]
[48932.9, 1, 0.0, 1, 9.165]
[48932.9, 1, 0.0, 1, 9.124]
[48932.9, 1, 0.0, 1, 9.128]
[48932.9, 1, 0.0, 1, 9.104]
[48932.9, 1, 0.0, 1, 9.153]
[48932.9, 1, 0.0, 1, 9.168]
[48932.9, 1, 0.0, 1, 9.155]
[48932.9, 1, 0.0, 1, 9.083]
[48932.9, 1, 0.0, 1, 9.116]
[48932.9, 1, 0.0, 1, 9.144]
[48932.9, 1, 0.0, 1, 9.107]
[48932.9, 1, 0.0, 1, 9.137]
[48932.9, 1, 0.0, 1, 9.159]
[48932.9, 1, 0.0, 1, 9.137]
[48932.9, 1, 0.0, 1, 9.867]
[48932.9, 1, 0.0, 1, 9.846]
[48932.9, 1, 0.0, 1, 9.885]
[48932.9, 1, 0.0, 1, 9.944]
[48932.9, 1, 0.0, 1, 10.152]
[48932.9, 1, 0.0, 1, 9.815]
[48932.9, 1, 0.0, 1, 9.921]
[48932.9, 1, 0.0, 1, 9.938]
[48932.9, 1, 0.0, 1, 9.902]
[48932.9, 1, 0.0, 1, 10.249]
[48932.9, 1, 0.0, 1, 9.302]
[48932.9, 1, 0.0, 1, 9.467]
[48932.9, 1, 0.0, 1, 9.708]
[48932.9, 1, 0.0, 1, 9.57]
[48932.9, 1, 0.0, 1, 9.708]
[48932.9, 1, 0.0, 1, 9.086]
[48932.9, 1, 0.0, 1, 9.098]
[48932.9, 1, 0.0, 1, 9.124]
[48932.9, 1, 0.0, 1, 9.134]
[48932.9, 1, 0.0, 1, 9.101]
[48932.9, 1, 0.0, 1, 9.145]
[48932.9, 1, 0.0, 1, 9.18]
[48932.9, 1, 0.0, 1, 9.102]
[48932.9, 1, 0.0, 1, 9.126]
[48932.9, 1, 0.0, 1, 9.185]
[48932.9, 1, 0.0, 1, 9.194]
[48932.9, 1, 0.0, 1, 9.132]
[48932.9, 1, 0.0, 1, 9.108]
[48932.9, 1, 0.0, 1, 9.086]
[48932.9, 1, 0.0, 1, 9.132]
[48932.9, 1, 0.0, 1, 9.345]
[48932.9, 1, 0.0, 1, 9.115]
[48932.9, 1, 0.0, 1, 9.155]
[48932.9, 1, 0.0, 1, 9.125]
[48932.9, 1, 0.0, 1, 9.113]
[48932.9, 1, 0.0, 1, 9.257]
[48932.9, 1, 0.0, 1, 9.151]
[48932.9, 1, 0.0, 1, 9.117]
[48932.9, 1, 0.0, 1, 9.143]
[48932.9, 1, 0.0, 1, 9.154]
[48932.9, 1, 0.0, 1, 9.244]
[48932.9, 1, 0.0, 1, 9.157]
[48932.9, 1, 0.0, 1, 9.097]
[48932.9, 1, 0.0, 1, 9.113]
[48932.9, 1, 0.0, 1, 9.116]
[48932.9, 1, 0.0, 1, 9.146]
[48932.9, 1, 0.0, 1, 9.373]
[48932.9, 1, 0.0, 1, 9.527]
[48932.9, 1, 0.0, 1, 9.761]
[48932.9, 1, 0.0, 1, 9.459]
[48932.9, 1, 0.0, 1, 9.578]
[48932.9, 1, 0.0, 1, 9.47]
[48932.9, 1, 0.0, 1, 9.405]
[48932.9, 1, 0.0, 1, 9.547]
[48932.9, 1, 0.0, 1, 9.207]
[48932.9, 1, 0.0, 1, 9.224]
[48932.9, 1, 0.0, 1, 9.178]
[48932.9, 1, 0.0, 1, 9.214]
[48932.9, 1, 0.0, 1, 9.11]
[48932.9, 1, 0.0, 1, 9.1]
[48932.9, 1, 0.0, 1, 9.173]
[48932.9, 1, 0.0, 1, 9.247]
[48932.9, 1, 0.0, 1, 9.333]
[48932.9, 1, 0.0, 1, 9.19]
[48932.9, 1, 0.0, 1, 9.145]
[48932.9, 1, 0.0, 1, 9.232]
[48932.9, 1, 0.0, 1, 9.474]
[48932.9, 1, 0.0, 1, 9.495]
[48932.9, 1, 0.0, 1, 9.419]
[48932.9, 1, 0.0, 1, 9.436]
[48932.9, 1, 0.0, 1, 9.111]
[48932.9, 1, 0.0, 1, 9.134]
[48932.9, 1, 0.0, 1, 9.101]
[48932.9, 1, 0.0, 1, 9.2]
[48932.9, 1, 0.0, 1, 9.133]
[48932.9, 1, 0.0, 1, 9.14]
[48932.9, 1, 0.0, 1, 9.146]
[48932.9, 1, 0.0, 1, 9.151]
[48932.9, 1, 0.0, 1, 9.113]
[48932.9, 1, 0.0, 1, 9.281]
[48932.9, 1, 0.0, 1, 9.126]
[48932.9, 1, 0.0, 1, 9.112]
[48932.9, 1, 0.0, 1, 9.129]
[48932.9, 1, 0.0, 1, 9.266]
[48932.9, 1, 0.0, 1, 9.113]
[48932.9, 1, 0.0, 1, 9.216]
[48932.9, 1, 0.0, 1, 9.208]
[48932.9, 1, 0.0, 1, 9.186]
[48932.9, 1, 0.0, 1, 9.121]
[48932.9, 1, 0.0, 1, 9.119]
[48932.9, 1, 0.0, 1, 9.173]
[48932.9, 1, 0.0, 1, 9.09]
[48932.9, 1, 0.0, 1, 9.194]
[48932.9, 1, 0.0, 1, 9.173]
[48932.9, 1, 0.0, 1, 9.145]
[48932.9, 1, 0.0, 1, 9.282]
[48932.9, 1, 0.0, 1, 9.137]
[48932.9, 1, 0.0, 1, 9.094]
[48932.9, 1, 0.0, 1, 9.184]
[48932.9, 1, 0.0, 1, 9.164]
[48932.9, 1, 0.0, 1, 9.129]
[48932.9, 1, 0.0, 1, 9.133]
[48932.9, 1, 0.0, 1, 9.143]
[48932.9, 1, 0.0, 1, 9.316]
[48932.9, 1, 0.0, 1, 9.162]
[48932.9, 1, 0.0, 1, 9.139]
[48932.9, 1, 0.0, 1, 9.118]
[48932.9, 1, 0.0, 1, 9.186]
[48932.9, 1, 0.0, 1, 9.148]
[48932.9, 1, 0.0, 1, 9.407]
[48932.9, 1, 0.0, 1, 9.259]
[48932.9, 1, 0.0, 1, 9.243]
[48932.9, 1, 0.0, 1, 9.234]
[48932.9, 1, 0.0, 1, 9.194]
[48932.9, 1, 0.0, 1, 9.171]
[48932.9, 1, 0.0, 1, 9.241]
[48932.9, 1, 0.0, 1, 9.238]
[48932.9, 1, 0.0, 1, 9.171]
[48932.9, 1, 0.0, 1, 9.218]
[48932.9, 1, 0.0, 1, 9.433]
[48932.9, 1, 0.0, 1, 9.238]
[48932.9, 1, 0.0, 1, 9.222]
[48932.9, 1, 0.0, 1, 9.206]
[48932.9, 1, 0.0, 1, 9.23]
[48932.9, 1, 0.0, 1, 9.266]
[48932.9, 1, 0.0, 1, 9.252]
[48932.9, 1, 0.0, 1, 9.245]
[48932.9, 1, 0.0, 1, 9.205]
[48932.9, 1, 0.0, 1, 9.242]
[48932.9, 1, 0.0, 1, 9.18]
[48932.9, 1, 0.0, 1, 9.207]
[48932.9, 1, 0.0, 1, 9.21]
[48932.9, 1, 0.0, 1, 9.284]
[48932.9, 1, 0.0, 1, 9.211]
[48932.9, 1, 0.0, 1, 9.224]
[48932.9, 1, 0.0, 1, 9.221]
[48932.9, 1, 0.0, 1, 9.194]
[48932.9, 1, 0.0, 1, 9.236]
[48932.9, 1, 0.0, 1, 9.169]
[48932.9, 1, 0.0, 1, 9.209]
[48932.9, 1, 0.0, 1, 9.225]
[48932.9, 1, 0.0, 1, 9.227]
[48932.9, 1, 0.0, 1, 9.15]
[48932.9, 1, 0.0, 1, 9.269]
[48932.9, 1, 0.0, 1, 9.148]
[48932.9, 1, 0.0, 1, 9.15]
[48932.9, 1, 0.0, 1, 9.126]
[48932.9, 1, 0.0, 1, 9.243]
[48932.9, 1, 0.0, 1, 9.213]
[48932.9, 1, 0.0, 1, 9.218]
[48932.9, 1, 0.0, 1, 9.231]
[48932.9, 1, 0.0, 1, 9.275]
[48932.9, 1, 0.0, 1, 9.357]
[48932.9, 1, 0.0, 1, 9.146]
[48932.9, 1, 0.0, 1, 9.25]
[48932.9, 1, 0.0, 1, 9.278]
[48932.9, 1, 0.0, 1, 9.228]
[48932.9, 1, 0.0, 1, 9.199]
[48932.9, 1, 0.0, 1, 9.233]
[48932.9, 1, 0.0, 1, 9.155]
[48932.9, 1, 0.0, 1, 9.161]
[48932.9, 1, 0.0, 1, 9.122]
[48932.9, 1, 0.0, 1, 9.155]
[48932.9, 1, 0.0, 1, 9.17]
[48932.9, 1, 0.0, 1, 9.231]
[48932.9, 1, 0.0, 1, 9.181]
[48932.9, 1, 0.0, 1, 9.272]
[48932.9, 1, 0.0, 1, 9.214]
[48932.9, 1, 0.0, 1, 9.094]
[48932.9, 1, 0.0, 1, 9.081]
[48932.9, 1, 0.0, 1, 9.107]
[48932.9, 1, 0.0, 1, 9.128]
[48932.9, 1, 0.0, 1, 9.07]
[48932.9, 1, 0.0, 1, 9.239]
[48932.9, 1, 0.0, 1, 9.152]
[48932.9, 1, 0.0, 1, 9.154]
[48932.9, 1, 0.0, 1, 9.264]
[48932.9, 1, 0.0, 1, 9.309]
[48932.9, 1, 0.0, 1, 9.106]
[48932.9, 1, 0.0, 1, 9.15]
[48932.9, 1, 0.0, 1, 9.213]
[48932.9, 1, 0.0, 1, 9.244]
[48932.9, 1, 0.0, 1, 9.252]
[48932.9, 1, 0.0, 1, 9.179]
[48932.9, 1, 0.0, 1, 9.236]
[48932.9, 1, 0.0, 1, 9.177]
[48932.9, 1, 0.0, 1, 9.279]
[48932.9, 1, 0.0, 1, 9.219]
[48932.9, 1, 0.0, 1, 9.241]
[48932.9, 1, 0.0, 1, 9.209]
[48932.9, 1, 0.0, 1, 9.265]
[48932.9, 1, 0.0, 1, 9.432]
[48932.9, 1, 0.0, 1, 9.491]
[48932.9, 1, 0.0, 1, 9.401]
[48932.9, 1, 0.0, 1, 9.678]
[48932.9, 1, 0.0, 1, 9.403]
[48932.9, 1, 0.0, 1, 9.44]
[48932.9, 1, 0.0, 1, 9.425]
[48932.9, 1, 0.0, 1, 9.476]
[48932.9, 1, 0.0, 1, 9.432]
[48932.9, 1, 0.0, 1, 9.341]
[48932.9, 1, 0.0, 1, 9.446]
[48932.9, 1, 0.0, 1, 9.432]
[48932.9, 1, 0.0, 1, 9.492]
[48932.9, 1, 0.0, 1, 9.147]
[48932.9, 1, 0.0, 1, 9.155]
[48932.9, 1, 0.0, 1, 9.145]
[48932.9, 1, 0.0, 1, 9.084]
[48932.9, 1, 0.0, 1, 9.134]
[48932.9, 1, 0.0, 1, 9.433]
[48932.9, 1, 0.0, 1, 9.399]
[48932.9, 1, 0.0, 1, 9.378]
[48932.9, 1, 0.0, 1, 9.4]
[48932.9, 1, 0.0, 1, 9.414]
[48932.9, 1, 0.0, 1, 9.291]
[48932.9, 1, 0.0, 1, 9.367]
[48932.9, 1, 0.0, 1, 9.382]
[48932.9, 1, 0.0, 1, 9.435]
[48932.9, 1, 0.0, 1, 9.347]
[48932.9, 1, 0.0, 1, 9.458]
[48932.9, 1, 0.0, 1, 9.424]
[48932.9, 1, 0.0, 1, 9.358]
[48932.9, 1, 0.0, 1, 9.598]
[48932.9, 1, 0.0, 1, 9.787]
[48932.9, 1, 0.0, 1, 9.585]
[48932.9, 1, 0.0, 1, 9.879]
[48932.9, 1, 0.0, 1, 9.248]
[48932.9, 1, 0.0, 1, 9.225]
[48932.9, 1, 0.0, 1, 9.266]
[48932.9, 1, 0.0, 1, 9.18]
[48932.9, 1, 0.0, 1, 9.275]
[48932.9, 1, 0.0, 1, 9.145]
[48932.9, 1, 0.0, 1, 9.132]
[48932.9, 1, 0.0, 1, 9.206]
[48932.9, 1, 0.0, 1, 9.168]
[48932.9, 1, 0.0, 1, 9.177]
[48932.9, 1, 0.0, 1, 9.197]
[48932.9, 1, 0.0, 1, 9.353]
[48932.9, 1, 0.0, 1, 9.106]
[48932.9, 1, 0.0, 1, 9.176]
[48932.9, 1, 0.0, 1, 9.176]
[48932.9, 1, 0.0, 1, 9.201]
[48932.9, 1, 0.0, 1, 9.177]
[48932.9, 1, 0.0, 1, 9.161]
[48932.9, 1, 0.0, 1, 9.086]
[48932.9, 1, 0.0, 1, 9.23]
[48932.9, 1, 0.0, 1, 9.254]
[48932.9, 1, 0.0, 1, 9.166]
[48932.9, 1, 0.0, 1, 9.183]
[48932.9, 1, 0.0, 1, 9.159]
[48932.9, 1, 0.0, 1, 9.175]
[48932.9, 1, 0.0, 1, 9.073]
[48932.9, 1, 0.0, 1, 9.165]
[48932.9, 1, 0.0, 1, 9.201]
[48932.9, 1, 0.0, 1, 9.172]
[48932.9, 1, 0.0, 1, 9.167]
[48932.9, 1, 0.0, 1, 9.173]
[48932.9, 1, 0.0, 1, 9.306]
[48932.9, 1, 0.0, 1, 9.179]
[48932.9, 1, 0.0, 1, 9.2]
[48932.9, 1, 0.0, 1, 9.148]
[48932.9, 1, 0.0, 1, 9.178]
[48932.9, 1, 0.0, 1, 9.14]
[48932.9, 1, 0.0, 1, 9.189]
[48932.9, 1, 0.0, 1, 9.181]
[48932.9, 1, 0.0, 1, 9.132]
[48932.9, 1, 0.0, 1, 9.234]
[48932.9, 1, 0.0, 1, 9.267]
[48932.9, 1, 0.0, 1, 9.217]
[48932.9, 1, 0.0, 1, 9.086]
[48932.9, 1, 0.0, 1, 9.173]
[48932.9, 1, 0.0, 1, 9.162]
[48932.9, 1, 0.0, 1, 9.56]
[48932.9, 1, 0.0, 1, 9.135]
[48932.9, 1, 0.0, 1, 9.27]
[48932.9, 1, 0.0, 1, 9.247]
[48932.9, 1, 0.0, 1, 9.278]
[48932.9, 1, 0.0, 1, 9.252]
[48932.9, 1, 0.0, 1, 9.124]
[48932.9, 1, 0.0, 1, 9.118]
[48932.9, 1, 0.0, 1, 9.151]
[48932.9, 1, 0.0, 1, 9.142]
[48932.9, 1, 0.0, 1, 9.153]
[48932.9, 1, 0.0, 1, 9.109]
[48932.9, 1, 0.0, 1, 9.094]
[48932.9, 1, 0.0, 1, 9.185]
[48932.9, 1, 0.0, 1, 9.15]
[48932.9, 1, 0.0, 1, 9.182]
[48932.9, 1, 0.0, 1, 9.299]
[48932.9, 1, 0.0, 1, 9.36]
[48932.9, 1, 0.0, 1, 9.156]
[48932.9, 1, 0.0, 1, 9.182]
[48932.9, 1, 0.0, 1, 9.174]
[48932.9, 1, 0.0, 1, 9.281]
[48932.9, 1, 0.0, 1, 9.213]
[48932.9, 1, 0.0, 1, 9.292]
[48932.9, 1, 0.0, 1, 9.242]
[48932.9, 1, 0.0, 1, 9.174]
[48932.9, 1, 0.0, 1, 9.223]
[48932.9, 1, 0.0, 1, 9.226]
[48932.9, 1, 0.0, 1, 9.243]
[48932.9, 1, 0.0, 1, 9.206]
[48932.9, 1, 0.0, 1, 9.251]
[48932.9, 1, 0.0, 1, 9.223]
[48932.9, 1, 0.0, 1, 9.375]
[48932.9, 1, 0.0, 1, 9.161]
[48932.9, 1, 0.0, 1, 9.394]
[48932.9, 1, 0.0, 1, 9.346]
[48932.9, 1, 0.0, 1, 9.384]
[48932.9, 1, 0.0, 1, 9.386]
[48932.9, 1, 0.0, 1, 9.372]
[48932.9, 1, 0.0, 1, 9.477]
[48932.9, 1, 0.0, 1, 9.412]
[48932.9, 1, 0.0, 1, 9.403]
[48932.9, 1, 0.0, 1, 9.363]
[48932.9, 1, 0.0, 1, 9.38]
[48932.9, 1, 0.0, 1, 9.41]
[48932.9, 1, 0.0, 1, 9.406]
[48932.9, 1, 0.0, 1, 9.423]
[48932.9, 1, 0.0, 1, 9.467]
[48932.9, 1, 0.0, 1, 9.372]
[48932.9, 1, 0.0, 1, 9.448]
[48932.9, 1, 0.0, 1, 9.461]
[48932.9, 1, 0.0, 1, 9.414]
[48932.9, 1, 0.0, 1, 9.392]
[48932.9, 1, 0.0, 1, 9.389]
[48932.9, 1, 0.0, 1, 9.797]
[48932.9, 1, 0.0, 1, 9.621]
[48932.9, 1, 0.0, 1, 9.526]
[48932.9, 1, 0.0, 1, 9.422]
[48932.9, 1, 0.0, 1, 9.401]
[48932.9, 1, 0.0, 1, 9.343]
[48932.9, 1, 0.0, 1, 9.81]
[48932.9, 1, 0.0, 1, 9.776]
[48932.9, 1, 0.0, 1, 9.774]
[48932.9, 1, 0.0, 1, 9.843]
[48932.9, 1, 0.0, 1, 10.013]
[48932.9, 1, 0.0, 1, 9.793]
[48932.9, 1, 0.0, 1, 9.864]
[48932.9, 1, 0.0, 1, 9.732]
[48932.9, 1, 0.0, 1, 9.831]
[48932.9, 1, 0.0, 1, 9.745]
[48932.9, 1, 0.0, 1, 9.797]
[48932.9, 1, 0.0, 1, 9.385]
[48932.9, 1, 0.0, 1, 9.434]
[48932.9, 1, 0.0, 1, 9.342]
[48932.9, 1, 0.0, 1, 9.415]
[48932.9, 1, 0.0, 1, 9.423]
[48932.9, 1, 0.0, 1, 9.768]
[48932.9, 1, 0.0, 1, 9.389]
[48932.9, 1, 0.0, 1, 9.479]
[48932.9, 1, 0.0, 1, 9.384]
[48932.9, 1, 0.0, 1, 9.493]
[48932.9, 1, 0.0, 1, 9.445]
[48932.9, 1, 0.0, 1, 9.702]
[48932.9, 1, 0.0, 1, 9.517]
[48932.9, 1, 0.0, 1, 9.509]
[48932.9, 1, 0.0, 1, 9.45]
[48932.9, 1, 0.0, 1, 9.422]
[48932.9, 1, 0.0, 1, 9.418]
[48932.9, 1, 0.0, 1, 9.531]
[48932.9, 1, 0.0, 1, 9.568]
[48932.9, 1, 0.0, 1, 9.556]
[48932.9, 1, 0.0, 1, 9.452]
[48932.9, 1, 0.0, 1, 9.517]
[48932.9, 1, 0.0, 1, 9.475]
[48932.9, 1, 0.0, 1, 9.485]
[48932.9, 1, 0.0, 1, 9.384]
[48932.9, 1, 0.0, 1, 9.344]
[48932.9, 1, 0.0, 1, 9.28]
[48932.9, 1, 0.0, 1, 9.335]
[48932.9, 1, 0.0, 1, 9.266]
[48932.9, 1, 0.0, 1, 9.478]
[48932.9, 1, 0.0, 1, 9.379]
[48932.9, 1, 0.0, 1, 9.413]
[48932.9, 1, 0.0, 1, 9.331]
[48932.9, 1, 0.0, 1, 9.311]
[48932.9, 1, 0.0, 1, 9.202]
[48932.9, 1, 0.0, 1, 9.143]
[48932.9, 1, 0.0, 1, 9.136]
[48932.9, 1, 0.0, 1, 9.159]
[48932.9, 1, 0.0, 1, 9.24]
[48932.9, 1, 0.0, 1, 9.195]
[48932.9, 1, 0.0, 1, 9.241]
[48932.9, 1, 0.0, 1, 9.311]
[48932.9, 1, 0.0, 1, 9.235]
[48932.9, 1, 0.0, 1, 9.152]
[48932.9, 1, 0.0, 1, 9.209]
[48932.9, 1, 0.0, 1, 9.189]
[48932.9, 1, 0.0, 1, 9.793]
[48932.9, 1, 0.0, 1, 9.811]
[48932.9, 1, 0.0, 1, 9.785]
[48932.9, 1, 0.0, 1, 9.395]
[48932.9, 1, 0.0, 1, 9.42]
[48932.9, 1, 0.0, 1, 9.425]
[48932.9, 1, 0.0, 1, 9.457]
[48932.9, 1, 0.0, 1, 9.457]
[48932.9, 1, 0.0, 1, 9.398]
[48932.9, 1, 0.0, 1, 9.405]
[48932.9, 1, 0.0, 1, 9.403]
[48932.9, 1, 0.0, 1, 9.46]
[48932.9, 1, 0.0, 1, 9.403]
[48932.9, 1, 0.0, 1, 9.333]
[48932.9, 1, 0.0, 1, 9.429]
[48932.9, 1, 0.0, 1, 9.398]
[48932.9, 1, 0.0, 1, 9.349]
[48932.9, 1, 0.0, 1, 9.392]
[48932.9, 1, 0.0, 1, 9.405]
[48932.9, 1, 0.0, 1, 9.426]
[48932.9, 1, 0.0, 1, 9.82]
[48932.9, 1, 0.0, 1, 9.757]
[48932.9, 1, 0.0, 1, 9.855]