[48932.9, 1, 0.0, 5, 78.925]
[48932.9, 1, 0.0, 9, 143.745]
[48932.9, 1, 0.0, 10, 178.706]
[48932.9, 1, 0.0, 12, 185.378]
[48932.9, 1, 0.0, 5, 75.377]
[48932.9, 1, 0.0, 8, 203.789]
[48932.9, 1, 0.0, 11, 275.377]
[48932.9, 1, 0.0, 3, 128.672]
[48932.9, 1, 0.0, 9, 140.151]
[48932.9, 1, 0.0, 13, 461.523]
[48932.9, 5, 6857.2, 9, 146.06]
[48932.9, 1, 0.0, 9, 413.262]
[48932.9, 1, 0.0, 3, 57.458]
[48932.9, 1, 0.0, 5, 192.687]
[48932.9, 1, 0.0, 5, 216.476]
[48932.9, 1, 0.0, 4, 182.877]
[48932.9, 1, 0.0, 6, 121.573]
[48932.9, 1, 0.0, 3, 104.176]
[48932.9, 1, 0.0, 4, 105.231]
[48932.9, 1, 0.0, 12, 423.89]
[48932.9, 1, 0.0, 6, 90.374]
[48932.9, 1, 0.0, 5, 282.59]
[48932.9, 1, 0.0, 4, 123.355]
[48932.9, 1, 0.0, 2, 86.418]
[48932.9, 1, 0.0, 3, 98.458]
[48932.9, 1, 0.0, 6, 118.233]
[48932.9, 1, 0.0, 3, 91.826]
[48932.9, 1, 0.0, 5, 192.946]
[48932.9, 1, 0.0, 4, 104.421]
[48932.9, 1, 0.0, 8, 299.312]
[48932.9, 1, 0.0, 4, 106.733]
[48932.9, 1, 0.0, 2, 42.493]
[48932.9, 1, 0.0, 6, 171.878]
[48932.9, 1, 0.0, 5, 145.139]
[48932.9, 1, 0.0, 9, 289.422]
[48932.9, 1, 0.0, 2, 46.098]
[48932.9, 1, 0.0, 3, 45.533]
[48932.9, 1, 0.0, 5, 169.652]
[48932.9, 1, 0.0, 2, 46.179]
[48932.9, 1, 0.0, 7, 252.341]
[48932.9, 1, 0.0, 4, 65.293]
[48932.9, 1, 0.0, 2, 28.235]
[48932.9, 1, 0.0, 5, 152.902]
[48932.9, 1, 0.0, 3, 48.536]
[48932.9, 1, 0.0, 2, 21.364]
[48932.9, 1, 0.0, 2, 20.488]
[48932.9, 1, 0.0, 1, 14.647]
[48932.9, 1, 0.0, 4, 93.35]
[48932.9, 1, 0.0, 7, 107.409]
[48932.9, 1, 0.0, 5, 161.471]
[48932.9, 1, 0.0, 2, 31.008]
[48932.9, 1, 0.0, 4, 90.176]
[48932.9, 1, 0.0, 3, 36.721]
[48932.9, 1, 0.0, 2, 32.889]
[48932.9, 1, 0.0, 2, 30.308]
[48932.9, 1, 0.0, 3, 48.509]
[48932.9, 1, 0.0, 4, 85.314]
[48932.9, 1, 0.0, 2, 34.629]
[48932.9, 1, 0.0, 3, 70.101]
[48932.9, 1, 0.0, 2, 45.273]
[48932.9, 1, 0.0, 2, 87.642]
[48932.9, 1, 0.0, 2, 34.379]
[48932.9, 1, 0.0, 3, 93.99]
[48932.9, 1, 0.0, 2, 18.864]
[48932.9, 1, 0.0, 4, 78.402]
[48932.9, 1, 0.0, 5, 80.592]
[48932.9, 1, 0.0, 2, 19.701]
[48932.9, 1, 0.0, 2, 35.951]
[48932.9, 1, 0.0, 4, 70.134]
[48932.9, 1, 0.0, 4, 37.69]
[48932.9, 1, 0.0, 5, 47.207]
[48932.9, 1, 0.0, 4, 39.317]
[48932.9, 1, 0.0, 3, 49.206]
[48932.9, 1, 0.0, 2, 52.156]
[48932.9, 1, 0.0, 1, 15.102]
[48932.9, 1, 0.0, 2, 22.202]
[48932.9, 1, 0.0, 5, 50.169]
[48932.9, 1, 0.0, 3, 45.932]
[48932.9, 1, 0.0, 2, 34.372]
[48932.9, 1, 0.0, 2, 18.495]
[48932.9, 1, 0.0, 2, 18.756]
[48932.9, 1, 0.0, 4, 49.474]
[48932.9, 1, 0.0, 2, 19.103]
[48932.9, 1, 0.0, 2, 19.175]
[48932.9, 1, 0.0, 1, 14.484]
[48932.9, 1, 0.0, 2, 18.618]
[48932.9, 1, 0.0, 1, 9.341]
[48932.9, 1, 0.0, 2, 31.511]
[48932.9, 1, 0.0, 3, 44.651]
[48932.9, 1, 0.0, 3, 28.23]
[48932.9, 1, 0.0, 1, 9.278]
[48932.9, 1, 0.0, 2, 23.319]
[48932.9, 1, 0.0, 1, 9.097]
[48932.9, 1, 0.0, 6, 84.218]
[48932.9, 1, 0.0, 2, 23.563]
[48932.9, 1, 0.0, 3, 28.507]
[48932.9, 1, 0.0, 2, 32.248]
[48932.9, 1, 0.0, 2, 18.387]
[48932.9, 1, 0.0, 2, 19.082]
[48932.9, 1, 0.0, 2, 25.071]
[48932.9, 1, 0.0, 1, 9.343]
[48932.9, 1, 0.0, 2, 18.297]
[48932.9, 1, 0.0, 1, 9.116]
[48932.9, 1, 0.0, 1, 9.184]
[48932.9, 1, 0.0, 1, 9.092]
[48932.9, 1, 0.0, 2, 18.716]
[48932.9, 1, 0.0, 1, 14.136]
[48932.9, 1, 0.0, 2, 18.419]
[48932.9, 1, 0.0, 2, 19.044]
[48932.9, 1, 0.0, 2, 18.376]
[48932.9, 1, 0.0, 2, 18.99]
[48932.9, 1, 0.0, 2, 18.702]
[48932.9, 1, 0.0, 2, 27.629]
[48932.9, 1, 0.0, 3, 27.586]
[48932.9, 1, 0.0, 1, 9.325]
[48932.9, 1, 0.0, 3, 52.509]
[48932.9, 1, 0.0, 2, 18.762]
[48932.9, 1, 0.0, 3, 27.804]
[48932.9, 1, 0.0, 2, 19.25]
[48932.9, 1, 0.0, 2, 18.42]
[48932.9, 1, 0.0, 2, 18.382]
[48932.9, 1, 0.0, 2, 24.203]
[48932.9, 1, 0.0, 2, 19.527]
[48932.9, 1, 0.0, 1, 9.739]
[48932.9, 1, 0.0, 1, 13.217]
[48932.9, 1, 0.0, 3, 27.987]
[48932.9, 1, 0.0, 1, 9.263]
[48932.9, 1, 0.0, 1, 11.488]
[48932.9, 1, 0.0, 1, 9.168]
[48932.9, 1, 0.0, 1, 9.296]
[48932.9, 1, 0.0, 1, 9.336]
[48932.9, 1, 0.0, 1, 9.126]
[48932.9, 1, 0.0, 1, 9.196]
[48932.9, 1, 0.0, 1, 12.979]
[48932.9, 1, 0.0, 2, 19.134]
[48932.9, 1, 0.0, 3, 27.981]
[48932.9, 1, 0.0, 2, 18.364]
[48932.9, 1, 0.0, 2, 18.285]
[48932.9, 1, 0.0, 2, 18.461]
[48932.9, 1, 0.0, 2, 18.79]
[48932.9, 1, 0.0, 2, 18.499]
[48932.9, 1, 0.0, 1, 9.311]
[48932.9, 1, 0.0, 1, 9.357]
[48932.9, 1, 0.0, 1, 14.436]
[48932.9, 1, 0.0, 2, 18.766]
[48932.9, 1, 0.0, 1, 15.552]
[48932.9, 1, 0.0, 3, 41.603]
[48932.9, 1, 0.0, 1, 16.218]
[48932.9, 1, 0.0, 1, 17.038]
[48932.9, 1, 0.0, 1, 10.276]
[48932.9, 1, 0.0, 2, 18.977]
[48932.9, 1, 0.0, 2, 29.846]
[48932.9, 1, 0.0, 1, 15.897]
[48932.9, 1, 0.0, 1, 9.22]
[48932.9, 1, 0.0, 1, 9.2]
[48932.9, 1, 0.0, 1, 9.16]
[48932.9, 1, 0.0, 1, 9.231]
[48932.9, 1, 0.0, 1, 15.371]
[48932.9, 1, 0.0, 2, 18.29]
[48932.9, 1, 0.0, 1, 11.751]
[48932.9, 1, 0.0, 1, 9.116]
[48932.9, 1, 0.0, 1, 9.139]
[48932.9, 1, 0.0, 2, 18.234]
[48932.9, 1, 0.0, 1, 9.09]
[48932.9, 1, 0.0, 1, 9.106]
[48932.9, 1, 0.0, 1, 9.059]
[48932.9, 1, 0.0, 1, 15.726]
[48932.9, 1, 0.0, 1, 9.144]
[48932.9, 1, 0.0, 1, 9.204]
[48932.9, 1, 0.0, 1, 9.207]
[48932.9, 1, 0.0, 1, 9.156]
[48932.9, 1, 0.0, 1, 13.778]
[48932.9, 1, 0.0, 2, 18.451]
[48932.9, 1, 0.0, 1, 9.144]
[48932.9, 1, 0.0, 1, 9.139]
[48932.9, 1, 0.0, 1, 9.234]
[48932.9, 1, 0.0, 2, 18.285]
[48932.9, 1, 0.0, 1, 9.183]
[48932.9, 1, 0.0, 1, 9.492]
[48932.9, 1, 0.0, 1, 9.301]
[48932.9, 1, 0.0, 1, 12.798]
[48932.9, 1, 0.0, 1, 9.393]
[48932.9, 1, 0.0, 1, 9.166]
[48932.9, 1, 0.0, 1, 9.112]
[48932.9, 1, 0.0, 2, 18.995]
[48932.9, 1, 0.0, 1, 9.462]
[48932.9, 1, 0.0, 1, 9.368]
[48932.9, 1, 0.0, 1, 9.519]
[48932.9, 1, 0.0, 1, 9.336]
[48932.9, 1, 0.0, 1, 9.222]
[48932.9, 1, 0.0, 1, 9.309]
[48932.9, 1, 0.0, 1, 9.583]
[48932.9, 1, 0.0, 1, 15.909]
[48932.9, 1, 0.0, 1, 9.251]
[48932.9, 1, 0.0, 1, 9.305]
[48932.9, 1, 0.0, 1, 9.236]
[48932.9, 1, 0.0, 2, 18.34]
[48932.9, 1, 0.0, 2, 19.347]
[48932.9, 1, 0.0, 1, 15.316]
[48932.9, 1, 0.0, 2, 19.277]
[48932.9, 1, 0.0, 1, 9.564]
[48932.9, 1, 0.0, 2, 19.069]
[48932.9, 1, 0.0, 2, 19.051]
[48932.9, 1, 0.0, 1, 9.658]
[48932.9, 1, 0.0, 1, 9.545]
[48932.9, 1, 0.0, 2, 19.262]
[48932.9, 1, 0.0, 1, 15.621]
[48932.9, 1, 0.0, 1, 14.597]
[48932.9, 1, 0.0, 1, 9.952]
[48932.9, 1, 0.0, 1, 9.561]
[48932.9, 1, 0.0, 1, 9.539]
[48932.9, 1, 0.0, 1, 13.53]
[48932.9, 1, 0.0, 2, 18.478]
[48932.9, 1, 0.0, 1, 9.467]
[48932.9, 1, 0.0, 1, 9.285]
[48932.9, 1, 0.0, 2, 18.467]
[48932.9, 1, 0.0, 1, 15.12]
[48932.9, 1, 0.0, 2, 18.609]
[48932.9, 1, 0.0, 2, 18.324]
[48932.9, 1, 0.0, 1, 9.131]
[48932.9, 1, 0.0, 1, 9.149]
[48932.9, 1, 0.0, 1, 9.135]
[48932.9, 1, 0.0, 1, 9.131]
[48932.9, 1, 0.0, 1, 9.209]
[48932.9, 1, 0.0, 1, 9.182]
[48932.9, 1, 0.0, 1, 9.12]
[48932.9, 1, 0.0, 1, 9.204]
[48932.9, 1, 0.0, 1, 9.221]
[48932.9, 1, 0.0, 2, 18.382]
[48932.9, 1, 0.0, 1, 9.164]
[48932.9, 1, 0.0, 1, 9.206]
[48932.9, 1, 0.0, 1, 9.16]
[48932.9, 1, 0.0, 1, 9.193]
[48932.9, 1, 0.0, 1, 9.205]
[48932.9, 1, 0.0, 1, 9.222]
[48932.9, 1, 0.0, 1, 9.145]
[48932.9, 1, 0.0, 1, 9.186]
[48932.9, 1, 0.0, 1, 9.131]
[48932.9, 1, 0.0, 1, 9.221]
[48932.9, 1, 0.0, 1, 9.189]
[48932.9, 1, 0.0, 1, 9.19]
[48932.9, 1, 0.0, 1, 9.134]
[48932.9, 1, 0.0, 1, 9.206]
[48932.9, 1, 0.0, 1, 9.139]
[48932.9, 1, 0.0, 1, 9.16]
[48932.9, 1, 0.0, 1, 9.219]
[48932.9, 1, 0.0, 1, 9.132]
[48932.9, 1, 0.0, 1, 9.164]
[48932.9, 1, 0.0, 1, 9.132]
[48932.9, 1, 0.0, 1, 9.177]
[48932.9, 1, 0.0, 2, 18.381]
[48932.9, 1, 0.0, 1, 9.176]
[48932.9, 1, 0.0, 1, 9.44]
[48932.9, 1, 0.0, 1, 9.44]
[48932.9, 1, 0.0, 1, 9.181]
[48932.9, 1, 0.0, 1, 9.206]
[48932.9, 1, 0.0, 1, 9.213]
[48932.9, 1, 0.0, 1, 9.16]
[48932.9, 1, 0.0, 1, 9.144]
[48932.9, 1, 0.0, 1, 9.194]
[48932.9, 1, 0.0, 1, 9.152]
[48932.9, 1, 0.0, 1, 9.159]
[48932.9, 1, 0.0, 1, 9.195]
[48932.9, 1, 0.0, 1, 9.172]
[48932.9, 1, 0.0, 1, 9.098]
[48932.9, 1, 0.0, 1, 9.196]
[48932.9, 1, 0.0, 1, 9.215]
[48932.9, 1, 0.0, 1, 9.271]
[48932.9, 1, 0.0, 1, 9.329]
[48932.9, 1, 0.0, 1, 9.286]
[48932.9, 1, 0.0, 1, 9.218]
[48932.9, 1, 0.0, 1, 9.235]
[48932.9, 1, 0.0, 1, 9.183]
[48932.9, 1, 0.0, 1, 9.184]
[48932.9, 1, 0.0, 1, 9.276]
[48932.9, 1, 0.0, 1, 9.205]
[48932.9, 1, 0.0, 1, 9.296]
[48932.9, 1, 0.0, 2, 18.389]
[48932.9, 1, 0.0, 1, 9.159]
[48932.9, 1, 0.0, 1, 9.273]
[48932.9, 1, 0.0, 1, 9.19]
[48932.9, 1, 0.0, 1, 9.187]
[48932.9, 1, 0.0, 1, 9.185]
[48932.9, 1, 0.0, 1, 9.199]
[48932.9, 1, 0.0, 1, 9.228]
[48932.9, 1, 0.0, 1, 9.231]
[48932.9, 1, 0.0, 1, 9.184]
[48932.9, 1, 0.0, 1, 9.218]
[48932.9, 1, 0.0, 1, 9.203]
[48932.9, 1, 0.0, 1, 9.155]
[48932.9, 1, 0.0, 1, 9.185]
[48932.9, 1, 0.0, 1, 9.224]
[48932.9, 1, 0.0, 1, 9.24]
[48932.9, 1, 0.0, 1, 9.131]
[48932.9, 1, 0.0, 1, 9.187]
[48932.9, 1, 0.0, 1, 9.135]
[48932.9, 1, 0.0, 1, 9.142]
[48932.9, 1, 0.0, 1, 9.166]
[48932.9, 1, 0.0, 1, 9.201]
[48932.9, 1, 0.0, 1, 9.143]
[48932.9, 1, 0.0, 1, 9.15]
[48932.9, 1, 0.0, 1, 9.28]
[48932.9, 1, 0.0, 1, 9.183]
[48932.9, 1, 0.0, 1, 9.178]
[48932.9, 1, 0.0, 1, 9.164]
[48932.9, 1, 0.0, 1, 9.14]
[48932.9, 1, 0.0, 1, 9.177]
[48932.9, 1, 0.0, 1, 9.214]
[48932.9, 1, 0.0, 1, 9.209]
[48932.9, 1, 0.0, 1, 9.109]
[48932.9, 1, 0.0, 1, 9.208]
[48932.9, 1, 0.0, 1, 9.281]
[48932.9, 1, 0.0, 1, 9.16]
[48932.9, 1, 0.0, 1, 9.152]
[48932.9, 1, 0.0, 1, 9.125]
[48932.9, 1, 0.0, 1, 9.111]
[48932.9, 1, 0.0, 1, 9.146]
[48932.9, 1, 0.0, 1, 9.113]
[48932.9, 1, 0.0, 1, 9.177]
[48932.9, 1, 0.0, 1, 9.156]
[48932.9, 1, 0.0, 1, 9.176]
[48932.9, 1, 0.0, 1, 9.253]
[48932.9, 1, 0.0, 1, 9.224]
[48932.9, 1, 0.0, 1, 9.154]
[48932.9, 1, 0.0, 1, 9.155]
[48932.9, 1, 0.0, 1, 9.284]
[48932.9, 1, 0.0, 1, 9.11]
[48932.9, 1, 0.0, 1, 9.206]
[48932.9, 1, 0.0, 1, 9.19]
[48932.9, 1, 0.0, 1, 9.14]
[48932.9, 1, 0.0, 1, 9.218]
[48932.9, 1, 0.0, 1, 9.221]
[48932.9, 1, 0.0, 1, 9.192]
[48932.9, 1, 0.0, 1, 9.182]
[48932.9, 1, 0.0, 1, 9.225]
[48932.9, 1, 0.0, 1, 9.13]
[48932.9, 1, 0.0, 1, 9.229]
[48932.9, 1, 0.0, 1, 9.208]
[48932.9, 1, 0.0, 1, 9.089]
[48932.9, 1, 0.0, 1, 9.179]
[48932.9, 1, 0.0, 1, 9.253]
[48932.9, 1, 0.0, 1, 9.258]
[48932.9, 1, 0.0, 1, 9.158]
[48932.9, 1, 0.0, 1, 9.183]
[48932.9, 1, 0.0, 1, 9.121]
[48932.9, 1, 0.0, 1, 9.199]
[48932.9, 1, 0.0, 1, 9.245]
[48932.9, 1, 0.0, 1, 9.19]
[48932.9, 1, 0.0, 1, 9.16]
[48932.9, 1, 0.0, 1, 9.238]
[48932.9, 1, 0.0, 1, 9.238]
[48932.9, 1, 0.0, 1, 9.204]
[48932.9, 1, 0.0, 1, 9.166]
[48932.9, 1, 0.0, 1, 9.231]
[48932.9, 1, 0.0, 1, 9.189]
[48932.9, 1, 0.0, 1, 9.394]
[48932.9, 1, 0.0, 1, 9.128]
[48932.9, 1, 0.0, 1, 9.141]
[48932.9, 1, 0.0, 1, 9.319]
[48932.9, 1, 0.0, 1, 9.172]
[48932.9, 1, 0.0, 1, 9.237]
[48932.9, 1, 0.0, 1, 9.136]
[48932.9, 1, 0.0, 1, 9.132]
[48932.9, 1, 0.0, 1, 9.212]
[48932.9, 1, 0.0, 1, 9.268]
[48932.9, 1, 0.0, 1, 9.277]
[48932.9, 1, 0.0, 1, 9.216]
[48932.9, 1, 0.0, 1, 9.226]
[48932.9, 1, 0.0, 1, 9.161]
[48932.9, 1, 0.0, 1, 9.271]
[48932.9, 1, 0.0, 1, 9.225]
[48932.9, 1, 0.0, 1, 9.185]
[48932.9, 1, 0.0, 1, 9.242]
[48932.9, 1, 0.0, 1, 9.166]
[48932.9, 1, 0.0, 1, 9.135]
[48932.9, 1, 0.0, 1, 9.166]
[48932.9, 1, 0.0, 1, 9.217]
[48932.9, 1, 0.0, 1, 9.16]
[48932.9, 1, 0.0, 1, 9.12]
[48932.9, 1, 0.0, 1, 9.236]
[48932.9, 1, 0.0, 1, 9.206]
[48932.9, 1, 0.0, 1, 9.115]
[48932.9, 1, 0.0, 1, 9.176]
[48932.9, 1, 0.0, 1, 9.248]
[48932.9, 1, 0.0, 1, 9.134]
[48932.9, 1, 0.0, 1, 9.121]
[48932.9, 1, 0.0, 1, 9.202]
[48932.9, 1, 0.0, 1, 9.217]
[48932.9, 1, 0.0, 1, 9.233]
[48932.9, 1, 0.0, 1, 9.141]
[48932.9, 1, 0.0, 1, 9.142]
[48932.9, 1, 0.0, 1, 9.327]
[48932.9, 1, 0.0, 1, 9.236]
[48932.9, 1, 0.0, 1, 9.154]
[48932.9, 1, 0.0, 1, 9.124]
[48932.9, 1, 0.0, 1, 9.146]
[48932.9, 1, 0.0, 1, 9.218]
[48932.9, 1, 0.0, 1, 9.142]
[48932.9, 1, 0.0, 1, 9.157]
[48932.9, 1, 0.0, 1, 9.16]
[48932.9, 1, 0.0, 1, 9.156]
[48932.9, 1, 0.0, 1, 9.147]
[48932.9, 1, 0.0, 1, 9.171]
[48932.9, 1, 0.0, 1, 9.148]
[48932.9, 1, 0.0, 1, 9.225]
[48932.9, 1, 0.0, 1, 9.274]
[48932.9, 1, 0.0, 1, 9.176]
[48932.9, 1, 0.0, 1, 9.146]
[48932.9, 1, 0.0, 1, 9.212]
[48932.9, 1, 0.0, 1, 9.188]
[48932.9, 1, 0.0, 1, 9.271]
[48932.9, 1, 0.0, 1, 9.365]
[48932.9, 1, 0.0, 1, 9.166]
[48932.9, 1, 0.0, 1, 9.414]
[48932.9, 1, 0.0, 1, 9.212]
[48932.9, 1, 0.0, 1, 9.197]
[48932.9, 1, 0.0, 1, 9.465]
[48932.9, 1, 0.0, 1, 9.53]
[48932.9, 1, 0.0, 1, 9.475]
[48932.9, 1, 0.0, 1, 9.464]
[48932.9, 1, 0.0, 1, 9.499]
[48932.9, 1, 0.0, 1, 9.506]
[48932.9, 1, 0.0, 1, 9.538]
[48932.9, 1, 0.0, 1, 9.487]
[48932.9, 1, 0.0, 1, 9.511]
[48932.9, 1, 0.0, 1, 9.485]
[48932.9, 1, 0.0, 1, 9.437]
[48932.9, 1, 0.0, 1, 9.144]
[48932.9, 1, 0.0, 1, 9.117]
[48932.9, 1, 0.0, 1, 9.089]
[48932.9, 1, 0.0, 1, 9.13]
[48932.9, 1, 0.0, 1, 9.124]
[48932.9, 1, 0.0, 1, 9.127]
[48932.9, 1, 0.0, 1, 9.154]
[48932.9, 1, 0.0, 1, 9.18]
[48932.9, 1, 0.0, 1, 9.158]
[48932.9, 1, 0.0, 1, 9.151]
[48932.9, 1, 0.0, 1, 9.199]
[48932.9, 1, 0.0, 1, 9.154]
[48932.9, 1, 0.0, 1, 9.191]
[48932.9, 1, 0.0, 1, 9.118]
[48932.9, 1, 0.0, 1, 9.345]
[48932.9, 1, 0.0, 1, 9.149]
[48932.9, 1, 0.0, 1, 9.159]
[48932.9, 1, 0.0, 1, 9.192]
[48932.9, 1, 0.0, 1, 9.161]
[48932.9, 1, 0.0, 1, 9.133]
[48932.9, 1, 0.0, 1, 9.155]
[48932.9, 1, 0.0, 1, 9.247]
[48932.9, 1, 0.0, 1, 9.155]
[48932.9, 1, 0.0, 1, 9.219]
[48932.9, 1, 0.0, 1, 9.14]
[48932.9, 1, 0.0, 1, 9.235]
[48932.9, 1, 0.0, 1, 9.169]
[48932.9, 1, 0.0, 1, 9.149]
[48932.9, 1, 0.0, 1, 9.199]
[48932.9, 1, 0.0, 1, 9.146]
[48932.9, 1, 0.0, 1, 9.143]
[48932.9, 1, 0.0, 1, 9.167]
[48932.9, 1, 0.0, 1, 9.124]
[48932.9, 1, 0.0, 1, 9.148]
[48932.9, 1, 0.0, 1, 9.307]
[48932.9, 1, 0.0, 1, 9.159]
[48932.9, 1, 0.0, 1, 9.206]
[48932.9, 1, 0.0, 1, 9.195]
[48932.9, 1, 0.0, 1, 9.135]
[48932.9, 1, 0.0, 1, 9.132]
[48932.9, 1, 0.0, 1, 9.166]
[48932.9, 1, 0.0, 1, 9.197]
[48932.9, 1, 0.0, 1, 9.15]
[48932.9, 1, 0.0, 1, 9.14]
[48932.9, 1, 0.0, 1, 9.224]
[48932.9, 1, 0.0, 1, 9.169]
[48932.9, 1, 0.0, 1, 9.139]
[48932.9, 1, 0.0, 1, 9.165]
[48932.9, 1, 0.0, 1, 9.163]
[48932.9, 1, 0.0, 1, 9.144]
[48932.9, 1, 0.0, 1, 9.146]
[48932.9, 1, 0.0, 1, 9.153]
[48932.9, 1, 0.0, 1, 9.143]
[48932.9, 1, 0.0, 1, 9.188]
[48932.9, 1, 0.0, 1, 9.247]
[48932.9, 1, 0.0, 1, 9.199]
[48932.9, 1, 0.0, 1, 9.198]
[48932.9, 1, 0.0, 1, 9.147]
[48932.9, 1, 0.0, 1, 9.173]
[48932.9, 1, 0.0, 1, 9.215]
[48932.9, 1, 0.0, 1, 9.123]
[48932.9, 1, 0.0, 1, 9.113]
[48932.9, 1, 0.0, 1, 9.165]
[48932.9, 1, 0.0, 1, 9.117]
[48932.9, 1, 0.0, 1, 9.144]
[48932.9, 1, 0.0, 1, 9.166]
[48932.9, 1, 0.0, 1, 9.13]
[48932.9, 1, 0.0, 1, 9.148]
[48932.9, 1, 0.0, 1, 9.143]
[48932.9, 1, 0.0, 1, 9.19]
[48932.9, 1, 0.0, 1, 9.179]
[48932.9, 1, 0.0, 1, 9.101]
[48932.9, 1, 0.0, 1, 9.128]
[48932.9, 1, 0.0, 1, 9.219]
[48932.9, 1, 0.0, 1, 9.134]
[48932.9, 1, 0.0, 1, 9.2]
[48932.9, 1, 0.0, 1, 9.213]
[48932.9, 1, 0.0, 1, 9.156]
[48932.9, 1, 0.0, 1, 9.114]
[48932.9, 1, 0.0, 1, 9.212]
[48932.9, 1, 0.0, 1, 9.117]
[48932.9, 1, 0.0, 1, 9.174]
[48932.9, 1, 0.0, 1, 9.154]
[48932.9, 1, 0.0, 1, 9.113]
[48932.9, 1, 0.0, 1, 9.151]
[48932.9, 1, 0.0, 1, 9.12]
[48932.9, 1, 0.0, 1, 9.157]
[48932.9, 1, 0.0, 1, 9.15]
[48932.9, 1, 0.0, 1, 9.166]
[48932.9, 1, 0.0, 1, 9.168]
[48932.9, 1, 0.0, 1, 9.241]
[48932.9, 1, 0.0, 1, 9.142]
[48932.9, 1, 0.0, 1, 9.145]
[48932.9, 1, 0.0, 1, 9.153]
[48932.9, 1, 0.0, 1, 9.127]
[48932.9, 1, 0.0, 1, 9.195]
[48932.9, 1, 0.0, 1, 9.135]
[48932.9, 1, 0.0, 1, 9.358]
[48932.9, 1, 0.0, 1, 9.144]
[48932.9, 1, 0.0, 1, 9.365]
[48932.9, 1, 0.0, 1, 9.268]
[48932.9, 1, 0.0, 1, 9.27]
[48932.9, 1, 0.0, 1, 9.248]
[48932.9, 1, 0.0, 1, 9.217]
[48932.9, 1, 0.0, 1, 9.356]
[48932.9, 1, 0.0, 1, 9.265]
[48932.9, 1, 0.0, 1, 9.253]
[48932.9, 1, 0.0, 1, 9.242]
[48932.9, 1, 0.0, 1, 9.331]
[48932.9, 1, 0.0, 1, 9.261]
[48932.9, 1, 0.0, 1, 9.247]
[48932.9, 1, 0.0, 1, 9.275]
[48932.9, 1, 0.0, 1, 9.301]
[48932.9, 1, 0.0, 1, 9.237]
[48932.9, 1, 0.0, 1, 9.241]
[48932.9, 1, 0.0, 1, 9.306]
[48932.9, 1, 0.0, 1, 9.244]
[48932.9, 1, 0.0, 1, 9.418]
[48932.9, 1, 0.0, 1, 9.228]
[48932.9, 1, 0.0, 1, 9.243]
[48932.9, 1, 0.0, 1, 9.288]
[48932.9, 1, 0.0, 1, 9.27]
[48932.9, 1, 0.0, 1, 9.107]
[48932.9, 1, 0.0, 1, 9.413]
[48932.9, 1, 0.0, 1, 9.249]
[48932.9, 1, 0.0, 1, 9.318]
[48932.9, 1, 0.0, 1, 9.116]
[48932.9, 1, 0.0, 1, 9.145]
[48932.9, 1, 0.0, 1, 9.177]
[48932.9, 1, 0.0, 1, 9.315]
[48932.9, 1, 0.0, 1, 9.145]
[48932.9, 1, 0.0, 1, 9.095]
[48932.9, 1, 0.0, 1, 9.164]
[48932.9, 1, 0.0, 1, 9.193]
[48932.9, 1, 0.0, 1, 9.2]
[48932.9, 1, 0.0, 1, 9.188]
[48932.9, 1, 0.0, 1, 9.332]
[48932.9, 1, 0.0, 1, 9.247]
[48932.9, 1, 0.0, 1, 9.263]
[48932.9, 1, 0.0, 1, 9.213]
[48932.9, 1, 0.0, 1, 9.147]
[48932.9, 1, 0.0, 1, 9.169]
[48932.9, 1, 0.0, 1, 9.183]
[48932.9, 1, 0.0, 1, 9.242]
[48932.9, 1, 0.0, 1, 9.167]
[48932.9, 1, 0.0, 1, 9.162]
[48932.9, 1, 0.0, 1, 9.156]
[48932.9, 1, 0.0, 1, 9.216]
[48932.9, 1, 0.0, 1, 9.253]
[48932.9, 1, 0.0, 1, 9.189]
[48932.9, 1, 0.0, 1, 9.267]
[48932.9, 1, 0.0, 1, 9.272]
[48932.9, 1, 0.0, 1, 9.186]
[48932.9, 1, 0.0, 1, 9.176]
[48932.9, 1, 0.0, 1, 9.185]
[48932.9, 1, 0.0, 1, 9.208]
[48932.9, 1, 0.0, 1, 9.183]
[48932.9, 1, 0.0, 1, 9.226]
[48932.9, 1, 0.0, 1, 9.226]
[48932.9, 1, 0.0, 1, 9.19]
[48932.9, 1, 0.0, 1, 9.343]
[48932.9, 1, 0.0, 1, 9.212]
[48932.9, 1, 0.0, 1, 9.189]
[48932.9, 1, 0.0, 1, 9.206]
[48932.9, 1, 0.0, 1, 9.186]
[48932.9, 1, 0.0, 1, 9.241]
[48932.9, 1, 0.0, 1, 9.306]
[48932.9, 1, 0.0, 1, 9.223]
[48932.9, 1, 0.0, 1, 9.284]
[48932.9, 1, 0.0, 1, 9.162]
[48932.9, 1, 0.0, 1, 9.289]
[48932.9, 1, 0.0, 1, 9.238]
[48932.9, 1, 0.0, 1, 9.284]
[48932.9, 1, 0.0, 1, 9.288]
[48932.9, 1, 0.0, 1, 9.3]
[48932.9, 1, 0.0, 1, 9.24]
[48932.9, 1, 0.0, 1, 9.26]
[48932.9, 1, 0.0, 1, 9.209]
[48932.9, 1, 0.0, 1, 9.301]
[48932.9, 1, 0.0, 1, 9.228]
[48932.9, 1, 0.0, 1, 9.189]
[48932.9, 1, 0.0, 1, 9.198]
[48932.9, 1, 0.0, 1, 9.163]
[48932.9, 1, 0.0, 1, 9.248]
[48932.9, 1, 0.0, 1, 9.189]
[48932.9, 1, 0.0, 1, 9.287]
[48932.9, 1, 0.0, 1, 9.186]
[48932.9, 1, 0.0, 1, 9.225]
[48932.9, 1, 0.0, 1, 9.33]
[48932.9, 1, 0.0, 1, 9.218]
[48932.9, 1, 0.0, 1, 9.154]
[48932.9, 1, 0.0, 1, 9.409]
[48932.9, 1, 0.0, 1, 9.292]
[48932.9, 1, 0.0, 1, 9.349]
[48932.9, 1, 0.0, 1, 9.34]
[48932.9, 1, 0.0, 1, 9.25]
[48932.9, 1, 0.0, 1, 9.513]
[48932.9, 1, 0.0, 1, 9.253]
[48932.9, 1, 0.0, 1, 9.213]
[48932.9, 1, 0.0, 1, 9.241]
[48932.9, 1, 0.0, 1, 9.53]
[48932.9, 1, 0.0, 1, 9.585]
[48932.9, 1, 0.0, 1, 9.571]
[48932.9, 1, 0.0, 1, 9.197]
[48932.9, 1, 0.0, 1, 9.167]
[48932.9, 1, 0.0, 1, 9.138]
[48932.9, 1, 0.0, 1, 9.152]
[48932.9, 1, 0.0, 1, 9.34]
[48932.9, 1, 0.0, 1, 9.241]
[48932.9, 1, 0.0, 1, 9.249]
[48932.9, 1, 0.0, 1, 9.319]
[48932.9, 1, 0.0, 1, 9.267]
[48932.9, 1, 0.0, 1, 9.222]
[48932.9, 1, 0.0, 1, 9.254]
[48932.9, 1, 0.0, 1, 9.304]
[48932.9, 1, 0.0, 1, 9.35]
[48932.9, 1, 0.0, 1, 9.266]
[48932.9, 1, 0.0, 1, 9.28]
[48932.9, 1, 0.0, 1, 9.243]
[48932.9, 1, 0.0, 1, 9.27]
[48932.9, 1, 0.0, 1, 9.287]
[48932.9, 1, 0.0, 1, 9.267]
[48932.9, 1, 0.0, 1, 9.275]
[48932.9, 1, 0.0, 1, 9.292]
[48932.9, 1, 0.0, 1, 9.385]
[48932.9, 1, 0.0, 1, 9.367]
[48932.9, 1, 0.0, 1, 9.283]
[48932.9, 1, 0.0, 1, 9.296]
[48932.9, 1, 0.0, 1, 9.277]
[48932.9, 1, 0.0, 1, 9.346]
[48932.9, 1, 0.0, 1, 9.274]
[48932.9, 1, 0.0, 1, 9.309]
[48932.9, 1, 0.0, 1, 9.249]
[48932.9, 1, 0.0, 1, 9.288]
[48932.9, 1, 0.0, 1, 9.267]
[48932.9, 1, 0.0, 1, 9.306]
[48932.9, 1, 0.0, 1, 9.294]
[48932.9, 1, 0.0, 1, 9.271]
[48932.9, 1, 0.0, 1, 9.321]
[48932.9, 1, 0.0, 1, 9.253]
[48932.9, 1, 0.0, 1, 9.213]
[48932.9, 1, 0.0, 1, 9.265]
[48932.9, 1, 0.0, 1, 9.251]
[48932.9, 1, 0.0, 1, 9.366]
[48932.9, 1, 0.0, 1, 9.272]
[48932.9, 1, 0.0, 1, 9.262]
[48932.9, 1, 0.0, 1, 9.233]
[48932.9, 1, 0.0, 1, 9.259]
[48932.9, 1, 0.0, 1, 9.298]
[48932.9, 1, 0.0, 1, 9.23]
[48932.9, 1, 0.0, 1, 9.325]
[48932.9, 1, 0.0, 1, 9.296]
[48932.9, 1, 0.0, 1, 9.246]
[48932.9, 1, 0.0, 1, 9.519]
[48932.9, 1, 0.0, 1, 9.339]
[48932.9, 1, 0.0, 1, 9.258]
[48932.9, 1, 0.0, 1, 9.325]
[48932.9, 1, 0.0, 1, 9.552]
[48932.9, 1, 0.0, 1, 9.58]
[48932.9, 1, 0.0, 1, 9.529]
[48932.9, 1, 0.0, 1, 9.512]
[48932.9, 1, 0.0, 1, 9.585]
[48932.9, 1, 0.0, 1, 9.562]
[48932.9, 1, 0.0, 1, 9.499]
[48932.9, 1, 0.0, 1, 9.526]
[48932.9, 1, 0.0, 1, 9.604]
[48932.9, 1, 0.0, 1, 9.555]
[48932.9, 1, 0.0, 1, 9.557]
[48932.9, 1, 0.0, 1, 9.538]
[48932.9, 1, 0.0, 1, 9.521]
[48932.9, 1, 0.0, 1, 9.12]
[48932.9, 1, 0.0, 1, 9.157]
[48932.9, 1, 0.0, 1, 9.295]
[48932.9, 1, 0.0, 1, 9.212]
[48932.9, 1, 0.0, 1, 9.199]
[48932.9, 1, 0.0, 1, 9.255]
[48932.9, 1, 0.0, 1, 9.386]
[48932.9, 1, 0.0, 1, 9.229]
[48932.9, 1, 0.0, 1, 9.198]
[48932.9, 1, 0.0, 1, 9.289]
[48932.9, 1, 0.0, 1, 9.213]
[48932.9, 1, 0.0, 1, 9.276]
[48932.9, 1, 0.0, 1, 9.249]
[48932.9, 1, 0.0, 1, 9.167]
[48932.9, 1, 0.0, 1, 9.193]
[48932.9, 1, 0.0, 1, 9.212]
[48932.9, 1, 0.0, 1, 9.309]
[48932.9, 1, 0.0, 1, 9.18]
[48932.9, 1, 0.0, 1, 9.264]
[48932.9, 1, 0.0, 1, 9.204]
[48932.9, 1, 0.0, 1, 9.232]
[48932.9, 1, 0.0, 1, 9.329]
[48932.9, 1, 0.0, 1, 9.158]
[48932.9, 1, 0.0, 1, 9.203]
[48932.9, 1, 0.0, 1, 9.158]
[48932.9, 1, 0.0, 1, 9.173]
[48932.9, 1, 0.0, 1, 9.272]
[48932.9, 1, 0.0, 1, 9.289]
[48932.9, 1, 0.0, 1, 9.138]
[48932.9, 1, 0.0, 1, 9.308]
[48932.9, 1, 0.0, 1, 9.214]
[48932.9, 1, 0.0, 1, 9.18]
[48932.9, 1, 0.0, 1, 9.249]
[48932.9, 1, 0.0, 1, 9.181]
[48932.9, 1, 0.0, 1, 9.256]
[48932.9, 1, 0.0, 1, 9.165]
[48932.9, 1, 0.0, 1, 9.184]
[48932.9, 1, 0.0, 1, 9.295]
[48932.9, 1, 0.0, 1, 9.551]
[48932.9, 1, 0.0, 1, 9.64]
[48932.9, 1, 0.0, 1, 9.501]
[48932.9, 1, 0.0, 1, 9.574]
[48932.9, 1, 0.0, 1, 9.5]
[48932.9, 1, 0.0, 1, 9.544]
[48932.9, 1, 0.0, 1, 9.604]
[48932.9, 1, 0.0, 1, 9.595]
[48932.9, 1, 0.0, 1, 9.539]
[48932.9, 1, 0.0, 1, 9.541]
[48932.9, 1, 0.0, 1, 9.578]
[48932.9, 1, 0.0, 1, 9.584]
[48932.9, 1, 0.0, 1, 9.618]
[48932.9, 1, 0.0, 1, 9.701]
[48932.9, 1, 0.0, 1, 9.531]
[48932.9, 1, 0.0, 1, 9.546]
[48932.9, 1, 0.0, 1, 9.556]
[48932.9, 1, 0.0, 1, 9.512]
[48932.9, 1, 0.0, 1, 9.555]
[48932.9, 1, 0.0, 1, 9.557]
[48932.9, 1, 0.0, 1, 9.531]
[48932.9, 1, 0.0, 1, 9.59]
[48932.9, 1, 0.0, 1, 9.539]
[48932.9, 1, 0.0, 1, 9.529]
[48932.9, 1, 0.0, 1, 9.524]
[48932.9, 1, 0.0, 1, 9.514]
[48932.9, 1, 0.0, 1, 9.571]
[48932.9, 1, 0.0, 1, 9.521]
[48932.9, 1, 0.0, 1, 9.653]
[48932.9, 1, 0.0, 1, 9.591]
[48932.9, 1, 0.0, 1, 9.52]
[48932.9, 1, 0.0, 1, 9.581]
[48932.9, 1, 0.0, 1, 9.55]
[48932.9, 1, 0.0, 1, 9.561]
[48932.9, 1, 0.0, 1, 9.497]
[48932.9, 1, 0.0, 1, 9.528]
[48932.9, 1, 0.0, 1, 9.573]
[48932.9, 1, 0.0, 1, 9.55]
[48932.9, 1, 0.0, 1, 9.556]
[48932.9, 1, 0.0, 1, 9.601]
[48932.9, 1, 0.0, 1, 9.552]
[48932.9, 1, 0.0, 1, 9.571]
[48932.9, 1, 0.0, 1, 9.502]
[48932.9, 1, 0.0, 1, 9.553]
[48932.9, 1, 0.0, 1, 9.492]
[48932.9, 1, 0.0, 1, 9.545]
[48932.9, 1, 0.0, 1, 9.586]
[48932.9, 1, 0.0, 1, 9.527]
[48932.9, 1, 0.0, 1, 9.532]
[48932.9, 1, 0.0, 1, 9.582]
[48932.9, 1, 0.0, 1, 9.188]
[48932.9, 1, 0.0, 1, 9.123]
[48932.9, 1, 0.0, 1, 9.128]
[48932.9, 1, 0.0, 1, 9.16]
[48932.9, 1, 0.0, 1, 9.23]
[48932.9, 1, 0.0, 1, 9.115]
[48932.9, 1, 0.0, 1, 9.129]
[48932.9, 1, 0.0, 1, 9.148]
[48932.9, 1, 0.0, 1, 9.174]
[48932.9, 1, 0.0, 1, 9.094]
[48932.9, 1, 0.0, 1, 9.131]
[48932.9, 1, 0.0, 1, 9.126]
[48932.9, 1, 0.0, 1, 9.147]
[48932.9, 1, 0.0, 1, 9.111]
[48932.9, 1, 0.0, 1, 9.124]
[48932.9, 1, 0.0, 1, 9.128]
[48932.9, 1, 0.0, 1, 9.147]
[48932.9, 1, 0.0, 1, 9.645]
[48932.9, 1, 0.0, 1, 9.56]
[48932.9, 1, 0.0, 1, 9.481]
[48932.9, 1, 0.0, 1, 9.506]
[48932.9, 1, 0.0, 1, 9.458]
[48932.9, 1, 0.0, 1, 9.549]
[48932.9, 1, 0.0, 1, 9.529]
[48932.9, 1, 0.0, 1, 9.518]
[48932.9, 1, 0.0, 1, 9.514]
[48932.9, 1, 0.0, 1, 9.544]
[48932.9, 1, 0.0, 1, 9.49]
[48932.9, 1, 0.0, 1, 9.489]
[48932.9, 1, 0.0, 1, 9.573]
[48932.9, 1, 0.0, 1, 9.497]
[48932.9, 1, 0.0, 1, 9.5]
[48932.9, 1, 0.0, 1, 9.486]
[48932.9, 1, 0.0, 1, 9.46]
[48932.9, 1, 0.0, 1, 9.488]
[48932.9, 1, 0.0, 1, 9.502]
[48932.9, 1, 0.0, 1, 9.494]
[48932.9, 1, 0.0, 1, 9.499]
[48932.9, 1, 0.0, 1, 9.146]
[48932.9, 1, 0.0, 1, 9.188]
[48932.9, 1, 0.0, 1, 9.225]
[48932.9, 1, 0.0, 1, 9.119]
[48932.9, 1, 0.0, 1, 9.167]
[48932.9, 1, 0.0, 1, 9.15]
[48932.9, 1, 0.0, 1, 9.203]
[48932.9, 1, 0.0, 1, 9.203]
[48932.9, 1, 0.0, 1, 9.16]
[48932.9, 1, 0.0, 1, 9.144]
[48932.9, 1, 0.0, 1, 9.171]
[48932.9, 1, 0.0, 1, 9.164]
[48932.9, 1, 0.0, 1, 9.153]
[48932.9, 1, 0.0, 1, 9.14]
[48932.9, 1, 0.0, 1, 9.159]
[48932.9, 1, 0.0, 1, 9.222]
[48932.9, 1, 0.0, 1, 9.139]
[48932.9, 1, 0.0, 1, 9.204]
[48932.9, 1, 0.0, 1, 9.192]
[48932.9, 1, 0.0, 1, 9.149]
[48932.9, 1, 0.0, 1, 9.14]
[48932.9, 1, 0.0, 1, 9.14]
[48932.9, 1, 0.0, 1, 9.102]
[48932.9, 1, 0.0, 1, 9.176]
[48932.9, 1, 0.0, 1, 9.239]
[48932.9, 1, 0.0, 1, 9.192]
[48932.9, 1, 0.0, 1, 9.159]
[48932.9, 1, 0.0, 1, 9.195]
[48932.9, 1, 0.0, 1, 9.171]
[48932.9, 1, 0.0, 1, 9.118]
[48932.9, 1, 0.0, 1, 9.196]
[48932.9, 1, 0.0, 1, 9.158]
[48932.9, 1, 0.0, 1, 9.168]
[48932.9, 1, 0.0, 1, 9.199]
[48932.9, 1, 0.0, 1, 9.126]
[48932.9, 1, 0.0, 1, 9.16]
[48932.9, 1, 0.0, 1, 9.121]
[48932.9, 1, 0.0, 1, 9.265]
[48932.9, 1, 0.0, 1, 9.327]
[48932.9, 1, 0.0, 1, 9.166]
[48932.9, 1, 0.0, 1, 9.104]
[48932.9, 1, 0.0, 1, 9.245]
[48932.9, 1, 0.0, 1, 9.142]
[48932.9, 1, 0.0, 1, 9.28]
[48932.9, 1, 0.0, 1, 9.242]
[48932.9, 1, 0.0, 1, 9.24]
[48932.9, 1, 0.0, 1, 9.186]
[48932.9, 1, 0.0, 1, 9.164]
[48932.9, 1, 0.0, 1, 9.159]
[48932.9, 1, 0.0, 1, 9.148]
[48932.9, 1, 0.0, 1, 9.134]
[48932.9, 1, 0.0, 1, 9.168]
[48932.9, 1, 0.0, 1, 9.124]
[48932.9, 1, 0.0, 1, 9.195]
[48932.9, 1, 0.0, 1, 9.166]
[48932.9, 1, 0.0, 1, 9.142]
[48932.9, 1, 0.0, 1, 9.165]
[48932.9, 1, 0.0, 1, 9.232]
[48932.9, 1, 0.0, 1, 9.211]
[48932.9, 1, 0.0, 1, 9.25]
[48932.9, 1, 0.0, 1, 9.261]
[48932.9, 1, 0.0, 1, 9.324]
[48932.9, 1, 0.0, 1, 9.316]
[48932.9, 1, 0.0, 1, 9.308]
[48932.9, 1, 0.0, 1, 9.3]
[48932.9, 1, 0.0, 1, 9.254]
[48932.9, 1, 0.0, 1, 9.386]
[48932.9, 1, 0.0, 1, 9.398]
[48932.9, 1, 0.0, 1, 9.315]
[48932.9, 1, 0.0, 1, 9.299]
[48932.9, 1, 0.0, 1, 9.145]
[48932.9, 1, 0.0, 1, 9.198]
[48932.9, 1, 0.0, 1, 9.169]
[48932.9, 1, 0.0, 1, 9.149]
[48932.9, 1, 0.0, 1, 9.182]
[48932.9, 1, 0.0, 1, 9.172]
[48932.9, 1, 0.0, 1, 9.144]
[48932.9, 1, 0.0, 1, 9.138]
[48932.9, 1, 0.0, 1, 9.205]
[48932.9, 1, 0.0, 1, 9.132]
[48932.9, 1, 0.0, 1, 9.157]
[48932.9, 1, 0.0, 1, 9.202]
[48932.9, 1, 0.0, 1, 9.13]
[48932.9, 1, 0.0, 1, 9.202]
[48932.9, 1, 0.0, 1, 9.134]
[48932.9, 1, 0.0, 1, 9.156]
[48932.9, 1, 0.0, 1, 9.208]
[48932.9, 1, 0.0, 1, 9.151]
[48932.9, 1, 0.0, 1, 9.151]
[48932.9, 1, 0.0, 1, 9.148]
[48932.9, 1, 0.0, 1, 9.118]
[48932.9, 1, 0.0, 1, 9.203]
[48932.9, 1, 0.0, 1, 9.116]
[48932.9, 1, 0.0, 1, 9.152]
[48932.9, 1, 0.0, 1, 9.204]
[48932.9, 1, 0.0, 1, 9.556]
[48932.9, 1, 0.0, 1, 9.381]
[48932.9, 1, 0.0, 1, 9.157]
[48932.9, 1, 0.0, 1, 9.139]
[48932.9, 1, 0.0, 1, 9.155]
[48932.9, 1, 0.0, 1, 9.148]
[48932.9, 1, 0.0, 1, 9.199]
[48932.9, 1, 0.0, 1, 9.158]
[48932.9, 1, 0.0, 1, 9.111]
[48932.9, 1, 0.0, 1, 9.159]
[48932.9, 1, 0.0, 1, 9.153]
[48932.9, 1, 0.0, 1, 9.081]
[48932.9, 1, 0.0, 1, 9.104]
[48932.9, 1, 0.0, 1, 9.234]
[48932.9, 1, 0.0, 1, 9.091]
[48932.9, 1, 0.0, 1, 9.094]
[48932.9, 1, 0.0, 1, 9.292]
[48932.9, 1, 0.0, 1, 9.257]
[48932.9, 1, 0.0, 1, 9.271]
[48932.9, 1, 0.0, 1, 9.137]
[48932.9, 1, 0.0, 1, 9.125]
[48932.9, 1, 0.0, 1, 9.214]
[48932.9, 1, 0.0, 1, 9.183]
[48932.9, 1, 0.0, 1, 9.142]
[48932.9, 1, 0.0, 1, 9.224]
[48932.9, 1, 0.0, 1, 9.547]
[48932.9, 1, 0.0, 1, 9.559]
[48932.9, 1, 0.0, 1, 9.528]
[48932.9, 1, 0.0, 1, 9.56]
[48932.9, 1, 0.0, 1, 9.544]
[48932.9, 1, 0.0, 1, 9.518]
[48932.9, 1, 0.0, 1, 9.524]
[48932.9, 1, 0.0, 1, 9.61]
[48932.9, 1, 0.0, 1, 9.685]
[48932.9, 1, 0.0, 1, 9.549]
[48932.9, 1, 0.0, 1, 9.501]
[48932.9, 1, 0.0, 1, 9.546]
[48932.9, 1, 0.0, 1, 9.554]
[48932.9, 1, 0.0, 1, 9.665]
[48932.9, 1, 0.0, 1, 9.538]
[48932.9, 1, 0.0, 1, 9.57]
[48932.9, 1, 0.0, 1, 9.501]
[48932.9, 1, 0.0, 1, 9.608]
[48932.9, 1, 0.0, 1, 9.576]
[48932.9, 1, 0.0, 1, 9.55]
[48932.9, 1, 0.0, 1, 9.562]
[48932.9, 1, 0.0, 1, 9.503]
[48932.9, 1, 0.0, 1, 9.784]
[48932.9, 1, 0.0, 1, 9.655]
[48932.9, 1, 0.0, 1, 9.614]
[48932.9, 1, 0.0, 1, 9.474]
[48932.9, 1, 0.0, 1, 9.607]
[48932.9, 1, 0.0, 1, 9.531]
[48932.9, 1, 0.0, 1, 9.625]
[48932.9, 1, 0.0, 1, 9.612]
[48932.9, 1, 0.0, 1, 9.497]
[48932.9, 1, 0.0, 1, 9.578]
[48932.9, 1, 0.0, 1, 9.5]
[48932.9, 1, 0.0, 1, 9.71]
[48932.9, 1, 0.0, 1, 9.6]
[48932.9, 1, 0.0, 1, 9.513]
[48932.9, 1, 0.0, 1, 9.527]
[48932.9, 1, 0.0, 1, 9.321]
[48932.9, 1, 0.0, 1, 9.178]
[48932.9, 1, 0.0, 1, 9.239]
[48932.9, 1, 0.0, 1, 9.292]
[48932.9, 1, 0.0, 1, 9.181]
[48932.9, 1, 0.0, 1, 9.283]
[48932.9, 1, 0.0, 1, 9.279]
[48932.9, 1, 0.0, 1, 9.315]
[48932.9, 1, 0.0, 1, 9.196]
[48932.9, 1, 0.0, 1, 9.389]
[48932.9, 1, 0.0, 1, 9.158]
[48932.9, 1, 0.0, 1, 9.166]
[48932.9, 1, 0.0, 1, 9.294]
[48932.9, 1, 0.0, 1, 9.291]
[48932.9, 1, 0.0, 1, 9.186]
[48932.9, 1, 0.0, 1, 9.205]
[48932.9, 1, 0.0, 1, 9.241]
[48932.9, 1, 0.0, 1, 9.348]
[48932.9, 1, 0.0, 1, 9.188]
[48932.9, 1, 0.0, 1, 9.209]
[48932.9, 1, 0.0, 1, 9.248]
[48932.9, 1, 0.0, 1, 9.246]
[48932.9, 1, 0.0, 1, 9.154]
[48932.9, 1, 0.0, 1, 9.208]
[48932.9, 1, 0.0, 1, 9.192]
[48932.9, 1, 0.0, 1, 9.332]
[48932.9, 1, 0.0, 1, 9.254]
[48932.9, 1, 0.0, 1, 9.226]
[48932.9, 1, 0.0, 1, 9.617]
[48932.9, 1, 0.0, 1, 9.642]
[48932.9, 1, 0.0, 1, 9.646]
[48932.9, 1, 0.0, 1, 9.564]
[48932.9, 1, 0.0, 1, 9.609]
[48932.9, 1, 0.0, 1, 9.561]
[48932.9, 1, 0.0, 1, 9.643]
[48932.9, 1, 0.0, 1, 9.658]
[48932.9, 1, 0.0, 1, 9.654]
[48932.9, 1, 0.0, 1, 9.602]
[48932.9, 1, 0.0, 1, 9.735]
[48932.9, 1, 0.0, 1, 9.821]
[48932.9, 1, 0.0, 1, 9.802]
[48932.9, 1, 0.0, 1, 10.12]
[48932.9, 1, 0.0, 1, 9.673]
[48932.9, 1, 0.0, 1, 9.974]
[48932.9, 1, 0.0, 1, 9.658]
[48932.9, 1, 0.0, 1, 9.62]
[48932.9, 1, 0.0, 1, 10.042]
[48932.9, 1, 0.0, 1, 9.796]
[48932.9, 1, 0.0, 1, 9.626]
[48932.9, 1, 0.0, 1, 9.558]
[48932.9, 1, 0.0, 1, 9.792]
[48932.9, 1, 0.0, 1, 9.562]
[48932.9, 1, 0.0, 1, 9.754]
[48932.9, 1, 0.0, 1, 9.55]
[48932.9, 1, 0.0, 1, 9.562]
[48932.9, 1, 0.0, 1, 9.566]
[48932.9, 1, 0.0, 1, 9.526]
[48932.9, 1, 0.0, 1, 9.537]
[48932.9, 1, 0.0, 1, 9.488]
[48932.9, 1, 0.0, 1, 9.657]
[48932.9, 1, 0.0, 1, 9.547]
[48932.9, 1, 0.0, 1, 9.517]
[48932.9, 1, 0.0, 1, 9.522]
[48932.9, 1, 0.0, 1, 9.611]
[48932.9, 1, 0.0, 1, 9.291]
[48932.9, 1, 0.0, 1, 9.177]
[48932.9, 1, 0.0, 1, 9.308]
[48932.9, 1, 0.0, 1, 9.185]
[48932.9, 1, 0.0, 1, 9.275]
[48932.9, 1, 0.0, 1, 9.227]
[48932.9, 1, 0.0, 1, 9.189]
[48932.9, 1, 0.0, 1, 9.278]
[48932.9, 1, 0.0, 1, 9.246]
[48932.9, 1, 0.0, 1, 9.21]
[48932.9, 1, 0.0, 1, 9.183]
[48932.9, 1, 0.0, 1, 9.226]
[48932.9, 1, 0.0, 1, 9.18]
[48932.9, 1, 0.0, 1, 9.288]
[48932.9, 1, 0.0, 1, 9.216]
[48932.9, 1, 0.0, 1, 9.235]
[48932.9, 1, 0.0, 1, 9.222]
[48932.9, 1, 0.0, 1, 9.215]
[48932.9, 1, 0.0, 1, 9.202]
[48932.9, 1, 0.0, 1, 9.223]
[48932.9, 1, 0.0, 1, 9.17]
[48932.9, 1, 0.0, 1, 9.311]
[48932.9, 1, 0.0, 1, 9.439]
[48932.9, 1, 0.0, 1, 9.306]
[48932.9, 1, 0.0, 1, 9.291]
[48932.9, 1, 0.0, 1, 9.325]
[48932.9, 1, 0.0, 1, 9.372]
[48932.9, 1, 0.0, 1, 9.233]
[48932.9, 1, 0.0, 1, 9.307]
[48932.9, 1, 0.0, 1, 9.383]
[48932.9, 1, 0.0, 1, 9.233]
[48932.9, 1, 0.0, 1, 9.302]
[48932.9, 1, 0.0, 1, 9.223]
[48932.9, 1, 0.0, 1, 9.246]
[48932.9, 1, 0.0, 1, 9.279]
[48932.9, 1, 0.0, 1, 9.269]
[48932.9, 1, 0.0, 1, 9.212]
[48932.9, 1, 0.0, 1, 9.233]
[48932.9, 1, 0.0, 1, 9.239]
[48932.9, 1, 0.0, 1, 9.203]
[48932.9, 1, 0.0, 1, 9.208]
[48932.9, 1, 0.0, 1, 9.269]
[48932.9, 1, 0.0, 1, 9.201]
[48932.9, 1, 0.0, 1, 9.21]
[48932.9, 1, 0.0, 1, 9.254]
[48932.9, 1, 0.0, 1, 9.172]
[48932.9, 1, 0.0, 1, 9.307]
[48932.9, 1, 0.0, 1, 9.191]
[48932.9, 1, 0.0, 1, 9.255]
[48932.9, 1, 0.0, 1, 9.175]
[48932.9, 1, 0.0, 1, 9.553]
[48932.9, 1, 0.0, 1, 9.645]
[48932.9, 1, 0.0, 1, 9.705]
[48932.9, 1, 0.0, 1, 9.593]
[48932.9, 1, 0.0, 1, 9.57]
[48932.9, 1, 0.0, 1, 9.56]
[48932.9, 1, 0.0, 1, 9.548]
[48932.9, 1, 0.0, 1, 9.571]
[48932.9, 1, 0.0, 1, 9.533]
[48932.9, 1, 0.0, 1, 9.586]
[48932.9, 1, 0.0, 1, 9.533]
[48932.9, 1, 0.0, 1, 9.52]
[48932.9, 1, 0.0, 1, 9.67]
[48932.9, 1, 0.0, 1, 9.551]
[48932.9, 1, 0.0, 1, 9.481]
[48932.9, 1, 0.0, 1, 9.536]
[48932.9, 1, 0.0, 1, 9.503]
[48932.9, 1, 0.0, 1, 9.535]
[48932.9, 1, 0.0, 1, 9.619]
[48932.9, 1, 0.0, 1, 9.538]
[48932.9, 1, 0.0, 1, 9.47]
[48932.9, 1, 0.0, 1, 9.55]
[48932.9, 1, 0.0, 1, 9.506]
[48932.9, 1, 0.0, 1, 9.505]
[48932.9, 1, 0.0, 1, 9.478]
[48932.9, 1, 0.0, 1, 9.586]
[48932.9, 1, 0.0, 1, 9.525]
[48932.9, 1, 0.0, 1, 9.483]
[48932.9, 1, 0.0, 1, 9.52]
[48932.9, 1, 0.0, 1, 9.52]
[48932.9, 1, 0.0, 1, 9.524]
[48932.9, 1, 0.0, 1, 9.659]
[48932.9, 1, 0.0, 1, 9.479]
[48932.9, 1, 0.0, 1, 9.533]
[48932.9, 1, 0.0, 1, 9.575]
[48932.9, 1, 0.0, 1, 9.729]
[48932.9, 1, 0.0, 1, 9.589]
[48932.9, 1, 0.0, 1, 9.5]
[48932.9, 1, 0.0, 1, 9.475]
[48932.9, 1, 0.0, 8, 158.35]
[48932.9, 1, 0.0, 2, 37.429]
[48932.9, 1, 0.0, 3, 85.72]
[48932.9, 1, 0.0, 4, 100.427]
[48932.9, 1, 0.0, 3, 95.428]
[48932.9, 1, 0.0, 4, 51.974]
[48932.9, 1, 0.0, 2, 77.849]
[48932.9, 1, 0.0, 3, 67.157]
[48932.9, 1, 0.0, 3, 125.531]
[48932.9, 1, 0.0, 4, 66.414]
[48932.9, 1, 0.0, 3, 57.013]
[48932.9, 1, 0.0, 3, 52.989]
[48932.9, 1, 0.0, 3, 34.952]
[48932.9, 1, 0.0, 3, 28.887]
[48932.9, 1, 0.0, 2, 51.761]
[48932.9, 1, 0.0, 2, 19.572]
[48932.9, 1, 0.0, 3, 72.281]
[48932.9, 1, 0.0, 1, 15.041]
[48932.9, 1, 0.0, 2, 21.11]
[48932.9, 1, 0.0, 3, 73.481]
