%% File generated by CATS v.2.1Thu Apr  8 18:27:08 2021

%% The CATS webpage is http://robotics.stanford.edu/CATS

%% PARAMETER SETTINGS:
% Goods: 50; Bids: 100; Distribution: L1; Runs: 1; Seed: 1618012822
% Legacy distribution parameters:
% Number of goods chosen according to Random distribution.
% Price chosen according to Fixed Random distribution (low_fixed = 0, high_fixed = 1000).


goods 50
bids 100
dummy 0

0	155.085	31	#
1	964.933	26	#
2	853.085	15	37	#
3	976.898	25	#
4	881.958	8	12	18	47	#
5	577.99	35	#
6	775.544	46	#
7	730.325	2	9	10	11	35	37	39	#
8	889.238	0	1	2	4	9	14	20	29	33	37	38	39	40	43	44	#
9	954.743	3	7	9	11	41	49	#
10	291.087	7	10	12	14	16	17	24	28	29	47	#
11	777.832	1	9	12	16	17	20	23	24	28	31	34	36	37	38	41	42	43	44	#
12	553.3	0	47	#
13	912.879	5	#
14	811.502	14	30	#
15	977.562	0	1	2	4	5	8	9	10	11	12	13	15	16	18	19	21	22	29	32	33	34	35	38	39	41	42	43	45	46	47	48	#
16	779.259	2	10	11	23	24	29	31	32	33	35	36	38	46	47	#
17	917.168	3	13	22	34	38	48	49	#
18	870.49	6	43	#
19	940.617	2	18	29	#
20	353.2	8	13	19	23	33	39	#
21	129.28	11	24	30	#
22	965.127	1	10	23	28	33	37	40	49	#
23	474.07	2	14	17	27	28	31	41	44	#
24	842.589	0	1	3	7	11	15	17	18	19	24	31	43	45	#
25	975.609	7	15	19	33	#
26	782.778	2	4	6	9	13	14	16	20	22	33	42	46	#
27	579.257	4	8	13	27	28	32	38	40	47	49	#
28	827.41	2	21	32	35	#
29	933.735	0	4	9	14	16	17	18	19	24	29	30	32	33	36	39	42	43	44	48	49	#
30	395.585	32	#
31	275.059	23	48	#
32	976.041	3	7	8	10	13	15	16	22	23	24	27	29	31	33	34	37	39	40	42	46	49	#
33	985.413	0	1	2	6	9	11	13	14	15	16	20	22	23	26	30	32	41	42	44	46	49	#
34	396.227	2	11	15	30	40	43	#
35	817.796	1	6	8	14	15	24	32	36	38	47	48	#
36	456.429	19	28	40	44	47	#
37	998.472	2	3	4	7	10	11	12	13	15	16	17	18	20	21	24	28	32	34	35	38	40	43	45	46	48	#
38	154.108	0	4	7	12	13	17	18	24	34	36	40	41	#
39	838.201	1	6	14	16	23	27	28	32	36	47	49	#
40	994.9	0	6	9	10	14	17	21	23	24	26	32	33	37	40	42	45	46	49	#
41	973.383	6	9	22	32	37	39	42	47	#
42	988.621	0	8	13	15	17	18	19	24	26	28	29	33	34	36	37	39	40	43	48	49	#
43	971.132	0	5	9	11	14	23	24	27	41	46	#
44	399.528	2	14	20	28	31	42	43	45	#
45	253.272	36	44	48	#
46	418.772	13	14	20	36	38	39	40	45	#
47	681.595	9	10	12	43	#
48	967.483	2	6	7	9	14	15	16	17	18	20	21	23	24	26	30	31	32	34	35	38	40	42	43	44	45	46	#
49	192.357	3	8	28	38	#
50	265.92	29	31	37	#
51	579.35	10	15	30	48	#
52	698.635	0	1	3	4	9	10	11	18	19	21	30	35	42	44	47	#
53	993.927	0	1	2	4	6	8	11	13	14	15	16	17	18	19	20	21	22	23	24	25	26	27	28	29	30	31	32	33	34	35	39	42	45	47	48	#
54	705.369	7	21	23	27	37	45	#
55	365.51	4	12	14	22	40	44	48	#
56	736.57	2	28	30	38	39	#
57	149.598	9	10	29	33	#
58	286.333	14	24	#
59	980.112	0	1	4	6	8	12	17	19	20	23	24	25	26	30	33	35	37	38	47	#
60	967.035	0	1	2	3	7	18	19	21	24	29	30	31	32	33	36	37	39	43	46	#
61	806.315	10	11	13	17	42	47	#
62	854.316	9	12	16	23	27	30	32	33	34	44	47	48	#
63	767.693	13	15	16	27	29	32	35	38	39	40	41	43	44	47	#
64	26.5676	7	#
65	993.148	4	14	18	19	20	25	34	35	37	#
66	322.732	4	16	23	41	#
67	993.826	0	1	2	3	4	5	6	8	11	13	14	16	19	20	21	22	23	24	25	29	30	34	35	36	38	40	41	42	43	44	45	46	47	49	#
68	654.161	19	38	41	#
69	495.751	6	32	33	44	#
70	134.568	1	37	#
71	324.556	2	17	36	#
72	950.602	13	36	44	#
73	888.485	0	4	6	9	10	11	12	13	15	16	20	21	22	23	28	29	30	32	34	36	37	41	42	43	45	46	47	49	#
74	471.678	4	8	13	16	#
75	925.744	3	8	12	13	18	20	33	36	#
76	444.283	7	8	9	10	11	14	20	22	31	32	34	36	37	39	41	43	44	48	49	#
77	866.872	0	1	6	10	19	20	33	34	38	40	41	42	45	47	48	49	#
78	769.752	7	12	23	28	34	49	#
79	11.2779	21	#
80	98.5962	0	8	28	#
81	472.136	8	16	47	#
82	368.996	29	38	#
83	836.224	2	13	15	31	44	#
84	523.244	1	11	13	16	17	19	36	37	41	#
85	382.329	3	4	14	17	23	28	29	49	#
86	648.865	1	3	12	21	22	28	29	30	31	32	38	42	#
87	985.704	0	1	4	11	12	13	16	22	23	26	27	28	29	30	34	35	36	38	41	43	45	#
88	61.7244	8	10	21	45	48	#
89	856.7	14	15	18	20	35	36	44	48	#
90	984.516	4	7	11	16	21	28	36	37	#
91	89.0168	19	45	#
92	608.129	0	3	4	6	7	9	12	13	15	28	29	31	33	36	38	49	#
93	391.052	8	9	11	21	23	24	30	43	47	#
94	877.515	1	12	18	35	#
95	158.608	4	7	11	22	24	28	31	41	43	#
96	830.336	6	9	14	16	17	18	21	23	28	31	32	33	35	36	38	39	44	46	47	#
97	803.914	0	18	27	28	#
98	691.024	1	8	14	19	21	22	34	36	38	39	49	#
99	745.074	0	4	11	12	14	31	38	44	#
