%% File generated by CATS v.2.1Thu Apr  8 18:23:15 2021

%% The CATS webpage is http://robotics.stanford.edu/CATS

%% PARAMETER SETTINGS:
% Goods: 250; Bids: 1000; Distribution: L6; Runs: 1; Seed: 1618012423
% Legacy distribution parameters:
% Number of goods chosen according to Exponential distribution (q = 5).
% Price chosen according to Linear Random distribution (low_linearly = 1, high_linearly = 1000).


goods 250
bids 1000
dummy 0

0	448.276	106	#
1	15878.5	35	59	73	88	93	120	127	129	133	134	149	177	221	225	233	244	#
2	2285.88	2	16	76	103	125	128	138	216	239	#
3	402.037	239	#
4	1139.05	145	243	#
5	1547.75	50	62	87	96	97	115	118	119	131	158	172	173	175	183	184	196	199	212	236	238	#
6	216.337	154	#
7	880.351	107	#
8	905.606	198	200	201	228	235	#
9	11219.3	36	41	53	58	117	173	190	195	203	209	210	220	223	#
10	4398.15	2	8	150	168	193	203	237	#
11	1996.23	158	176	195	#
12	1855.17	5	202	#
13	2166.46	6	12	59	74	91	112	125	172	173	204	216	#
14	1747.96	76	217	234	#
15	1114.47	106	159	#
16	965.439	233	#
17	3611.43	13	64	71	169	197	#
18	1664.98	112	142	#
19	2885.16	173	211	220	#
20	4526.19	46	59	67	123	176	183	214	#
21	1562.57	68	185	241	#
22	5884.22	21	73	82	90	126	142	162	164	169	#
23	256.062	163	#
24	892.958	61	#
25	2990.74	55	112	174	#
26	10249	19	42	51	76	100	104	107	116	117	138	159	162	176	216	242	#
27	5865.08	38	86	127	161	224	234	240	#
28	5423.55	21	31	68	121	131	145	175	#
29	616.127	218	#
30	89.8594	93	#
31	602.12	33	#
32	5916.91	8	39	67	126	199	213	#
33	15001.1	8	22	30	62	65	69	73	78	83	85	120	143	146	203	235	236	#
34	13097.8	31	35	38	59	95	97	100	104	123	184	219	234	240	242	249	#
35	1860.83	83	105	133	153	196	220	#
36	977.19	145	#
37	491.848	0	#
38	610.28	134	#
39	2704.12	38	55	67	159	161	#
40	275.44	146	232	#
41	4033.89	9	79	84	137	207	219	239	#
42	4961.03	19	100	144	156	185	237	244	#
43	848.604	133	#
44	1564.46	20	41	51	85	98	138	#
45	2325.83	13	122	162	226	#
46	292.805	30	#
47	1916.33	58	95	#
48	5168.31	55	113	124	137	177	198	#
49	1800.81	42	93	108	133	203	#
50	1554.58	35	40	53	55	101	118	133	192	239	#
51	2341.23	4	51	52	101	180	#
52	5568.66	25	46	50	64	92	159	162	164	167	194	#
53	864.087	136	#
54	5419.53	70	100	159	174	196	232	#
55	4630.97	75	82	100	143	167	#
56	4834.01	17	27	34	51	122	#
57	4810.83	57	68	75	159	248	#
58	708.497	115	#
59	1791.74	119	215	#
60	1082.94	72	105	203	#
61	3239.58	67	75	78	99	#
62	1731.27	57	74	80	143	144	#
63	2580.44	139	172	203	#
64	4364.86	33	80	85	156	238	#
65	8751.11	10	25	83	102	176	177	193	195	244	#
66	3852.19	29	66	102	137	138	#
67	16117	9	30	32	33	46	83	92	95	100	101	150	167	206	211	222	244	246	248	#
68	8682.47	9	10	29	40	49	50	52	58	62	71	77	87	106	113	122	133	135	140	155	156	207	213	239	#
69	314.118	13	#
70	8952.73	26	31	66	76	91	94	131	144	180	184	#
71	2319.58	10	93	220	#
72	1120.26	102	141	188	189	#
73	960.957	206	#
74	2257.87	30	70	116	201	#
75	4009.82	40	122	156	165	214	231	#
76	6169	70	145	151	157	166	195	230	#
77	922.311	15	52	139	160	#
78	962.011	170	#
79	4693.25	31	84	113	204	205	206	225	#
80	302.467	80	#
81	6071.62	3	25	69	144	163	191	204	#
82	1444.31	145	199	#
83	160.481	62	#
84	1707.56	34	96	231	#
85	540.045	159	#
86	903.156	193	#
87	2742.63	24	33	129	163	#
88	2072.62	1	53	152	#
89	1458.14	34	171	185	#
90	776.185	200	#
91	1313.79	11	40	#
92	161.931	11	34	#
93	1248.24	4	46	53	63	93	100	145	188	198	248	#
94	961.901	212	#
95	809.596	22	#
96	992.659	234	#
97	5361.86	66	89	99	124	143	175	#
98	880.425	237	#
99	1321.7	152	195	#
100	671.382	49	164	#
101	18014.9	2	3	10	21	43	63	66	69	74	115	120	136	139	152	181	183	187	210	241	244	#
102	6386.62	3	38	43	54	101	107	188	190	208	#
103	861.119	60	#
104	509.069	75	240	#
105	467.498	168	#
106	1033.47	96	108	#
107	4848.8	44	78	203	221	248	#
108	518.021	179	#
109	2269.27	20	29	89	112	149	230	235	#
110	236.116	130	#
111	467.121	112	#
112	889.928	117	#
113	3017.04	16	17	63	98	123	184	226	235	#
114	2608.19	75	105	234	#
115	6568.09	4	16	31	52	93	97	98	189	209	223	230	241	#
116	3158.73	42	70	83	182	212	231	#
117	247.684	2	#
118	623.69	174	#
119	2671.01	52	76	134	180	#
120	989.036	20	#
121	6314.6	41	46	74	97	106	108	112	115	198	217	#
122	1158.04	6	89	223	#
123	1879.13	133	229	#
124	4369.95	133	144	198	228	244	#
125	2704.62	61	85	200	227	#
126	394.024	152	222	#
127	961.586	26	31	203	#
128	107.438	210	#
129	114.213	161	#
130	1986.3	73	105	#
131	2046.96	93	150	176	186	223	#
132	2389.53	188	201	235	#
133	1009.36	11	24	142	#
134	4587.2	72	73	102	125	164	178	#
135	1381.79	170	240	#
136	1992.44	10	51	67	84	143	196	208	244	#
137	648.445	56	#
138	2412.01	155	169	178	#
139	2987.03	30	58	69	78	89	203	212	236	246	#
140	34054	178	158	172	11	74	12	150	50	46	206	58	18	91	60	55	167	239	99	210	106	185	67	21	192	69	31	198	133	84	195	209	215	56	163	61	#
141	4920.18	2	16	80	114	138	232	#
142	1467.68	133	203	215	#
143	784.003	66	#
144	2037.69	75	76	247	#
145	12549.7	24	46	52	66	72	92	106	121	125	141	142	144	149	177	196	#
146	762.204	83	#
147	8236.08	29	41	58	73	74	91	118	144	166	175	222	232	242	#
148	491	196	#
149	2607.78	74	117	207	#
150	655.327	51	#
151	935.178	181	#
152	3022.26	98	133	155	180	195	#
153	1205.02	138	225	#
154	1255.86	136	239	#
155	216.394	105	#
156	5204.87	5	9	50	67	68	75	147	186	191	198	201	206	216	#
157	485.053	144	#
158	13109.1	10	11	26	41	49	50	55	72	85	103	109	112	118	131	148	154	181	182	185	207	243	246	#
159	2430.37	30	57	234	235	238	#
160	1636.1	90	174	#
161	1678.57	63	244	#
162	872.927	32	105	208	#
163	1690.73	42	98	203	#
164	961.989	123	#
165	3512.04	139	162	183	231	#
166	3926.14	28	97	173	243	#
167	1200.48	97	131	197	206	214	215	#
168	8369.58	9	32	64	67	73	94	159	187	190	#
169	407.882	18	#
170	4642.43	9	21	51	82	94	134	156	217	#
171	6320.73	58	99	124	147	169	187	194	195	204	217	219	#
172	2806.39	81	197	228	#
173	9437.95	7	89	122	132	136	148	159	198	210	235	#
174	7525.3	15	24	25	46	84	117	138	141	155	171	185	230	#
175	3881.8	6	54	110	167	#
176	5761.81	6	41	94	133	140	170	184	192	199	#
177	2947.93	144	158	175	185	247	#
178	808.315	14	#
179	5050.3	7	89	91	167	239	242	243	#
180	995.641	21	#
181	6244.28	11	26	39	46	58	133	170	#
182	368.633	243	#
183	876.34	70	#
184	13566.4	22	23	24	35	39	47	49	70	92	125	126	137	144	152	164	183	184	188	191	196	215	217	218	226	234	241	#
185	4707.5	70	81	139	198	204	#
186	13953.1	9	29	34	39	51	66	74	107	115	136	169	188	224	239	#
187	2390.18	43	88	97	249	#
188	555.957	37	#
189	2336.97	33	100	109	123	127	146	165	184	188	232	234	#
190	998.329	85	#
191	492.356	7	#
192	2327.04	35	37	38	53	57	116	147	#
193	8974.63	19	20	56	61	74	166	190	246	248	#
194	3768.37	44	74	75	85	100	105	114	130	142	143	172	187	191	196	200	234	239	240	#
195	9192.31	27	40	58	64	68	77	82	94	106	136	170	171	#
196	3669.7	61	122	143	153	177	211	#
197	295.884	1	#
198	6178.59	2	34	49	61	64	81	96	130	165	193	223	233	#
199	394.591	12	#
200	1879.16	37	99	106	#
201	4081.15	51	80	97	98	136	162	197	234	#
202	1676.57	69	171	174	#
203	3811.82	9	15	206	230	#
204	8894.48	20	42	61	69	107	154	155	159	207	219	#
205	349.345	192	#
206	3494.04	57	95	112	199	#
207	8879.57	12	40	42	47	48	88	96	143	187	#
208	1005.62	18	30	189	#
209	4131.41	15	53	60	76	109	158	163	173	223	244	#
210	2346.35	21	143	149	153	184	238	244	#
211	2714.7	32	192	208	#
212	883.288	196	228	#
213	11128.6	3	19	32	62	83	91	112	128	137	157	169	176	186	190	211	242	#
214	1267.01	78	185	#
215	6945.3	13	34	134	174	196	236	242	#
216	992.655	244	#
217	581.722	16	139	#
218	768.559	9	210	#
219	305.5	67	#
220	2450.71	165	240	249	#
221	412.732	32	#
222	13683.4	5	21	62	65	82	91	93	97	100	101	114	116	127	153	168	177	179	183	211	213	236	238	241	#
223	660.667	147	#
224	1296.92	87	243	#
225	2986.57	52	121	130	247	#
226	1987.84	150	163	#
227	666.674	238	#
228	7929.29	7	15	19	92	105	141	164	229	241	#
229	891.507	102	#
230	1684.75	97	177	#
231	3009.01	102	103	114	142	195	#
232	4423.92	42	45	47	72	112	115	122	140	149	160	186	192	213	234	#
233	1964.99	22	70	142	#
234	1282.84	8	142	165	206	220	233	#
235	2499.86	4	69	112	#
236	5434.46	76	82	83	88	94	135	162	190	210	#
237	738.489	138	218	#
238	1582.93	4	70	203	225	#
239	8031.6	1	40	48	58	83	98	136	149	158	163	175	186	189	197	212	223	231	249	#
240	214.226	241	#
241	4106.73	28	66	70	73	159	172	245	#
242	49.7382	202	#
243	12032.9	14	21	49	89	95	96	97	98	140	141	170	181	192	194	199	#
244	910.253	140	#
245	993.683	91	100	248	#
246	2879.16	93	163	175	240	#
247	2525.7	44	102	140	234	#
248	6100.4	1	29	33	37	61	63	69	83	139	161	238	#
249	2033.07	58	93	168	#
250	769.441	76	#
251	355.466	204	#
252	4093.36	16	52	59	73	110	161	200	#
253	2602.58	28	35	67	111	178	210	229	#
254	761.401	51	241	#
255	4364.31	1	63	75	92	130	160	196	201	#
256	5374.58	68	77	80	95	96	99	109	125	241	#
257	4694.23	37	39	64	120	141	#
258	3306.27	67	116	214	229	#
259	1111.09	208	217	246	#
260	6912.09	42	79	130	134	157	170	176	186	201	205	240	#
261	2243.58	10	63	219	#
262	912.519	14	98	99	125	#
263	632.947	134	189	224	241	#
264	5354.87	3	11	13	58	79	86	91	124	161	163	210	211	220	#
265	12924.6	5	14	24	33	70	71	97	113	140	141	149	151	154	166	175	176	179	189	197	200	204	227	#
266	1906.16	46	83	90	132	#
267	2762.33	4	127	197	#
268	1525.49	16	18	57	71	147	177	194	225	228	#
269	885.069	131	#
270	760.575	79	#
271	1163.1	29	198	236	#
272	4404.51	3	53	70	78	120	134	186	219	241	#
273	6472.6	0	39	167	181	199	220	243	#
274	3592.12	22	25	128	213	#
275	2292.97	120	207	212	217	#
276	3955.31	2	33	119	226	#
277	2403.94	6	107	148	157	#
278	2192.19	129	136	226	#
279	3436.88	29	91	111	237	#
280	545.65	63	#
281	923.559	59	68	#
282	9196.63	2	9	11	12	16	49	78	80	86	102	125	142	157	185	189	204	246	#
283	3468.57	72	107	136	140	#
284	15271.3	20	37	52	60	62	64	72	75	99	147	156	182	203	211	224	225	236	#
285	11114.7	23	26	33	52	57	63	115	123	129	130	131	155	161	195	203	205	206	241	246	#
286	675.636	97	194	#
287	1456.05	162	169	#
288	5796.82	32	46	83	232	243	246	#
289	2227.83	163	194	203	#
290	6688.27	31	67	109	120	166	197	198	#
291	3773.6	95	173	222	242	#
292	1664.15	13	136	221	241	#
293	1636.28	24	31	122	185	#
294	1745.88	129	209	222	#
295	3934.24	22	45	145	151	156	179	219	231	#
296	994.525	74	#
297	4708.22	119	142	178	191	228	240	245	#
298	866.058	126	146	#
299	3217.57	2	80	100	198	222	#
300	6859.82	22	97	114	129	161	186	202	245	#
301	672.474	95	#
302	14431.4	0	9	11	23	30	53	55	91	92	105	126	134	162	175	197	#
303	1819.42	15	31	109	113	135	136	153	186	218	243	#
304	808.147	48	#
305	4311.97	87	111	184	196	205	208	219	#
306	3411.05	78	87	96	211	243	#
307	182.715	92	#
308	5928.41	10	11	21	27	41	56	64	67	73	91	96	99	141	156	162	165	170	215	216	227	230	239	241	#
309	482.507	221	#
310	2417.09	5	11	117	186	#
311	1521.29	62	76	143	159	#
312	11347.1	18	32	88	92	129	163	188	213	216	222	223	246	248	#
313	4736.01	1	8	26	48	68	88	104	105	127	139	159	168	231	244	#
314	1214.95	41	97	189	#
315	2794.83	42	72	108	178	244	#
316	4604.62	6	96	126	189	214	221	#
317	507.427	171	#
318	2009.59	27	72	77	#
319	2311.34	88	164	178	#
320	1006.67	12	115	186	#
321	4768.38	35	59	100	101	108	125	156	223	#
322	2616.76	12	17	43	60	69	80	117	125	151	155	171	189	193	#
323	845.228	126	174	#
324	2260.79	51	197	225	#
325	2077.15	4	57	90	156	160	215	#
326	531.427	98	186	#
327	812.033	17	33	#
328	3582.29	53	141	143	201	205	212	230	#
329	2019.8	41	102	145	152	202	234	247	#
330	15043.2	3	8	11	23	42	66	69	71	72	86	102	116	124	134	149	155	177	185	191	192	196	198	223	232	#
331	964.538	26	186	#
332	4376.78	29	32	39	84	91	105	141	161	179	192	213	214	221	232	#
333	3193.02	32	49	55	64	193	210	231	#
334	4454.32	13	37	77	119	162	#
335	1783.35	37	47	#
336	910.044	111	#
337	3243.91	86	94	129	145	151	193	226	249	#
338	908.497	172	#
339	3373.37	28	31	41	134	#
340	273.465	46	#
341	2903.54	37	85	104	214	#
342	1935.68	5	47	89	#
343	10151	7	18	35	53	62	90	99	121	126	156	187	188	206	227	#
344	3478.56	33	75	139	185	210	#
345	2995.42	186	190	244	#
346	4021.91	94	132	144	155	165	198	215	222	#
347	1404.72	61	64	98	99	133	134	180	#
348	972.579	89	104	110	205	#
349	2503.36	132	203	206	#
350	4805.8	12	59	65	94	98	#
351	8894.46	5	9	20	40	87	92	171	173	178	186	192	193	198	214	217	#
352	581.654	7	144	161	199	209	#
353	549.29	23	#
354	5972.19	8	28	34	204	218	227	#
355	4340.16	17	69	83	101	143	#
356	6515.98	4	39	90	186	188	213	220	223	243	246	#
357	3787.64	67	74	88	124	183	194	243	244	#
358	1138.97	5	53	#
359	11079.8	1	4	18	26	83	147	154	157	172	173	177	219	231	248	249	#
360	2294.92	3	80	203	#
361	593.867	126	#
362	1579.8	44	177	#
363	2394.12	47	52	166	#
364	1372.21	18	121	133	168	#
365	7410.7	1	28	37	41	80	102	103	130	146	149	151	222	#
366	306.982	153	#
367	1251.98	195	221	#
368	479.603	38	#
369	800.519	191	#
370	2870.32	16	17	18	27	35	37	41	67	83	84	87	92	106	162	176	177	182	208	223	#
371	3144.31	27	32	36	56	99	147	#
372	1275.16	53	83	85	94	114	115	#
373	3754.95	42	51	62	118	173	177	193	221	248	#
374	1982.58	199	208	238	#
375	117.383	213	235	242	#
376	3042.61	101	123	131	203	#
377	9214.98	8	48	93	97	110	128	151	161	175	201	#
378	1386.46	17	52	196	#
379	1939.31	165	232	237	#
380	1970.38	2	98	152	173	183	240	#
381	1232.36	49	139	#
382	4640.24	10	30	45	105	118	#
383	877.879	103	#
384	5068.2	1	9	18	95	107	195	224	228	243	#
385	1600.45	22	84	#
386	423.824	139	229	#
387	604.61	44	#
388	1567.35	103	220	#
389	3768.51	4	52	77	84	95	107	114	127	150	194	211	220	#
390	2057.61	9	89	113	115	128	130	178	227	#
391	5172.72	74	84	105	151	237	238	249	#
392	3669.9	12	103	117	121	160	218	239	#
393	1150.53	63	245	#
394	614.109	71	#
395	1004.58	9	22	44	46	123	189	192	242	#
396	933.079	236	#
397	3548.46	34	164	207	231	249	#
398	678.299	230	#
399	1169.23	15	61	80	82	100	145	179	#
400	1602.59	14	34	47	56	69	84	182	219	#
401	447.055	80	121	#
402	328.816	177	#
403	3655.11	9	19	22	88	130	165	178	185	186	217	237	245	#
404	2192.64	12	30	31	113	114	131	177	#
405	2624.37	17	39	109	176	195	#
406	55.7323	118	#
407	7961.99	0	19	20	32	59	63	67	76	110	119	137	148	149	154	174	195	196	213	219	220	#
408	5130.19	21	84	124	130	160	181	219	#
409	2821.3	23	29	32	39	68	#
410	819.321	53	114	121	#
411	214.475	19	#
412	1932.11	15	27	82	97	106	157	233	#
413	1194.5	16	55	76	126	#
414	4449.98	1	60	69	92	99	#
415	476.664	188	#
416	4578.42	19	33	72	133	135	151	235	237	248	#
417	5528.56	42	50	60	121	200	234	#
418	6837.12	1	8	40	60	61	91	95	108	129	134	137	141	148	157	159	181	198	201	202	205	215	222	#
419	4595.55	10	73	108	129	154	#
420	2105.93	30	40	121	130	189	247	#
421	7209.86	23	29	32	116	149	161	166	204	#
422	5041.36	10	35	48	53	72	88	100	102	106	109	123	134	137	138	149	150	157	158	160	167	175	190	191	214	229	233	#
423	1140.49	2	115	183	#
424	2311.11	1	4	16	32	48	52	64	94	130	142	157	222	#
425	374.395	88	#
426	6691.21	4	44	79	114	205	211	213	#
427	4951.14	36	92	97	180	187	247	#
428	3662.69	0	65	213	217	#
429	2229.54	1	20	185	#
430	996.832	27	29	83	91	109	116	156	173	183	204	240	#
431	5672.38	6	47	61	69	120	176	178	211	#
432	7584.29	25	55	78	84	92	169	175	235	#
433	456.029	84	142	#
434	5292.75	45	67	74	101	110	229	#
435	2251.27	5	101	227	230	239	#
436	9806.06	19	29	45	57	59	71	137	175	221	240	#
437	4970.83	20	83	104	121	138	168	249	#
438	1176.74	75	135	158	#
439	3648.23	19	22	52	64	216	218	#
440	1728.81	106	215	#
441	3958.95	71	79	113	124	136	232	#
442	8424.47	13	133	153	183	198	202	208	247	249	#
443	4985.28	9	96	120	146	189	#
444	1043.01	79	119	#
445	1210.54	18	46	151	229	#
446	2908.65	0	15	27	67	70	75	76	234	#
447	773.275	17	118	148	159	221	#
448	1918.85	15	21	42	85	92	95	103	115	140	141	162	168	189	#
449	3051.54	71	180	189	229	#
450	3555.07	30	77	114	117	165	203	#
451	1449.54	130	214	#
452	11683.4	39	44	80	83	84	103	126	156	180	194	206	220	239	#
453	5145.81	4	41	53	93	140	148	176	184	#
454	2827.01	5	92	176	#
455	4730.27	56	99	100	171	197	236	#
456	606.424	89	#
457	6092.98	13	29	72	102	193	204	230	#
458	2518.98	26	92	105	109	170	183	#
459	2916.51	67	170	218	#
460	1505.06	83	243	#
461	2253.76	11	16	87	125	222	234	#
462	12176.7	24	64	73	74	102	105	109	113	167	183	195	207	230	245	#
463	638.568	156	#
464	489.185	186	#
465	3349.37	79	81	89	102	235	#
466	865.793	77	#
467	1384.49	47	70	#
468	1350.49	124	146	#
469	1108.52	85	124	126	211	#
470	630.488	90	#
471	1757.42	96	216	#
472	865.154	17	69	94	154	198	201	#
473	2917.68	100	111	150	181	190	211	#
474	1553.34	106	239	#
475	6397.68	12	13	74	81	91	187	228	231	245	#
476	2802.99	36	73	142	#
477	1843.57	110	144	215	#
478	407.571	189	#
479	981.334	13	44	143	154	200	242	#
480	1291.5	113	138	150	194	228	#
481	6704.93	3	18	55	103	109	113	132	138	249	#
482	1633.93	184	241	#
483	779.772	94	173	245	#
484	1599.08	4	128	#
485	2945.84	28	41	175	#
486	3529.13	13	20	25	45	47	53	161	249	#
487	1066.65	160	166	#
488	186.897	129	#
489	7409.2	13	35	56	94	152	178	215	225	245	#
490	352.657	110	#
491	5898.82	8	95	126	152	206	210	#
492	2818.88	92	183	242	#
493	1196.27	32	38	46	123	224	#
494	3488.59	9	41	56	58	73	108	112	129	159	183	187	197	200	207	222	#
495	1077.62	0	18	32	36	50	110	235	#
496	1256.11	50	231	#
497	1845.89	9	31	40	46	47	56	82	86	90	98	106	119	142	145	154	160	162	205	208	222	#
498	1237.55	122	191	#
499	907.013	190	#
500	988.999	48	52	69	90	93	95	122	124	127	185	227	#
501	2650.51	12	30	32	85	104	136	190	207	219	#
502	2151.24	125	154	175	#
503	878.317	62	153	#
504	4.60121	155	#
505	4999.71	86	90	116	137	170	#
506	7152.79	23	25	28	31	36	46	57	126	131	148	153	157	216	#
507	1853.11	3	141	#
508	1426.99	60	86	141	#
509	1151.69	59	213	#
510	5825.15	76	87	126	134	137	208	#
511	506.199	114	#
512	891.506	36	37	64	149	246	#
513	1843.83	111	169	179	#
514	1934.17	178	222	#
515	4562.34	22	28	91	119	159	208	#
516	2135	28	123	223	#
517	1173.68	44	201	222	#
518	6952.65	10	13	14	19	59	62	78	81	107	189	201	202	203	220	223	224	238	239	#
519	1631.48	91	148	191	205	#
520	30.3457	165	#
521	1586.43	6	31	#
522	1471.18	42	63	87	193	#
523	417.106	3	#
524	1958.11	40	64	122	136	235	#
525	3536.95	18	34	61	116	144	171	#
526	381.507	75	183	#
527	1545.46	165	170	#
528	1628.39	57	70	115	#
529	5305.34	8	26	108	150	201	247	#
530	647.908	151	#
531	653.898	10	169	243	#
532	14631.7	6	16	83	95	101	129	139	157	166	168	171	174	209	213	214	219	243	#
533	8841.7	23	35	53	61	68	84	96	150	191	205	220	232	234	#
534	1391.99	3	107	168	215	#
535	1573.38	39	170	182	203	#
536	1600.76	79	123	#
537	1699.64	14	73	131	161	185	#
538	431.113	87	#
539	5855.84	31	94	102	121	130	180	207	214	241	#
540	1540.44	0	63	107	#
541	1309.14	90	222	#
542	12137.1	3	39	65	133	144	148	161	162	187	189	229	236	248	#
543	9415.64	52	69	71	84	98	134	137	146	197	209	226	243	249	#
544	1797.78	24	222	#
545	1432.99	0	29	86	135	181	243	#
546	195.083	231	#
547	3128.49	1	103	148	178	236	#
548	1923.53	95	102	120	#
549	3224.22	0	18	117	124	#
550	731.173	201	#
551	1163.76	132	164	#
552	1608.97	15	29	115	118	133	146	147	149	#
553	4658.6	76	85	101	127	128	195	242	245	#
554	742.223	80	220	#
555	2375.4	78	80	104	107	110	143	183	221	#
556	1974.84	29	115	121	227	#
557	19280.4	3	42	51	60	62	74	77	100	110	136	144	152	173	174	179	194	199	216	231	235	243	247	#
558	757.85	122	249	#
559	605.629	0	36	108	#
560	1892.1	37	81	#
561	18445.9	18	36	60	70	76	97	100	111	132	134	138	167	172	178	182	201	218	223	231	#
562	6461.24	30	56	71	85	183	199	204	#
563	3840.62	14	46	173	179	215	#
564	943.131	65	#
565	1978.77	122	166	#
566	2715.65	78	184	219	#
567	5197.87	29	82	105	120	122	127	168	228	234	#
568	863.749	4	199	#
569	6200.19	19	53	57	67	77	84	97	126	211	216	#
570	7005.46	43	70	93	94	110	115	188	228	232	#
571	1537.27	33	52	57	59	98	145	147	188	199	238	#
572	6779.35	7	15	22	52	90	103	124	185	195	211	213	#
573	5764.35	28	35	45	136	173	185	225	#
574	11060.3	5	21	65	68	70	78	88	109	136	143	173	193	244	246	#
575	5588.12	5	20	26	37	96	107	131	171	187	194	203	#
576	10760.2	40	58	59	63	81	99	113	123	163	185	243	#
577	4515.47	29	36	45	51	60	71	75	89	105	137	149	198	201	202	243	#
578	11951.9	13	19	21	26	49	50	52	53	88	103	136	144	152	161	166	213	228	234	243	#
579	48.1524	232	#
580	1805.65	34	72	211	#
581	1478.02	68	108	193	222	231	#
582	4612.47	48	56	94	118	119	161	#
583	247.273	113	#
584	2434.15	13	82	158	#
585	1030.15	24	151	#
586	878.907	45	219	242	#
587	4355.87	5	67	78	80	170	#
588	3673.38	26	40	97	160	162	197	208	#
589	10459.8	13	41	75	81	83	108	115	122	133	162	174	197	225	232	#
590	485.686	6	125	249	#
591	3271.32	87	99	217	218	221	#
592	1027.87	15	99	103	136	#
593	4929.19	58	64	138	140	158	163	181	#
594	2209.49	47	53	77	98	145	226	#
595	2083.45	66	141	206	#
596	849.896	57	#
597	6837.64	14	20	38	92	130	210	235	#
598	4457.67	0	10	34	39	70	160	163	169	#
599	1175.02	3	66	76	118	209	222	#
600	2540.24	159	191	193	233	#
601	3063.76	29	32	82	189	#
602	7399.28	31	39	140	190	191	222	232	233	238	#
603	800.496	109	#
604	912.464	11	43	82	131	#
605	889.609	64	#
606	2295.16	18	22	74	87	161	195	197	209	214	#
607	2160.04	65	71	84	88	167	242	#
608	2842.35	15	73	83	84	105	135	149	#
609	3285.07	144	165	201	240	#
610	306.346	247	#
611	11615.6	7	16	19	29	30	41	47	56	59	65	102	104	130	133	199	203	#
612	7829.73	13	15	23	93	102	176	186	195	209	#
613	5946.67	31	43	104	144	152	167	178	243	#
614	293.348	72	132	#
615	14599.7	5	11	39	68	82	97	121	127	178	180	187	219	234	239	248	#
616	644.623	40	#
617	2830.84	45	51	101	127	138	139	140	150	162	170	218	235	248	#
618	2003.46	84	91	226	#
619	363.837	197	#
620	10147	1	33	80	91	96	107	122	126	127	143	161	173	207	214	218	227	228	#
621	3389.93	8	12	37	64	80	#
622	42.8367	208	#
623	1515.83	82	127	233	#
624	1908.66	5	29	91	142	243	#
625	5378.88	76	105	114	141	149	198	224	237	#
626	7487.61	11	16	29	63	84	87	103	107	115	219	229	234	239	#
627	1094.42	2	16	#
628	2504.9	13	18	50	109	173	195	197	239	#
629	2859.79	74	145	177	#
630	2915.3	15	51	74	125	178	230	234	#
631	3358.79	20	70	146	173	208	242	#
632	14377.3	11	14	37	54	56	78	123	124	134	144	156	158	165	203	204	227	240	#
633	2560.28	26	46	184	193	#
634	1186.58	82	114	135	165	182	197	#
635	3567.02	105	120	126	141	176	203	204	#
636	3981.7	33	63	77	186	245	#
637	3295.66	75	99	112	218	#
638	15668.4	4	5	12	27	31	34	49	58	59	71	82	98	102	160	163	167	208	211	222	235	#
639	3840.23	48	71	75	150	202	240	#
640	9115.66	61	66	72	77	94	107	112	120	144	166	168	171	179	186	193	212	242	#
641	1602.92	6	114	129	131	154	204	#
642	9199.67	45	51	64	80	94	105	125	130	138	172	195	223	244	246	#
643	1687.37	1	120	234	#
644	906.767	225	#
645	14463.8	7	15	32	39	44	74	86	94	96	107	179	181	182	189	220	229	241	#
646	1400.75	4	27	123	139	144	213	#
647	7598.3	41	50	64	69	74	100	114	159	190	194	228	235	#
648	3600.89	15	55	78	122	#
649	5469.99	36	44	60	67	83	93	99	130	150	202	#
650	1685.59	6	28	#
651	1519.01	185	234	#
652	749.624	157	#
653	1301.9	137	138	183	213	#
654	5222.98	31	32	54	63	64	80	88	89	106	108	121	132	159	189	222	229	230	233	249	#
655	5830.28	46	69	77	108	157	235	#
656	6314.91	8	52	65	81	89	107	120	137	140	201	211	220	#
657	781.086	29	31	213	#
658	1382.97	12	25	134	155	170	#
659	1401.73	2	83	84	91	244	#
660	5031.98	38	46	61	66	102	166	167	#
661	2632.72	24	79	241	249	#
662	1422.95	5	221	234	#
663	1321.74	1	27	69	70	83	197	#
664	3736.66	12	100	111	215	#
665	1767.17	20	67	148	#
666	1426.06	179	217	#
667	1249.9	20	128	132	#
668	603.406	167	#
669	4744.22	2	34	50	58	138	147	186	201	215	228	248	#
670	411.964	154	205	#
671	2973.07	109	152	202	209	#
672	252.987	25	#
673	3425.38	27	80	88	150	200	#
674	2935.45	0	3	71	225	#
675	1631.5	119	227	#
676	2540.18	1	21	89	164	#
677	1119.46	147	155	242	#
678	1815.42	92	106	120	127	202	211	214	#
679	3011	0	20	87	92	151	153	217	#
680	1700.13	73	85	#
681	3953.69	9	77	155	176	#
682	1312	23	178	#
683	523.263	12	186	#
684	4842.24	45	54	68	69	93	116	127	141	157	170	201	225	#
685	1639.54	24	36	44	98	196	221	#
686	3852.02	13	62	64	84	88	98	106	127	135	160	172	174	176	#
687	920.409	92	216	#
688	1066.47	57	95	197	#
689	3632.08	47	108	127	162	165	#
690	1842.24	54	112	216	#
691	1086.83	7	13	96	123	126	147	#
692	1549.5	0	28	109	125	130	131	137	147	155	189	190	207	240	#
693	2323.77	13	16	46	52	62	65	76	127	137	150	181	197	211	244	246	#
694	3772.68	18	107	145	172	194	197	#
695	6539.32	4	12	29	54	64	66	75	78	93	95	247	#
696	8396.15	4	58	95	106	116	134	147	152	168	194	202	212	230	#
697	7431	47	66	77	100	101	104	113	140	156	165	183	190	247	249	#
698	6930.49	2	30	54	67	69	89	90	94	97	113	115	123	154	159	172	173	200	212	240	245	249	#
699	3169.62	1	26	73	90	118	151	211	219	223	#
700	5215.05	0	11	47	59	92	96	99	108	109	111	121	127	162	212	222	232	239	#
701	6558.96	11	47	48	69	74	111	117	124	127	165	179	180	189	218	229	230	236	#
702	3411.64	28	35	162	187	#
703	367.009	31	#
704	2617.65	89	226	227	233	#
705	3209.55	28	109	125	177	#
706	1570.99	24	30	46	80	93	167	#
707	1574.99	108	216	#
708	4325	30	67	97	210	227	#
709	8366.49	16	25	48	57	61	81	113	140	147	167	195	208	224	#
710	815.208	0	18	148	151	165	#
711	627.921	135	#
712	3242.51	44	59	76	112	120	185	201	235	#
713	2332.1	11	37	120	135	215	#
714	927.663	100	#
715	2323.52	29	47	196	#
716	967.302	11	15	41	55	66	101	226	237	#
717	3884	86	144	204	240	#
718	3294.87	0	1	84	122	175	225	232	#
719	457.262	4	25	247	#
720	1204.99	107	239	#
721	2393.31	4	133	135	#
722	3953.5	15	79	105	147	186	236	#
723	879.139	120	208	#
724	8795.25	29	39	42	68	73	92	95	124	167	169	#
725	549.995	28	46	58	203	#
726	4184.66	113	115	138	144	195	221	#
727	8143.96	78	84	108	111	112	132	169	178	193	196	197	235	241	#
728	4205.14	16	31	47	52	147	160	168	171	189	193	#
729	2200.11	62	101	127	139	168	187	201	205	216	219	223	#
730	1132.49	71	97	124	140	#
731	1800.65	32	94	#
732	3245.32	12	16	79	92	128	172	218	#
733	1047.77	99	153	178	#
734	1402.8	3	35	45	115	207	#
735	741.384	164	166	196	203	#
736	1172.6	137	170	#
737	4161.09	3	18	62	192	218	#
738	1793.43	38	247	#
739	3839.41	50	124	202	242	#
740	1906.7	98	137	#
741	4184.21	38	74	102	130	225	229	242	245	#
742	6735.11	52	58	69	95	189	197	204	232	#
743	2524.76	41	56	67	70	88	106	136	145	221	#
744	5172.14	64	71	131	138	154	193	200	238	#
745	4776.75	4	31	80	125	134	136	153	160	168	197	205	209	234	248	#
746	578.51	47	185	231	#
747	29.8574	4	#
748	1320.15	170	189	#
749	4172.28	61	65	79	83	85	187	192	246	#
750	2854.34	13	59	77	101	116	206	#
751	1146.49	212	216	#
752	2857.87	18	22	154	219	#
753	5082.06	27	49	59	151	177	193	200	205	208	209	218	231	239	#
754	1313.88	149	168	#
755	9990.37	14	22	27	35	40	74	85	101	121	128	184	198	211	220	245	#
756	2561.84	7	25	97	127	142	#
757	9482.2	4	15	53	54	59	62	118	141	143	152	190	209	210	214	217	228	229	#
758	1500.86	110	178	#
759	931.955	128	229	#
760	2285.79	12	116	166	185	225	#
761	3105.33	3	45	172	181	202	#
762	485.556	246	#
763	13982.6	3	5	58	65	94	100	114	115	143	158	160	168	176	180	197	206	#
764	1525.51	78	121	188	205	#
765	1152.11	126	135	#
766	4628.96	16	36	62	71	77	104	116	142	249	#
767	1677	42	153	163	#
768	2636.53	9	107	135	#
769	976.207	157	162	#
770	6194.11	50	67	72	100	123	131	200	236	#
771	3409.99	140	190	217	218	#
772	2205.09	43	50	144	173	178	179	185	#
773	320.366	152	#
774	393.063	13	142	163	202	209	#
775	1427.44	37	140	196	#
776	10937.6	8	11	67	72	82	83	106	135	142	162	163	167	169	192	201	230	#
777	8839.15	3	4	34	66	78	179	182	185	191	231	#
778	7854.1	15	16	21	48	61	87	120	148	195	#
779	423.425	143	224	#
780	651.663	150	#
781	3642.3	32	92	178	193	#
782	16141.9	2	8	21	22	40	45	59	87	105	111	122	129	147	152	156	169	184	186	192	196	208	209	237	238	#
783	8088.34	53	66	69	79	83	113	162	231	235	237	241	#
784	6660.9	13	37	71	74	102	129	131	182	207	247	#
785	1252.07	5	43	74	164	200	#
786	913.584	44	51	#
787	1420.09	43	45	79	134	142	158	201	211	213	231	#
788	2928.15	121	156	203	#
789	717.699	156	179	205	238	#
790	2964.52	7	33	107	175	223	224	226	#
791	1309.07	87	201	249	#
792	5832.37	3	10	41	50	83	148	178	188	210	#
793	715.967	59	#
794	2730.34	12	13	45	125	225	244	#
795	11203.7	10	12	14	41	88	94	145	165	190	214	219	223	#
796	4289.02	14	19	187	192	213	#
797	1931.12	143	234	248	#
798	4839.67	14	24	32	34	38	65	119	139	149	169	174	181	183	201	229	#
799	7311.68	50	80	82	97	178	189	205	212	249	#
800	2164.79	2	59	114	207	#
801	1076.74	18	46	107	#
802	9222.04	17	55	86	132	149	160	194	195	209	227	#
803	1746.93	112	130	#
804	8377.16	43	49	53	78	88	95	120	129	186	214	#
805	5146	12	23	29	66	79	87	105	121	173	174	184	192	224	235	#
806	1593.21	70	99	123	#
807	4255.33	46	59	84	94	106	128	147	158	219	242	#
808	2080.21	21	49	84	155	211	241	#
809	3354.33	58	131	141	165	186	231	#
810	1669.32	199	234	#
811	9572.91	8	9	15	21	56	64	83	144	186	202	217	#
812	7824.76	33	46	49	83	118	135	151	184	191	221	245	248	#
813	4904.02	41	61	69	72	76	91	96	141	212	#
814	3492.37	9	13	32	56	119	147	196	226	231	#
815	557.758	68	#
816	3607.77	16	41	146	161	197	#
817	1205.83	2	109	228	#
818	2738.82	73	102	149	209	#
819	12417	14	18	55	63	97	107	111	124	156	171	189	200	234	#
820	1047.85	2	20	125	172	195	#
821	2949.26	6	10	57	104	142	170	238	#
822	2617	1	2	20	30	52	64	133	183	200	222	#
823	3081.81	17	69	97	141	#
824	2169.48	88	108	198	205	#
825	1662.13	21	23	24	32	50	55	61	133	148	162	223	240	244	#
826	1946.42	10	66	69	128	164	165	169	#
827	2648.79	22	70	89	98	147	222	224	#
828	4737.03	21	76	77	108	114	140	174	217	#
829	4655.78	1	5	10	30	50	71	72	78	85	88	114	117	118	121	134	138	151	170	182	192	200	215	242	243	#
830	1908.05	7	34	52	119	123	134	137	157	177	178	183	233	243	#
831	618.619	101	#
832	2895.06	55	189	237	#
833	1052.08	20	56	61	65	69	78	79	90	94	100	147	188	#
834	4817.18	15	16	68	73	112	152	199	209	219	249	#
835	1089.5	45	202	#
836	4463.37	62	63	97	108	159	202	#
837	955.446	182	239	#
838	4604.47	49	58	71	154	243	#
839	5210.88	51	52	73	147	181	219	#
840	14364.8	1	8	28	49	58	108	133	138	153	173	177	186	192	211	224	236	#
841	1929.65	52	57	168	#
842	6632.73	21	41	69	116	164	220	240	#
843	557.756	219	#
844	4341.96	8	9	24	53	65	84	108	109	136	169	170	#
845	6974.11	40	105	121	137	140	142	150	153	170	185	233	240	#
846	1438.75	4	79	169	213	218	#
847	4433.84	26	32	101	232	234	249	#
848	8833.65	16	32	36	55	92	94	97	109	112	128	165	195	208	213	222	#
849	56.0892	143	#
850	3164.1	92	135	148	223	#
851	1214.05	13	94	#
852	2486.27	79	92	214	#
853	1118.31	186	246	#
854	1575.92	62	188	#
855	4107.57	19	54	95	146	234	#
856	3475.68	164	188	195	240	#
857	483.655	122	#
858	1463.17	113	120	217	#
859	9394.68	2	33	46	54	80	106	116	150	171	179	#
860	2740.13	41	61	73	79	99	109	116	133	147	220	#
861	218.637	41	#
862	10962.5	6	30	88	90	103	111	114	158	164	182	225	227	#
863	2197.4	0	3	12	30	32	45	56	64	75	186	200	206	213	#
864	5452.7	12	27	58	105	166	240	#
865	6571.18	48	49	97	113	119	142	188	242	248	#
866	2652.7	84	89	213	#
867	4591.46	80	81	136	179	198	#
868	3230.11	34	50	116	146	153	209	211	223	224	227	#
869	4642.46	56	73	100	103	189	217	248	#
870	533.907	24	148	#
871	4859.1	6	39	49	77	92	135	#
872	3121.22	11	40	53	60	112	127	167	194	222	229	231	242	#
873	385.502	55	#
874	3747.92	65	72	132	192	#
875	3577.32	22	29	42	94	118	162	235	#
876	1008.07	91	181	228	#
877	1618.52	74	244	#
878	14903	11	23	32	36	42	59	74	119	140	151	158	168	172	175	208	221	245	#
879	8078.04	53	84	94	123	129	137	162	169	173	189	229	#
880	743.409	41	88	158	182	230	#
881	1261.64	60	108	165	196	#
882	8924.86	29	56	79	98	108	131	133	155	157	#
883	1439.57	66	165	178	#
884	8445.25	25	27	76	117	129	137	144	149	171	179	206	212	236	#
885	299.459	199	#
886	1462.39	29	50	96	110	163	206	236	#
887	2979.51	78	142	146	#
888	3915.16	66	88	199	247	#
889	229.99	81	#
890	163.748	220	#
891	2453.82	7	39	79	83	241	#
892	2649.44	21	64	111	213	239	247	#
893	2291.22	48	74	85	86	164	180	#
894	1442.2	72	80	97	118	172	210	214	#
895	1265.23	40	99	117	130	#
896	48.0576	45	#
897	2272.64	6	187	190	#
898	2014.4	96	145	186	204	243	#
899	3628.32	11	20	32	36	70	82	86	135	157	194	215	#
900	2048.92	135	170	196	#
901	7143.35	24	136	138	145	161	169	174	178	234	#
902	1204.43	1	10	25	30	76	94	112	157	163	166	167	183	233	#
903	17.8698	39	#
904	2355.66	26	151	207	#
905	70.1185	164	245	#
906	2128.09	36	107	153	166	#
907	2328.85	84	88	249	#
908	2331.36	39	62	82	99	140	#
909	6476.9	47	55	82	154	198	220	236	#
910	3677.16	21	25	37	42	52	66	101	104	135	136	#
911	3525.23	32	113	147	159	#
912	1241.56	190	210	#
913	2041.1	0	24	90	190	#
914	2390.98	9	111	206	#
915	2416.78	13	75	91	121	127	128	155	160	169	204	217	220	230	#
916	2205.5	16	74	145	243	#
917	3876.17	75	150	177	218	#
918	7843.38	28	35	39	41	74	85	99	133	141	219	235	#
919	1657.04	134	169	187	#
920	1977.45	34	96	133	142	165	189	#
921	152	53	139	#
922	631.453	228	#
923	534.749	9	#
924	2834.04	34	63	108	#
925	7357.91	69	76	78	99	105	113	220	223	236	#
926	2722.47	48	112	131	#
927	2262.79	49	121	137	149	#
928	1263.96	79	100	178	#
929	2372.24	2	14	78	97	134	#
930	2581.27	43	139	188	214	#
931	4745.34	4	67	157	185	186	200	#
932	1379.57	147	173	177	#
933	928.462	125	202	232	#
934	2381.88	12	30	134	173	239	248	#
935	2126.19	12	83	244	#
936	1621.1	182	191	#
937	963.444	175	#
938	196.179	203	#
939	1851.33	216	224	#
940	2116.24	59	91	113	138	178	196	#
941	3490.44	15	102	193	206	#
942	2244.66	87	187	221	223	#
943	3062.08	5	10	39	40	58	92	226	#
944	3646.81	27	167	175	188	206	#
945	5769.46	13	26	42	70	162	245	#
946	3480.32	60	135	142	156	186	#
947	4040.74	69	78	91	97	118	130	196	#
948	1949.91	83	212	#
949	1786.71	12	13	75	85	99	106	200	201	206	#
950	2521.5	139	144	160	161	171	182	234	#
951	13003.5	7	25	28	35	81	83	88	93	98	108	116	119	120	126	146	162	192	206	221	226	248	#
952	2668.04	78	101	121	246	#
953	1300.13	149	208	#
954	1266.05	108	197	#
955	3764.74	57	168	203	222	#
956	57.1775	211	#
957	357.256	215	#
958	1978.43	159	237	#
959	4120.31	77	137	187	213	224	#
960	4988.03	125	147	165	168	203	#
961	8349.27	0	64	75	83	101	119	139	150	153	164	175	176	205	234	240	#
962	1425.39	54	60	#
963	1536.61	92	125	190	#
964	3510.7	23	25	55	123	144	#
965	2131.02	15	34	37	88	98	152	168	174	#
966	1255.67	2	121	#
967	4638.99	23	92	102	131	139	208	236	238	242	#
968	3045.23	42	54	61	64	120	146	#
969	204.697	26	#
970	3940.07	44	56	97	128	180	#
971	3624.04	91	131	189	205	#
972	9988.16	37	55	56	110	124	140	144	152	171	192	233	239	247	#
973	14343.6	10	11	16	22	31	37	40	68	91	92	131	133	144	166	185	199	201	202	205	209	213	214	233	236	#
974	1295.3	42	94	199	229	#
975	1535.61	2	156	245	#
976	4989.85	113	143	152	168	217	#
977	4922.3	70	116	176	180	205	219	#
978	6765	71	99	117	129	171	206	218	#
979	1420.12	205	249	#
980	1176.4	72	110	120	138	150	209	231	248	#
981	3083.87	29	42	50	207	228	#
982	521.896	148	#
983	4100.19	40	111	158	192	232	240	#
984	10763	12	24	35	47	59	60	131	159	169	170	228	232	242	#
985	404.214	138	#
986	1510.39	3	45	205	212	#
987	7213.91	15	34	65	69	103	133	142	178	213	245	#
988	2818.57	14	95	193	#
989	1322.79	35	82	109	131	201	207	#
990	3429.18	46	87	123	136	196	#
991	1764.02	75	98	149	156	180	204	#
992	4948.25	10	27	37	39	164	175	231	240	#
993	10659.5	14	51	56	69	73	82	92	98	104	111	132	141	156	158	194	230	242	#
994	3836.27	44	76	147	183	#
995	2737.13	25	26	74	120	#
996	1485.75	91	94	#
997	1639.77	48	60	243	#
998	516.853	17	#
999	4556.21	44	50	70	87	114	193	#
