%% File generated by CATS v.2.1Thu Apr  8 18:21:21 2021

%% The CATS webpage is http://robotics.stanford.edu/CATS

%% PARAMETER SETTINGS:
% Goods: 50; Bids: 100; Distribution: L6; Runs: 1; Seed: 1618012131
% Legacy distribution parameters:
% Number of goods chosen according to Exponential distribution (q = 5).
% Price chosen according to Linear Random distribution (low_linearly = 1, high_linearly = 1000).


goods 50
bids 100
dummy 0

0	567.582	42	46	#
1	719.372	2	#
2	501.377	27	#
3	8602.31	3	6	7	9	17	24	28	34	38	39	43	44	45	48	#
4	30.523	26	#
5	4774.67	0	7	26	28	30	33	37	43	#
6	1504.81	0	48	#
7	3985.73	14	26	31	34	38	48	#
8	3628.85	12	27	38	43	#
9	784.865	44	#
10	3256.65	24	27	39	47	#
11	808.973	7	#
12	82.8007	32	#
13	2781.66	11	41	48	#
14	875.115	9	16	47	#
15	1519.16	10	43	47	#
16	12371.5	0	3	8	9	12	13	16	17	18	20	24	26	29	30	32	33	36	48	#
17	5775.92	3	12	17	28	32	40	49	#
18	1876.36	7	21	29	#
19	2142.71	1	39	46	#
20	1186.25	1	24	#
21	98.4586	42	#
22	6330.22	1	3	5	12	15	30	37	38	#
23	850.221	20	#
24	893.108	15	#
25	44.1888	24	#
26	8142.2	0	1	2	6	15	21	35	36	44	48	#
27	1956.26	17	34	#
28	930.664	8	16	#
29	3710.67	1	14	17	24	34	#
30	455.458	34	#
31	2971.13	2	4	24	30	36	41	46	#
32	3592.99	7	31	35	45	46	49	#
33	1705.96	9	33	45	47	#
34	1250.66	0	21	34	35	#
35	568.77	12	19	#
36	1693.61	12	21	25	31	#
37	1168.46	14	41	#
38	1527.83	18	47	49	#
39	943.95	3	25	#
40	764.773	9	21	32	40	#
41	340.125	41	#
42	2411.93	7	31	32	46	#
43	1180.59	6	28	36	39	#
44	928.075	0	#
45	2812.44	9	12	48	49	#
46	12516.3	0	7	13	14	15	19	28	29	30	32	33	37	43	45	#
47	3946.21	0	5	14	19	21	24	38	46	#
48	3605.61	8	12	29	42	46	#
49	2868.69	4	8	26	27	43	48	#
50	931.337	33	#
51	5573.63	23	25	28	32	34	38	42	47	#
52	3822.95	0	13	18	31	#
53	257.127	5	8	11	35	#
54	3597.6	2	3	4	6	7	9	16	18	22	33	36	39	45	46	#
55	1306.33	10	34	#
56	266.401	36	#
57	505.854	43	#
58	7736.89	11	13	16	17	19	31	45	46	49	#
59	2476.24	3	9	27	#
60	7384.82	3	8	10	13	19	29	30	31	38	39	40	41	42	47	#
61	308.278	30	#
62	546.273	10	30	#
63	26669.3	3	21	47	36	25	30	40	1	20	49	48	5	9	10	23	24	18	0	33	4	13	42	39	16	6	27	43	28	14	17	#
64	13895.1	1	7	15	17	19	20	23	27	31	32	33	34	35	42	48	#
65	6373.96	4	5	8	12	14	20	21	34	36	38	46	49	#
66	3428.99	5	9	22	24	49	#
67	1433.81	39	42	#
68	276.121	16	29	#
69	5117.38	0	9	17	23	24	37	#
70	632.361	18	#
71	2677.92	21	25	31	42	#
72	4706.82	6	22	31	35	37	#
73	7925.59	2	5	7	8	14	19	24	44	45	49	#
74	2345.41	15	35	44	#
75	2716.32	5	12	21	22	#
76	886.524	7	13	25	#
77	2635.34	0	15	21	24	28	31	37	38	45	46	#
78	180.89	6	#
79	8687.99	6	11	24	27	29	30	32	35	41	42	47	49	#
80	732.392	27	43	#
81	3983.51	28	36	41	44	#
82	2028.31	7	8	10	16	27	45	#
83	5675.08	1	19	23	25	34	36	#
84	706.425	14	#
85	1604.17	19	23	28	36	37	39	#
86	3201.53	1	26	29	44	49	#
87	186.29	9	#
88	3235.87	4	10	11	17	18	19	20	25	29	30	37	44	48	#
89	1101.7	20	23	44	#
90	1479.79	3	43	#
91	5134.66	1	4	5	10	16	17	19	37	40	42	#
92	1743.6	17	26	#
93	898.742	7	11	46	48	#
94	8326.42	0	7	17	22	25	28	30	31	34	41	43	#
95	2186.56	0	4	46	#
96	3620.78	2	33	44	46	#
97	844.701	12	13	17	#
98	234.046	25	26	#
99	2692.85	14	16	17	25	28	42	45	#
