%% File generated by CATS v.2.1Thu Apr  8 18:21:33 2021

%% The CATS webpage is http://robotics.stanford.edu/CATS

%% PARAMETER SETTINGS:
% Goods: 50; Bids: 100; Distribution: L7; Runs: 1; Seed: 1618012175
% Legacy distribution parameters:
% Number of goods chosen according to Binomial distribution (binom_cutoff = 0.2).
% Price chosen according to Linear Random distribution (low_linearly = 1, high_linearly = 1000).


goods 50
bids 100
dummy 0

0	3087.86	4	21	25	28	33	34	37	40	41	43	46	48	#
1	4161.27	8	10	13	14	16	22	42	44	#
2	1959.01	4	6	8	13	26	32	35	36	41	44	#
3	2425.64	2	7	12	14	17	20	33	35	43	48	#
4	10545.2	1	2	7	17	20	26	33	40	42	45	48	#
5	3337.19	0	3	6	17	19	22	36	37	38	47	49	#
6	6636.67	0	1	15	22	23	27	39	44	#
7	7847.31	0	9	12	15	17	20	21	22	27	36	49	#
8	8997.78	6	24	26	28	34	35	42	45	49	#
9	8246.89	0	7	10	15	20	21	35	41	47	#
10	2315.05	3	4	5	8	9	26	28	38	42	#
11	4659.18	5	8	9	10	16	31	42	45	#
12	9579.71	6	7	10	11	13	15	19	23	24	27	46	#
13	2470.49	7	23	24	26	36	46	49	#
14	2078.76	12	24	26	35	42	43	#
15	5993.81	5	23	27	38	43	48	#
16	4578.06	13	16	20	28	34	38	41	#
17	7772.09	2	27	28	29	30	33	41	43	44	#
18	81.3412	22	34	#
19	932.026	4	7	8	15	20	24	31	32	40	#
20	79.8584	3	12	13	25	32	33	34	35	44	#
21	9071.62	0	7	10	20	21	25	37	40	42	45	#
22	2794.93	2	3	10	11	16	18	25	41	43	48	#
23	3348.8	0	15	17	19	25	26	29	33	#
24	854.302	0	10	12	19	29	33	37	41	43	#
25	546.23	5	6	8	9	17	22	26	27	31	32	35	49	#
26	2460.26	5	11	13	20	22	23	24	25	26	31	33	34	37	42	#
27	3233.92	4	5	10	13	27	30	38	39	#
28	6678.2	2	7	8	11	12	16	19	30	34	36	#
29	1182.24	6	14	16	29	41	48	49	#
30	5644.19	4	6	10	17	21	33	35	48	#
31	5306.78	0	2	11	13	19	23	25	26	41	#
32	740.386	10	11	23	31	32	34	35	36	48	#
33	7453.16	6	9	15	16	17	23	26	29	31	39	49	#
34	2540.17	5	7	9	10	11	15	17	29	46	47	#
35	3319.6	4	15	16	19	21	24	27	32	38	42	44	47	#
36	3737.09	5	7	11	12	13	15	17	19	22	31	41	#
37	10727.6	1	2	3	6	11	26	30	31	32	35	40	42	43	48	#
38	7536.41	6	10	12	25	26	33	34	44	47	48	#
39	12102.3	2	8	9	15	21	24	29	35	36	38	41	43	45	#
40	1522.5	13	18	20	21	31	37	45	49	#
41	5106.64	3	13	16	17	21	24	25	27	28	33	35	38	40	43	47	#
42	891.083	6	9	15	17	20	23	26	32	38	42	45	#
43	373.273	0	1	6	19	21	24	31	32	35	36	38	49	#
44	8159.21	1	6	14	15	18	26	27	40	43	46	#
45	4701.54	3	5	15	23	31	37	43	45	49	#
46	1125.29	2	4	8	13	15	20	30	47	#
47	974.336	6	7	9	20	40	42	44	#
48	1522.03	1	5	15	17	21	22	43	44	#
49	169.307	5	8	9	11	13	17	27	35	#
50	7043.7	3	11	12	18	19	37	38	48	#
51	2697.14	7	13	17	21	27	34	37	38	#
52	4958.15	1	2	7	8	17	24	32	35	42	43	47	48	49	#
53	2327.06	3	10	19	25	29	35	44	#
54	4979.81	21	26	27	35	41	#
55	5067.89	0	5	10	11	14	21	22	24	28	29	32	45	46	47	49	#
56	5568.98	1	5	7	9	10	12	13	15	16	22	39	43	44	46	47	48	#
57	3153.62	0	25	27	33	35	47	48	#
58	2741.86	23	26	27	44	#
59	275.668	6	7	8	10	21	29	30	33	#
60	8099.12	0	6	20	22	23	30	31	32	34	38	47	49	#
61	9107.98	5	7	9	11	12	14	29	30	34	36	38	46	#
62	7029.13	2	17	19	23	25	28	31	33	40	43	46	48	#
63	9835.44	3	10	14	30	31	32	41	42	44	45	#
64	7288.94	0	5	8	14	29	35	41	45	#
65	6294.02	3	4	16	27	31	33	37	49	#
66	8036.13	2	3	10	21	24	27	33	36	41	44	45	49	#
67	2732.59	1	2	7	11	18	25	41	49	#
68	2444.83	0	9	22	24	34	36	43	#
69	11592.6	0	3	8	9	10	15	21	24	26	30	34	40	42	47	#
70	5012.72	1	11	16	22	23	28	31	33	44	48	#
71	10860.4	4	10	11	13	15	18	22	27	35	36	42	44	45	#
72	8006.34	2	5	15	19	20	27	34	38	39	43	45	#
73	10508.9	10	15	19	21	26	32	35	41	43	45	46	#
74	2670.78	1	7	10	11	12	13	20	21	25	26	30	32	42	47	48	49	#
75	2722.14	5	6	8	15	19	33	36	44	48	#
76	3621.75	4	6	7	9	14	30	32	38	41	48	#
77	1776.19	0	20	22	26	30	37	42	44	#
78	4976.67	7	14	17	23	26	33	35	37	38	42	44	49	#
79	13838.5	0	7	9	12	14	15	20	26	27	28	36	37	42	47	#
80	5458.14	0	7	15	17	19	21	23	24	27	37	40	49	#
81	488.371	0	2	3	7	12	19	23	26	27	28	30	31	37	40	45	#
82	508.159	7	10	13	28	30	32	36	39	41	44	#
83	528.319	2	3	5	17	24	32	37	38	40	43	#
84	1000.03	6	7	8	10	14	17	#
85	382.579	14	21	30	37	38	43	44	45	47	#
86	749.952	6	8	11	12	16	25	34	35	37	#
87	2941.56	10	15	17	19	27	36	40	46	#
88	4793.15	11	29	35	41	44	#
89	3227.17	3	5	6	15	18	28	32	38	40	43	#
90	5768.1	3	5	12	14	23	26	28	29	33	37	46	#
91	681.295	10	14	32	34	39	40	47	#
92	3428.51	2	7	9	10	18	19	24	34	39	#
93	4252.99	0	4	23	26	30	31	38	#
94	4769.23	6	8	41	43	49	#
95	1415.93	1	3	6	19	23	34	40	47	#
96	15170.3	0	1	4	5	8	14	22	23	24	32	38	42	43	46	47	48	#
97	4091.17	7	15	23	24	25	37	41	49	#
98	10203.3	0	1	2	3	6	9	11	15	16	24	29	45	48	49	#
99	2533.65	11	19	21	22	28	39	47	#
