[[0, 1000, 2], [1, 63000, 3.0], [2, 125000, 4.0], [3, 187000, 4.0], [4, 249000, 4.0], [5, 311000, 5.0], [6, 373000, 5.0], [7, 435000, 5.0], [8, 497000, 5.0], [9, 559000, 5.0], [10, 621000, 5.0], [11, 683000, 5.0], [12, 745000, 5.0], [13, 807000, 5.0], [14, 869000, 5.0], [15, 931000, 5.0], [16, 993000, 5.0], [17, 1055000, 5.0], [18, 1117000, 5.0], [19, 1179000, 5.0], [20, 1241000, 5.0], [21, 1303000, 5.0], [22, 1365000, 6.0], [23, 1427000, 6.0], [24, 1489000, 6.0], [25, 1551000, 6.0], [26, 1613000, 6.0], [27, 1675000, 6.0], [28, 1737000, 6.0], [29, 1799000, 6.0], [30, 1861000, 6.0], [31, 1923000, 7.0], [32, 1985000, 7.0], [33, 2047000, 7.0]]
[[0, 1000, 2], [1, 63000, 4.0], [2, 125000, 4.0], [3, 187000, 4.0], [4, 249000, 4.0], [5, 311000, 4.0], [6, 373000, 4.0], [7, 435000, 4.0], [8, 497000, 5.0], [9, 559000, 5.0], [10, 621000, 5.0], [11, 683000, 5.0], [12, 745000, 5.0], [13, 807000, 5.0], [14, 869000, 5.0], [15, 931000, 5.0], [16, 993000, 5.0], [17, 1055000, 5.0], [18, 1117000, 5.0], [19, 1179000, 5.0], [20, 1241000, 6.0], [21, 1303000, 6.0], [22, 1365000, 6.0], [23, 1427000, 6.0], [24, 1489000, 6.0], [25, 1551000, 6.0], [26, 1613000, 6.0], [27, 1675000, 6.0], [28, 1737000, 6.0], [29, 1799000, 6.0], [30, 1861000, 6.0], [31, 1923000, 6.0], [32, 1985000, 6.0], [33, 2047000, 6.0]]
[[0, 1000, 1], [1, 63000, 3.0], [2, 125000, 4.0], [3, 187000, 4.0], [4, 249000, 4.0], [5, 311000, 4.0], [6, 373000, 4.0], [7, 435000, 5.0], [8, 497000, 5.0], [9, 559000, 5.0], [10, 621000, 5.0], [11, 683000, 5.0], [12, 745000, 5.0], [13, 807000, 6.0], [14, 869000, 6.0], [15, 931000, 6.0], [16, 993000, 6.0], [17, 1055000, 6.0], [18, 1117000, 8]]
[[0, 1000, 2], [1, 63000, 3.0], [2, 125000, 3.0], [3, 187000, 4.0], [4, 249000, 4.0], [5, 311000, 4.0], [6, 373000, 4.0], [7, 435000, 4.0], [8, 497000, 5.0], [9, 559000, 5.0], [10, 621000, 5.0], [11, 683000, 5.0], [12, 745000, 5.0], [13, 807000, 5.0], [14, 869000, 5.0], [15, 931000, 5.0], [16, 993000, 5.0], [17, 1055000, 5.0], [18, 1117000, 5.0], [19, 1179000, 5.0], [20, 1241000, 5.0], [21, 1303000, 5.0], [22, 1365000, 5.0], [23, 1427000, 5.0], [24, 1489000, 5.0], [25, 1551000, 5.0], [26, 1613000, 5.0], [27, 1675000, 5.0], [28, 1737000, 5.0], [29, 1799000, 5.0], [30, 1861000, 5.0], [31, 1923000, 5.0], [32, 1985000, 5.0], [33, 2047000, 6.0]]
[[0, 1000, 1], [1, 63000, 3.0], [2, 125000, 5.0], [3, 187000, 5.0], [4, 249000, 5.0], [5, 311000, 5.0], [6, 373000, 5.0], [7, 435000, 5.0], [8, 497000, 5.0], [9, 559000, 5.0], [10, 621000, 5.0], [11, 683000, 6.0], [12, 745000, 6.0], [13, 807000, 6.0], [14, 869000, 6.0], [15, 931000, 6.0], [16, 993000, 6.0], [17, 1055000, 6.0], [18, 1117000, 6.0], [19, 1179000, 6.0], [20, 1241000, 6.0], [21, 1303000, 6.0], [22, 1365000, 6.0], [23, 1427000, 6.0], [24, 1489000, 6.0], [25, 1551000, 6.0], [26, 1613000, 6.0], [27, 1675000, 6.0], [28, 1737000, 6.0], [29, 1799000, 6.0], [30, 1861000, 6.0], [31, 1923000, 6.0], [32, 1985000, 6.0], [33, 2047000, 6.0]]
[[0, 1000, 2], [1, 63000, 3.0], [2, 125000, 3.0], [3, 187000, 4.0], [4, 249000, 5.0], [5, 311000, 5.0], [6, 373000, 5.0], [7, 435000, 5.0], [8, 497000, 5.0], [9, 559000, 5.0], [10, 621000, 5.0], [11, 683000, 5.0], [12, 745000, 5.0], [13, 807000, 5.0], [14, 869000, 5.0], [15, 931000, 5.0], [16, 993000, 5.0], [17, 1055000, 5.0], [18, 1117000, 6], [19, 1179000, 6], [20, 1241000, 6], [21, 1303000, 6], [22, 1365000, 7.0], [23, 1427000, 8]]
[[0, 1000, 2], [1, 63000, 4.0], [2, 125000, 4.0], [3, 187000, 4.0], [4, 249000, 4.0], [5, 311000, 5.0], [6, 373000, 5.0], [7, 435000, 5.0], [8, 497000, 5.0], [9, 559000, 6.0], [10, 621000, 6.0], [11, 683000, 6.0], [12, 745000, 6.0], [13, 807000, 7.0], [14, 869000, 7.0], [15, 931000, 7.0], [16, 993000, 7.0], [17, 1055000, 7.0], [18, 1117000, 7.0], [19, 1179000, 7.0], [20, 1241000, 7.0], [21, 1303000, 7.0], [22, 1365000, 7.0], [23, 1427000, 7.0], [24, 1489000, 7.0], [25, 1551000, 8]]
[[0, 1000, 1], [1, 63000, 3.0], [2, 125000, 4.0], [3, 187000, 4.0], [4, 249000, 4.0], [5, 311000, 4.0], [6, 373000, 5.0], [7, 435000, 5.0], [8, 497000, 5.0], [9, 559000, 5.0], [10, 621000, 5.0], [11, 683000, 6.0], [12, 745000, 6.0], [13, 807000, 6.0], [14, 869000, 6.0], [15, 931000, 6.0], [16, 993000, 6.0], [17, 1055000, 6.0], [18, 1117000, 6.0], [19, 1179000, 6.0], [20, 1241000, 6.0], [21, 1303000, 6.0], [22, 1365000, 7.0], [23, 1427000, 7.0], [24, 1489000, 7.0], [25, 1551000, 7.0], [26, 1613000, 7.0], [27, 1675000, 7.0], [28, 1737000, 7.0], [29, 1799000, 7.0], [30, 1861000, 7.0], [31, 1923000, 7.0], [32, 1985000, 7.0], [33, 2047000, 7.0]]
[[0, 1000, 2], [1, 63000, 3.0], [2, 125000, 4.0], [3, 187000, 4.0], [4, 249000, 5.0], [5, 311000, 5.0], [6, 373000, 5.0], [7, 435000, 5.0], [8, 497000, 5.0], [9, 559000, 5.0], [10, 621000, 5.0], [11, 683000, 5.0], [12, 745000, 6.0], [13, 807000, 6.0], [14, 869000, 6.0], [15, 931000, 6.0], [16, 993000, 6.0], [17, 1055000, 6.0], [18, 1117000, 6.0], [19, 1179000, 6.0], [20, 1241000, 6.0], [21, 1303000, 6.0], [22, 1365000, 6.0], [23, 1427000, 6.0], [24, 1489000, 6.0], [25, 1551000, 6.0], [26, 1613000, 6.0], [27, 1675000, 7.0], [28, 1737000, 7.0], [29, 1799000, 7.0], [30, 1861000, 7.0], [31, 1923000, 7.0], [32, 1985000, 7.0], [33, 2047000, 7.0]]
[[0, 1000, 1], [1, 63000, 4.0], [2, 125000, 4.0], [3, 187000, 5.0], [4, 249000, 5.0], [5, 311000, 5.0], [6, 373000, 5.0], [7, 435000, 5.0], [8, 497000, 5.0], [9, 559000, 5.0], [10, 621000, 5.0], [11, 683000, 5.0], [12, 745000, 5.0], [13, 807000, 6.0], [14, 869000, 6.0], [15, 931000, 6.0], [16, 993000, 6.0], [17, 1055000, 6.0], [18, 1117000, 6.0], [19, 1179000, 6.0], [20, 1241000, 6.0], [21, 1303000, 6.0], [22, 1365000, 7.0], [23, 1427000, 7.0], [24, 1489000, 7.0], [25, 1551000, 7.0], [26, 1613000, 7.0], [27, 1675000, 7.0], [28, 1737000, 7.0], [29, 1799000, 7.0], [30, 1861000, 7.0], [31, 1923000, 8]]
[[0, 1000, 2], [1, 63000, 4.0], [2, 125000, 4.0], [3, 187000, 4.0], [4, 249000, 4.0], [5, 311000, 4.0], [6, 373000, 4.0], [7, 435000, 5.0], [8, 497000, 5.0], [9, 559000, 5.0], [10, 621000, 5.0], [11, 683000, 5.0], [12, 745000, 5.0], [13, 807000, 5.0], [14, 869000, 5.0], [15, 931000, 5.0], [16, 993000, 5.0], [17, 1055000, 5.0], [18, 1117000, 5.0], [19, 1179000, 5.0], [20, 1241000, 5.0], [21, 1303000, 5.0], [22, 1365000, 5.0], [23, 1427000, 5.0], [24, 1489000, 5.0], [25, 1551000, 5.0], [26, 1613000, 5.0], [27, 1675000, 5.0], [28, 1737000, 5.0], [29, 1799000, 5.0], [30, 1861000, 5.0], [31, 1923000, 5.0], [32, 1985000, 5.0], [33, 2047000, 5.0]]
[[0, 1000, 2], [1, 63000, 4.0], [2, 125000, 4.0], [3, 187000, 4.0], [4, 249000, 5.0], [5, 311000, 5.0], [6, 373000, 5.0], [7, 435000, 5.0], [8, 497000, 5.0], [9, 559000, 5.0], [10, 621000, 5.0], [11, 683000, 6.0], [12, 745000, 6.0], [13, 807000, 6.0], [14, 869000, 6.0], [15, 931000, 6.0], [16, 993000, 7.0], [17, 1055000, 7.0], [18, 1117000, 7.0], [19, 1179000, 7.0], [20, 1241000, 8]]
[[0, 1000, 1], [1, 63000, 3.0], [2, 125000, 3.0], [3, 187000, 4.0], [4, 249000, 4.0], [5, 311000, 4.0], [6, 373000, 5.0], [7, 435000, 5.0], [8, 497000, 5.0], [9, 559000, 5.0], [10, 621000, 5.0], [11, 683000, 5.0], [12, 745000, 5.0], [13, 807000, 5.0], [14, 869000, 5.0], [15, 931000, 6.0], [16, 993000, 6.0], [17, 1055000, 6.0], [18, 1117000, 6.0], [19, 1179000, 6.0], [20, 1241000, 6.0], [21, 1303000, 6.0], [22, 1365000, 6.0], [23, 1427000, 6.0], [24, 1489000, 6.0], [25, 1551000, 6.0], [26, 1613000, 6.0], [27, 1675000, 6.0], [28, 1737000, 6.0], [29, 1799000, 6.0], [30, 1861000, 6.0], [31, 1923000, 6.0], [32, 1985000, 6.0], [33, 2047000, 6.0]]
[[0, 1000, 1], [1, 63000, 3.0], [2, 125000, 3.0], [3, 187000, 4.0], [4, 249000, 4.0], [5, 311000, 4.0], [6, 373000, 4.0], [7, 435000, 4.0], [8, 497000, 5.0], [9, 559000, 5.0], [10, 621000, 5.0], [11, 683000, 5.0], [12, 745000, 5.0], [13, 807000, 5.0], [14, 869000, 5.0], [15, 931000, 6], [16, 993000, 7], [17, 1055000, 7], [18, 1117000, 7], [19, 1179000, 7], [20, 1241000, 7], [21, 1303000, 7], [22, 1365000, 7], [23, 1427000, 7], [24, 1489000, 7], [25, 1551000, 7], [26, 1613000, 7], [27, 1675000, 7], [28, 1737000, 7], [29, 1799000, 8]]
[[0, 1000, 1], [1, 63000, 3.0], [2, 125000, 3.0], [3, 187000, 3.0], [4, 249000, 4.0], [5, 311000, 4.0], [6, 373000, 4.0], [7, 435000, 5.0], [8, 497000, 5.0], [9, 559000, 5.0], [10, 621000, 5.0], [11, 683000, 5.0], [12, 745000, 5.0], [13, 807000, 5.0], [14, 869000, 5.0], [15, 931000, 5.0], [16, 993000, 5.0], [17, 1055000, 5.0], [18, 1117000, 5.0], [19, 1179000, 5.0], [20, 1241000, 5.0], [21, 1303000, 5.0], [22, 1365000, 5.0], [23, 1427000, 5.0], [24, 1489000, 5.0], [25, 1551000, 5.0], [26, 1613000, 5.0], [27, 1675000, 5.0], [28, 1737000, 5.0], [29, 1799000, 6.0], [30, 1861000, 6.0], [31, 1923000, 6.0], [32, 1985000, 6.0], [33, 2047000, 6.0]]
[[0, 1000, 2], [1, 63000, 4.0], [2, 125000, 4.0], [3, 187000, 5.0], [4, 249000, 5.0], [5, 311000, 5.0], [6, 373000, 5.0], [7, 435000, 5.0], [8, 497000, 5.0], [9, 559000, 5.0], [10, 621000, 5.0], [11, 683000, 5.0], [12, 745000, 6.0], [13, 807000, 6.0], [14, 869000, 6.0], [15, 931000, 6.0], [16, 993000, 6.0], [17, 1055000, 6.0], [18, 1117000, 6.0], [19, 1179000, 6.0], [20, 1241000, 6.0], [21, 1303000, 6.0], [22, 1365000, 7.0], [23, 1427000, 7.0], [24, 1489000, 7.0], [25, 1551000, 7.0], [26, 1613000, 7.0], [27, 1675000, 7.0], [28, 1737000, 7.0], [29, 1799000, 7.0], [30, 1861000, 7.0], [31, 1923000, 8]]
[[0, 1000, 1], [1, 63000, 3.0], [2, 125000, 4.0], [3, 187000, 4.0], [4, 249000, 4.0], [5, 311000, 4.0], [6, 373000, 4.0], [7, 435000, 5.0], [8, 497000, 5.0], [9, 559000, 5.0], [10, 621000, 5.0], [11, 683000, 5.0], [12, 745000, 5.0], [13, 807000, 5.0], [14, 869000, 5.0], [15, 931000, 5.0], [16, 993000, 5.0], [17, 1055000, 5.0], [18, 1117000, 5.0], [19, 1179000, 5.0], [20, 1241000, 5.0], [21, 1303000, 5.0], [22, 1365000, 5.0], [23, 1427000, 5.0], [24, 1489000, 5.0], [25, 1551000, 5.0], [26, 1613000, 5.0], [27, 1675000, 5.0], [28, 1737000, 5.0], [29, 1799000, 6.0], [30, 1861000, 6.0], [31, 1923000, 6.0], [32, 1985000, 6.0], [33, 2047000, 6.0]]
[[0, 1000, 1], [1, 63000, 3.0], [2, 125000, 3.0], [3, 187000, 4.0], [4, 249000, 4.0], [5, 311000, 4.0], [6, 373000, 4.0], [7, 435000, 5.0], [8, 497000, 5.0], [9, 559000, 5.0], [10, 621000, 5.0], [11, 683000, 5.0], [12, 745000, 5.0], [13, 807000, 5.0], [14, 869000, 5.0], [15, 931000, 5.0], [16, 993000, 5.0], [17, 1055000, 5.0], [18, 1117000, 5.0], [19, 1179000, 5.0], [20, 1241000, 5.0], [21, 1303000, 5.0], [22, 1365000, 5.0], [23, 1427000, 5.0], [24, 1489000, 5.0], [25, 1551000, 5.0], [26, 1613000, 6.0], [27, 1675000, 6.0], [28, 1737000, 6.0], [29, 1799000, 6.0], [30, 1861000, 6.0], [31, 1923000, 6.0], [32, 1985000, 6.0], [33, 2047000, 6.0]]
[[0, 1000, 1], [1, 63000, 3.0], [2, 125000, 3.0], [3, 187000, 4.0], [4, 249000, 4.0], [5, 311000, 4.0], [6, 373000, 5.0], [7, 435000, 5.0], [8, 497000, 5.0], [9, 559000, 5.0], [10, 621000, 5.0], [11, 683000, 5.0], [12, 745000, 5.0], [13, 807000, 5.0], [14, 869000, 5.0], [15, 931000, 5.0], [16, 993000, 5.0], [17, 1055000, 6.0], [18, 1117000, 6.0], [19, 1179000, 6.0], [20, 1241000, 6.0], [21, 1303000, 6.0], [22, 1365000, 6.0], [23, 1427000, 6.0], [24, 1489000, 6.0], [25, 1551000, 6.0], [26, 1613000, 6.0], [27, 1675000, 6.0], [28, 1737000, 7.0], [29, 1799000, 7.0], [30, 1861000, 7.0], [31, 1923000, 7.0], [32, 1985000, 7.0], [33, 2047000, 7.0]]
[[0, 1000, 1], [1, 63000, 4.0], [2, 125000, 4.0], [3, 187000, 4.0], [4, 249000, 5.0], [5, 311000, 6.0], [6, 373000, 6.0], [7, 435000, 6.0], [8, 497000, 6.0], [9, 559000, 6.0], [10, 621000, 6.0], [11, 683000, 6.0], [12, 745000, 6.0], [13, 807000, 6.0], [14, 869000, 6.0], [15, 931000, 6.0], [16, 993000, 6.0], [17, 1055000, 6.0], [18, 1117000, 7], [19, 1179000, 8]]
[[0, 1000, 1], [1, 63000, 4.0], [2, 125000, 4.0], [3, 187000, 4.0], [4, 249000, 4.0], [5, 311000, 4.0], [6, 373000, 5.0], [7, 435000, 5.0], [8, 497000, 5.0], [9, 559000, 5.0], [10, 621000, 5.0], [11, 683000, 5.0], [12, 745000, 5.0], [13, 807000, 5.0], [14, 869000, 5.0], [15, 931000, 5.0], [16, 993000, 5.0], [17, 1055000, 5.0], [18, 1117000, 6.0], [19, 1179000, 6.0], [20, 1241000, 6.0], [21, 1303000, 6.0], [22, 1365000, 6.0], [23, 1427000, 6.0], [24, 1489000, 6.0], [25, 1551000, 6.0], [26, 1613000, 6.0], [27, 1675000, 6.0], [28, 1737000, 6.0], [29, 1799000, 6.0], [30, 1861000, 6.0], [31, 1923000, 6.0], [32, 1985000, 6.0], [33, 2047000, 6.0]]
[[0, 1000, 1], [1, 63000, 4.0], [2, 125000, 4.0], [3, 187000, 4.0], [4, 249000, 4.0], [5, 311000, 4.0], [6, 373000, 4.0], [7, 435000, 5.0], [8, 497000, 5.0], [9, 559000, 5.0], [10, 621000, 5.0], [11, 683000, 6.0], [12, 745000, 6.0], [13, 807000, 6.0], [14, 869000, 6.0], [15, 931000, 6.0], [16, 993000, 6.0], [17, 1055000, 6.0], [18, 1117000, 6.0], [19, 1179000, 6.0], [20, 1241000, 6.0], [21, 1303000, 6.0], [22, 1365000, 6.0], [23, 1427000, 6.0], [24, 1489000, 6.0], [25, 1551000, 6.0], [26, 1613000, 6.0], [27, 1675000, 6.0], [28, 1737000, 6.0], [29, 1799000, 6.0], [30, 1861000, 6.0], [31, 1923000, 6.0], [32, 1985000, 6.0], [33, 2047000, 6.0]]
[[0, 1000, 2], [1, 63000, 3.0], [2, 125000, 4.0], [3, 187000, 5.0], [4, 249000, 5.0], [5, 311000, 5.0], [6, 373000, 5.0], [7, 435000, 5.0], [8, 497000, 5.0], [9, 559000, 5.0], [10, 621000, 5.0], [11, 683000, 5.0], [12, 745000, 5.0], [13, 807000, 5.0], [14, 869000, 5.0], [15, 931000, 6.0], [16, 993000, 6.0], [17, 1055000, 6.0], [18, 1117000, 6.0], [19, 1179000, 6.0], [20, 1241000, 6.0], [21, 1303000, 6.0], [22, 1365000, 6.0], [23, 1427000, 7.0], [24, 1489000, 7.0], [25, 1551000, 7.0], [26, 1613000, 7.0], [27, 1675000, 7.0], [28, 1737000, 7.0], [29, 1799000, 7.0], [30, 1861000, 7.0], [31, 1923000, 7.0], [32, 1985000, 7.0], [33, 2047000, 7.0]]
[[0, 1000, 1], [1, 63000, 3.0], [2, 125000, 4.0], [3, 187000, 4.0], [4, 249000, 4.0], [5, 311000, 4.0], [6, 373000, 4.0], [7, 435000, 4.0], [8, 497000, 5.0], [9, 559000, 5.0], [10, 621000, 5.0], [11, 683000, 5.0], [12, 745000, 5.0], [13, 807000, 5.0], [14, 869000, 5.0], [15, 931000, 6.0], [16, 993000, 7], [17, 1055000, 7], [18, 1117000, 7], [19, 1179000, 7], [20, 1241000, 7], [21, 1303000, 7], [22, 1365000, 7], [23, 1427000, 7], [24, 1489000, 7], [25, 1551000, 7], [26, 1613000, 7], [27, 1675000, 8]]
[[0, 1000, 2], [1, 63000, 3.0], [2, 125000, 4.0], [3, 187000, 4.0], [4, 249000, 4.0], [5, 311000, 4.0], [6, 373000, 4.0], [7, 435000, 5.0], [8, 497000, 5.0], [9, 559000, 5.0], [10, 621000, 5.0], [11, 683000, 5.0], [12, 745000, 5.0], [13, 807000, 5.0], [14, 869000, 5.0], [15, 931000, 5.0], [16, 993000, 6.0], [17, 1055000, 6.0], [18, 1117000, 6.0], [19, 1179000, 6.0], [20, 1241000, 6.0], [21, 1303000, 6.0], [22, 1365000, 6.0], [23, 1427000, 6.0], [24, 1489000, 6.0], [25, 1551000, 6.0], [26, 1613000, 6.0], [27, 1675000, 6.0], [28, 1737000, 6.0], [29, 1799000, 6.0], [30, 1861000, 6.0], [31, 1923000, 6.0], [32, 1985000, 6.0], [33, 2047000, 6.0]]
